Linux 7.0.0-31-generic (ubuntu) 	09/09/26 	_aarch64_	(4 CPU)

20:59:40     CPU    %usr   %nice    %sys %iowait    %irq   %soft  %steal  %guest  %gnice   %idle
20:59:41     all   34.87    0.00   54.10    0.00    0.00    6.15    0.00    0.00    0.00    4.87
20:59:41       0   25.77    0.00   61.86    0.00    0.00    9.28    0.00    0.00    0.00    3.09
20:59:41       1   24.49    0.00   62.24    0.00    0.00   10.20    0.00    0.00    0.00    3.06
20:59:41       2   34.02    0.00   52.58    0.00    0.00    3.09    0.00    0.00    0.00   10.31
20:59:41       3   55.10    0.00   39.80    0.00    0.00    2.04    0.00    0.00    0.00    3.06

20:59:41     CPU    %usr   %nice    %sys %iowait    %irq   %soft  %steal  %guest  %gnice   %idle
20:59:42     all   24.35    0.26   58.81    0.26    0.00   10.36    0.00    0.00    0.00    5.96
20:59:42       0   12.24    0.00   68.37    0.00    0.00   16.33    0.00    0.00    0.00    3.06
20:59:42       1   12.37    1.03   64.95    0.00    0.00   18.56    0.00    0.00    0.00    3.09
20:59:42       2   31.25    0.00   57.29    1.04    0.00    3.12    0.00    0.00    0.00    7.29
20:59:42       3   42.11    0.00   44.21    0.00    0.00    3.16    0.00    0.00    0.00   10.53

20:59:42     CPU    %usr   %nice    %sys %iowait    %irq   %soft  %steal  %guest  %gnice   %idle
20:59:43     all   23.08    0.00   62.31    0.00    0.00    8.97    0.00    0.00    0.00    5.64
20:59:43       0   11.22    0.00   69.39    0.00    0.00   15.31    0.00    0.00    0.00    4.08
20:59:43       1   13.27    0.00   67.35    0.00    0.00   14.29    0.00    0.00    0.00    5.10
20:59:43       2   27.84    0.00   60.82    0.00    0.00    3.09    0.00    0.00    0.00    8.25
20:59:43       3   40.21    0.00   51.55    0.00    0.00    3.09    0.00    0.00    0.00    5.15

20:59:43     CPU    %usr   %nice    %sys %iowait    %irq   %soft  %steal  %guest  %gnice   %idle
20:59:44     all   26.48    0.00   60.93    0.00    0.00    8.23    0.00    0.00    0.00    4.37
20:59:44       0   28.28    0.00   54.55    0.00    0.00   14.14    0.00    0.00    0.00    3.03
20:59:44       1   15.46    0.00   68.04    0.00    0.00   13.40    0.00    0.00    0.00    3.09
20:59:44       2   30.93    0.00   58.76    0.00    0.00    3.09    0.00    0.00    0.00    7.22
20:59:44       3   31.25    0.00   62.50    0.00    0.00    2.08    0.00    0.00    0.00    4.17

20:59:44     CPU    %usr   %nice    %sys %iowait    %irq   %soft  %steal  %guest  %gnice   %idle
20:59:45     all   26.04    0.00   59.11    0.26    0.00    7.29    0.00    0.00    0.00    7.29
20:59:45       0   11.58    0.00   70.53    0.00    0.00   12.63    0.00    0.00    0.00    5.26
20:59:45       1   15.96    0.00   68.09    0.00    0.00   11.70    0.00    0.00    0.00    4.26
20:59:45       2   49.49    0.00   42.42    1.01    0.00    3.03    0.00    0.00    0.00    4.04
20:59:45       3   26.04    0.00   56.25    0.00    0.00    2.08    0.00    0.00    0.00   15.62

20:59:45     CPU    %usr   %nice    %sys %iowait    %irq   %soft  %steal  %guest  %gnice   %idle
20:59:46     all   27.11    0.00   57.54    0.00    0.00    8.95    0.00    0.00    0.00    6.39
20:59:46       0   18.18    0.00   62.63    0.00    0.00   15.15    0.00    0.00    0.00    4.04
20:59:46       1   15.46    0.00   65.98    0.00    0.00   14.43    0.00    0.00    0.00    4.12
20:59:46       2   39.18    0.00   50.52    0.00    0.00    3.09    0.00    0.00    0.00    7.22
20:59:46       3   35.71    0.00   51.02    0.00    0.00    3.06    0.00    0.00    0.00   10.20

20:59:46     CPU    %usr   %nice    %sys %iowait    %irq   %soft  %steal  %guest  %gnice   %idle
20:59:47     all   28.53    0.00   55.53    0.00    0.00    9.51    0.00    0.00    0.00    6.43
20:59:47       0   17.17    0.00   61.62    0.00    0.00   16.16    0.00    0.00    0.00    5.05
20:59:47       1   17.35    0.00   62.24    0.00    0.00   15.31    0.00    0.00    0.00    5.10
20:59:47       2   32.99    0.00   52.58    0.00    0.00    4.12    0.00    0.00    0.00   10.31
20:59:47       3   47.37    0.00   45.26    0.00    0.00    2.11    0.00    0.00    0.00    5.26

20:59:47     CPU    %usr   %nice    %sys %iowait    %irq   %soft  %steal  %guest  %gnice   %idle
20:59:48     all   25.19    0.00   59.03    0.00    0.00    9.67    0.00    0.00    0.00    6.11
20:59:48       0   15.46    0.00   67.01    0.00    0.00   14.43    0.00    0.00    0.00    3.09
20:59:48       1   16.33    0.00   64.29    0.00    0.00   16.33    0.00    0.00    0.00    3.06
20:59:48       2   33.67    0.00   53.06    0.00    0.00    4.08    0.00    0.00    0.00    9.18
20:59:48       3   35.00    0.00   52.00    0.00    0.00    4.00    0.00    0.00    0.00    9.00

20:59:48     CPU    %usr   %nice    %sys %iowait    %irq   %soft  %steal  %guest  %gnice   %idle
20:59:49     all   24.16    0.00   59.38    0.00    0.00   10.03    0.00    0.00    0.00    6.43
20:59:49       0   14.29    0.00   65.31    0.00    0.00   16.33    0.00    0.00    0.00    4.08
20:59:49       1   13.27    0.00   65.31    0.00    0.00   17.35    0.00    0.00    0.00    4.08
20:59:49       2   37.11    0.00   51.55    0.00    0.00    3.09    0.00    0.00    0.00    8.25
20:59:49       3   32.29    0.00   55.21    0.00    0.00    3.12    0.00    0.00    0.00    9.38

20:59:49     CPU    %usr   %nice    %sys %iowait    %irq   %soft  %steal  %guest  %gnice   %idle
20:59:50     all   26.55    0.00   57.99    0.00    0.00    9.02    0.00    0.00    0.00    6.44
20:59:50       0   17.17    0.00   62.63    0.00    0.00   15.15    0.00    0.00    0.00    5.05
20:59:50       1   13.40    0.00   68.04    0.00    0.00   14.43    0.00    0.00    0.00    4.12
20:59:50       2   45.83    0.00   44.79    0.00    0.00    3.12    0.00    0.00    0.00    6.25
20:59:50       3   30.21    0.00   56.25    0.00    0.00    3.12    0.00    0.00    0.00   10.42

20:59:50     CPU    %usr   %nice    %sys %iowait    %irq   %soft  %steal  %guest  %gnice   %idle
20:59:51     all   48.60    0.00   42.24    0.00    0.00    6.62    0.00    0.00    0.00    2.54
20:59:51       0   43.43    0.00   43.43    0.00    0.00   11.11    0.00    0.00    0.00    2.02
20:59:51       1   37.37    0.00   50.51    0.00    0.00   11.11    0.00    0.00    0.00    1.01
20:59:51       2   60.20    0.00   34.69    0.00    0.00    2.04    0.00    0.00    0.00    3.06
20:59:51       3   53.61    0.00   40.21    0.00    0.00    2.06    0.00    0.00    0.00    4.12

20:59:51     CPU    %usr   %nice    %sys %iowait    %irq   %soft  %steal  %guest  %gnice   %idle
20:59:52     all   40.15    0.00   48.74    0.00    0.00    7.32    0.00    0.00    0.00    3.79
20:59:52       0   30.61    0.00   54.08    0.00    0.00   12.24    0.00    0.00    0.00    3.06
20:59:52       1   28.57    0.00   56.12    0.00    0.00   12.24    0.00    0.00    0.00    3.06
20:59:52       2   51.00    0.00   43.00    0.00    0.00    2.00    0.00    0.00    0.00    4.00
20:59:52       3   50.00    0.00   42.00    0.00    0.00    3.00    0.00    0.00    0.00    5.00

20:59:52     CPU    %usr   %nice    %sys %iowait    %irq   %soft  %steal  %guest  %gnice   %idle
20:59:53     all   29.92    0.00   56.01    0.00    0.00    8.18    0.00    0.00    0.00    5.88
20:59:53       0   28.28    0.00   57.58    0.00    0.00   11.11    0.00    0.00    0.00    3.03
20:59:53       1   16.33    0.00   63.27    0.00    0.00   15.31    0.00    0.00    0.00    5.10
20:59:53       2   32.99    0.00   53.61    0.00    0.00    4.12    0.00    0.00    0.00    9.28
20:59:53       3   42.27    0.00   49.48    0.00    0.00    2.06    0.00    0.00    0.00    6.19

20:59:53     CPU    %usr   %nice    %sys %iowait    %irq   %soft  %steal  %guest  %gnice   %idle
20:59:54     all   24.74    0.00   59.44    0.00    0.00    9.69    0.00    0.00    0.00    6.12
20:59:54       0   11.34    0.00   65.98    0.00    0.00   17.53    0.00    0.00    0.00    5.15
20:59:54       1   15.15    0.00   65.66    0.00    0.00   15.15    0.00    0.00    0.00    4.04
20:59:54       2   33.67    0.00   55.10    0.00    0.00    3.06    0.00    0.00    0.00    8.16
20:59:54       3   38.78    0.00   51.02    0.00    0.00    3.06    0.00    0.00    0.00    7.14

20:59:54     CPU    %usr   %nice    %sys %iowait    %irq   %soft  %steal  %guest  %gnice   %idle
20:59:55     all   23.91    0.00   60.41    0.00    0.00   10.28    0.00    0.00    0.00    5.40
20:59:55       0   16.33    0.00   65.31    0.00    0.00   15.31    0.00    0.00    0.00    3.06
20:59:55       1    9.47    0.00   68.42    0.00    0.00   18.95    0.00    0.00    0.00    3.16
20:59:55       2   41.84    0.00   48.98    0.00    0.00    3.06    0.00    0.00    0.00    6.12
20:59:55       3   27.55    0.00   59.18    0.00    0.00    4.08    0.00    0.00    0.00    9.18

20:59:55     CPU    %usr   %nice    %sys %iowait    %irq   %soft  %steal  %guest  %gnice   %idle
20:59:56     all   23.08    0.00   60.51    0.00    0.00   10.00    0.00    0.00    0.00    6.41
20:59:56       0   13.13    0.00   66.67    0.00    0.00   15.15    0.00    0.00    0.00    5.05
20:59:56       1   11.22    0.00   65.31    0.00    0.00   18.37    0.00    0.00    0.00    5.10
20:59:56       2   34.02    0.00   54.64    0.00    0.00    3.09    0.00    0.00    0.00    8.25
20:59:56       3   34.38    0.00   55.21    0.00    0.00    3.12    0.00    0.00    0.00    7.29

20:59:56     CPU    %usr   %nice    %sys %iowait    %irq   %soft  %steal  %guest  %gnice   %idle
20:59:57     all   28.13    0.00   57.29    0.00    0.00    9.21    0.00    0.00    0.00    5.37
20:59:57       0   14.43    0.00   65.98    0.00    0.00   15.46    0.00    0.00    0.00    4.12
20:59:57       1   18.18    0.00   61.62    0.00    0.00   16.16    0.00    0.00    0.00    4.04
20:59:57       2   43.88    0.00   47.96    0.00    0.00    2.04    0.00    0.00    0.00    6.12
20:59:57       3   36.08    0.00   53.61    0.00    0.00    3.09    0.00    0.00    0.00    7.22

20:59:57     CPU    %usr   %nice    %sys %iowait    %irq   %soft  %steal  %guest  %gnice   %idle
20:59:58     all   22.84    0.00   61.93    0.00    0.00    9.64    0.00    0.00    0.00    5.58
20:59:58       0   14.14    0.00   64.65    0.00    0.00   17.17    0.00    0.00    0.00    4.04
20:59:58       1   12.24    0.00   69.39    0.00    0.00   14.29    0.00    0.00    0.00    4.08
20:59:58       2   29.90    0.00   58.76    0.00    0.00    3.09    0.00    0.00    0.00    8.25
20:59:58       3   35.00    0.00   55.00    0.00    0.00    4.00    0.00    0.00    0.00    6.00
