Linux 7.0.0-31-generic (ubuntu) 	09/09/26 	_aarch64_	(4 CPU)

21:00:01     CPU    %usr   %nice    %sys %iowait    %irq   %soft  %steal  %guest  %gnice   %idle
21:00:02     all   35.32    0.00   51.99    0.00    0.00    7.46    0.00    0.00    0.00    5.22
21:00:02       0   26.73    0.00   57.43    0.00    0.00   11.88    0.00    0.00    0.00    3.96
21:00:02       1   27.72    0.00   55.45    0.00    0.00   11.88    0.00    0.00    0.00    4.95
21:00:02       2   48.00    0.00   45.00    0.00    0.00    2.00    0.00    0.00    0.00    5.00
21:00:02       3   39.00    0.00   50.00    0.00    0.00    4.00    0.00    0.00    0.00    7.00

21:00:02     CPU    %usr   %nice    %sys %iowait    %irq   %soft  %steal  %guest  %gnice   %idle
21:00:03     all   28.61    0.00   57.97    0.51    0.00    7.85    0.00    0.00    0.00    5.06
21:00:03       0   12.12    0.00   69.70    0.00    0.00   13.13    0.00    0.00    0.00    5.05
21:00:03       1   26.26    0.00   56.57    1.01    0.00   13.13    0.00    0.00    0.00    3.03
21:00:03       2   39.39    0.00   51.52    1.01    0.00    2.02    0.00    0.00    0.00    6.06
21:00:03       3   36.73    0.00   54.08    0.00    0.00    3.06    0.00    0.00    0.00    6.12

21:00:03     CPU    %usr   %nice    %sys %iowait    %irq   %soft  %steal  %guest  %gnice   %idle
21:00:04     all   27.01    0.00   57.92    0.00    0.00    8.83    0.00    0.00    0.00    6.23
21:00:04       0   17.17    0.00   61.62    0.00    0.00   16.16    0.00    0.00    0.00    5.05
21:00:04       1   19.79    0.00   61.46    0.00    0.00   13.54    0.00    0.00    0.00    5.21
21:00:04       2   36.46    0.00   54.17    0.00    0.00    2.08    0.00    0.00    0.00    7.29
21:00:04       3   35.11    0.00   54.26    0.00    0.00    3.19    0.00    0.00    0.00    7.45

21:00:04     CPU    %usr   %nice    %sys %iowait    %irq   %soft  %steal  %guest  %gnice   %idle
21:00:05     all   21.77    0.00   63.04    0.00    0.00    9.11    0.00    0.00    0.00    6.08
21:00:05       0   11.34    0.00   67.01    0.00    0.00   16.49    0.00    0.00    0.00    5.15
21:00:05       1   13.13    0.00   67.68    0.00    0.00   14.14    0.00    0.00    0.00    5.05
21:00:05       2   31.00    0.00   59.00    0.00    0.00    3.00    0.00    0.00    0.00    7.00
21:00:05       3   31.31    0.00   58.59    0.00    0.00    3.03    0.00    0.00    0.00    7.07

21:00:05     CPU    %usr   %nice    %sys %iowait    %irq   %soft  %steal  %guest  %gnice   %idle
21:00:06     all   23.20    0.00   61.60    0.00    0.00   10.05    0.00    0.00    0.00    5.15
21:00:06       0   11.34    0.00   68.04    0.00    0.00   16.49    0.00    0.00    0.00    4.12
21:00:06       1   12.37    0.00   68.04    0.00    0.00   15.46    0.00    0.00    0.00    4.12
21:00:06       2   36.73    0.00   54.08    0.00    0.00    4.08    0.00    0.00    0.00    5.10
21:00:06       3   32.29    0.00   56.25    0.00    0.00    4.17    0.00    0.00    0.00    7.29

21:00:06     CPU    %usr   %nice    %sys %iowait    %irq   %soft  %steal  %guest  %gnice   %idle
21:00:07     all   26.97    0.00   58.52    0.00    0.00    8.40    0.00    0.00    0.00    6.11
21:00:07       0   23.23    0.00   60.61    0.00    0.00   12.12    0.00    0.00    0.00    4.04
21:00:07       1   21.43    0.00   60.20    0.00    0.00   14.29    0.00    0.00    0.00    4.08
21:00:07       2   29.59    0.00   57.14    0.00    0.00    4.08    0.00    0.00    0.00    9.18
21:00:07       3   33.67    0.00   56.12    0.00    0.00    3.06    0.00    0.00    0.00    7.14

21:00:07     CPU    %usr   %nice    %sys %iowait    %irq   %soft  %steal  %guest  %gnice   %idle
21:00:08     all   25.26    0.00   61.22    1.02    0.00    7.40    0.00    0.00    0.00    5.10
21:00:08       0   19.39    0.00   62.24    3.06    0.00   12.24    0.00    0.00    0.00    3.06
21:00:08       1   11.22    0.00   71.43    0.00    0.00   12.24    0.00    0.00    0.00    5.10
21:00:08       2   34.02    0.00   57.73    0.00    0.00    2.06    0.00    0.00    0.00    6.19
21:00:08       3   36.36    0.00   53.54    1.01    0.00    3.03    0.00    0.00    0.00    6.06

21:00:08     CPU    %usr   %nice    %sys %iowait    %irq   %soft  %steal  %guest  %gnice   %idle
21:00:09     all   37.15    0.00   51.91    0.51    0.00    6.62    0.00    0.00    0.00    3.82
21:00:09       0   26.26    0.00   60.61    0.00    0.00    9.09    0.00    0.00    0.00    4.04
21:00:09       1   42.00    0.00   42.00    1.00    0.00   13.00    0.00    0.00    0.00    2.00
21:00:09       2   50.51    0.00   41.41    0.00    0.00    3.03    0.00    0.00    0.00    5.05
21:00:09       3   29.47    0.00   64.21    1.05    0.00    1.05    0.00    0.00    0.00    4.21

21:00:09     CPU    %usr   %nice    %sys %iowait    %irq   %soft  %steal  %guest  %gnice   %idle
21:00:10     all   43.51    0.51   45.55    0.00    0.00    7.12    0.00    0.00    0.00    3.31
21:00:10       0   35.35    1.01   49.49    0.00    0.00   12.12    0.00    0.00    0.00    2.02
21:00:10       1   35.71    1.02   50.00    0.00    0.00   11.22    0.00    0.00    0.00    2.04
21:00:10       2   49.48    0.00   44.33    0.00    0.00    2.06    0.00    0.00    0.00    4.12
21:00:10       3   53.54    0.00   38.38    0.00    0.00    3.03    0.00    0.00    0.00    5.05

21:00:10     CPU    %usr   %nice    %sys %iowait    %irq   %soft  %steal  %guest  %gnice   %idle
21:00:11     all   53.38    0.00   39.60    0.00    0.00    5.01    0.00    0.00    0.00    2.01
21:00:11       0   47.47    0.00   43.43    0.00    0.00    7.07    0.00    0.00    0.00    2.02
21:00:11       1   51.00    0.00   38.00    0.00    0.00    9.00    0.00    0.00    0.00    2.00
21:00:11       2   58.00    0.00   38.00    0.00    0.00    2.00    0.00    0.00    0.00    2.00
21:00:11       3   57.00    0.00   39.00    0.00    0.00    2.00    0.00    0.00    0.00    2.00

21:00:11     CPU    %usr   %nice    %sys %iowait    %irq   %soft  %steal  %guest  %gnice   %idle
21:00:12     all   29.08    0.00   55.87    0.00    0.00    9.69    0.00    0.00    0.00    5.36
21:00:12       0   21.21    0.00   57.58    0.00    0.00   16.16    0.00    0.00    0.00    5.05
21:00:12       1   20.62    0.00   59.79    0.00    0.00   15.46    0.00    0.00    0.00    4.12
21:00:12       2   35.35    0.00   54.55    0.00    0.00    4.04    0.00    0.00    0.00    6.06
21:00:12       3   39.18    0.00   51.55    0.00    0.00    3.09    0.00    0.00    0.00    6.19

21:00:12     CPU    %usr   %nice    %sys %iowait    %irq   %soft  %steal  %guest  %gnice   %idle
21:00:13     all   20.92    0.00   64.54    0.00    0.00    8.67    0.00    0.00    0.00    5.87
21:00:13       0   11.34    0.00   71.13    0.00    0.00   13.40    0.00    0.00    0.00    4.12
21:00:13       1    7.07    0.00   71.72    0.00    0.00   15.15    0.00    0.00    0.00    6.06
21:00:13       2   35.05    0.00   55.67    0.00    0.00    3.09    0.00    0.00    0.00    6.19
21:00:13       3   30.30    0.00   59.60    0.00    0.00    3.03    0.00    0.00    0.00    7.07

21:00:13     CPU    %usr   %nice    %sys %iowait    %irq   %soft  %steal  %guest  %gnice   %idle
21:00:14     all   22.68    0.00   61.60    0.00    0.00    9.54    0.00    0.00    0.00    6.19
21:00:14       0   13.13    0.00   68.69    0.00    0.00   13.13    0.00    0.00    0.00    5.05
21:00:14       1   11.46    0.00   66.67    0.00    0.00   17.71    0.00    0.00    0.00    4.17
21:00:14       2   29.90    0.00   57.73    0.00    0.00    4.12    0.00    0.00    0.00    8.25
21:00:14       3   36.46    0.00   53.12    0.00    0.00    3.12    0.00    0.00    0.00    7.29

21:00:14     CPU    %usr   %nice    %sys %iowait    %irq   %soft  %steal  %guest  %gnice   %idle
21:00:15     all   19.18    0.26   62.66    0.00    0.00   10.74    0.00    0.00    0.00    7.16
21:00:15       0    8.25    0.00   70.10    0.00    0.00   16.49    0.00    0.00    0.00    5.15
21:00:15       1   10.10    0.00   66.67    0.00    0.00   18.18    0.00    0.00    0.00    5.05
21:00:15       2   29.59    0.00   57.14    0.00    0.00    4.08    0.00    0.00    0.00    9.18
21:00:15       3   28.87    1.03   56.70    0.00    0.00    4.12    0.00    0.00    0.00    9.28

21:00:15     CPU    %usr   %nice    %sys %iowait    %irq   %soft  %steal  %guest  %gnice   %idle
21:00:16     all   19.64    0.00   64.29    0.00    0.00    9.95    0.00    0.00    0.00    6.12
21:00:16       0    7.07    0.00   71.72    0.00    0.00   16.16    0.00    0.00    0.00    5.05
21:00:16       1   11.22    0.00   68.37    0.00    0.00   15.31    0.00    0.00    0.00    5.10
21:00:16       2   28.57    0.00   60.20    0.00    0.00    5.10    0.00    0.00    0.00    6.12
21:00:16       3   31.96    0.00   56.70    0.00    0.00    3.09    0.00    0.00    0.00    8.25

21:00:16     CPU    %usr   %nice    %sys %iowait    %irq   %soft  %steal  %guest  %gnice   %idle
21:00:17     all   22.65    0.00   62.34    0.00    0.00    8.91    0.00    0.00    0.00    6.11
21:00:17       0   13.27    0.00   68.37    0.00    0.00   13.27    0.00    0.00    0.00    5.10
21:00:17       1   12.24    0.00   67.35    0.00    0.00   16.33    0.00    0.00    0.00    4.08
21:00:17       2   35.35    0.00   55.56    0.00    0.00    2.02    0.00    0.00    0.00    7.07
21:00:17       3   29.59    0.00   58.16    0.00    0.00    4.08    0.00    0.00    0.00    8.16

21:00:17     CPU    %usr   %nice    %sys %iowait    %irq   %soft  %steal  %guest  %gnice   %idle
21:00:18     all   33.76    0.00   53.45    0.00    0.00    8.18    0.00    0.00    0.00    4.60
21:00:18       0   24.49    0.00   58.16    0.00    0.00   13.27    0.00    0.00    0.00    4.08
21:00:18       1   28.00    0.00   55.00    0.00    0.00   14.00    0.00    0.00    0.00    3.00
21:00:18       2   40.62    0.00   51.04    0.00    0.00    2.08    0.00    0.00    0.00    6.25
21:00:18       3   42.27    0.00   49.48    0.00    0.00    3.09    0.00    0.00    0.00    5.15

21:00:18     CPU    %usr   %nice    %sys %iowait    %irq   %soft  %steal  %guest  %gnice   %idle
21:00:19     all   35.29    0.26   51.41    0.00    0.00    7.67    0.00    0.00    0.00    5.37
21:00:19       0   30.93    0.00   53.61    0.00    0.00   10.31    0.00    0.00    0.00    5.15
21:00:19       1   23.96    0.00   58.33    0.00    0.00   12.50    0.00    0.00    0.00    5.21
21:00:19       2   45.45    1.01   44.44    0.00    0.00    4.04    0.00    0.00    0.00    5.05
21:00:19       3   40.40    0.00   49.49    0.00    0.00    4.04    0.00    0.00    0.00    6.06
