Linux 7.0.0-31-generic (ubuntu) 	09/09/26 	_aarch64_	(4 CPU)

21:00:21     CPU    %usr   %nice    %sys %iowait    %irq   %soft  %steal  %guest  %gnice   %idle
21:00:22     all   52.28    0.00   40.86    0.00    0.00    5.33    0.00    0.00    0.00    1.52
21:00:22       0   47.47    0.00   43.43    0.00    0.00    9.09    0.00    0.00    0.00    0.00
21:00:22       1   48.45    0.00   42.27    0.00    0.00    6.19    0.00    0.00    0.00    3.09
21:00:22       2   59.18    0.00   36.73    0.00    0.00    3.06    0.00    0.00    0.00    1.02
21:00:22       3   54.00    0.00   41.00    0.00    0.00    3.00    0.00    0.00    0.00    2.00

21:00:22     CPU    %usr   %nice    %sys %iowait    %irq   %soft  %steal  %guest  %gnice   %idle
21:00:23     all   55.92    0.00   36.78    0.00    0.00    5.54    0.00    0.00    0.00    1.76
21:00:23       0   47.00    0.00   42.00    0.00    0.00    9.00    0.00    0.00    0.00    2.00
21:00:23       1   48.98    0.00   39.80    0.00    0.00    9.18    0.00    0.00    0.00    2.04
21:00:23       2   63.00    0.00   32.00    0.00    0.00    3.00    0.00    0.00    0.00    2.00
21:00:23       3   64.65    0.00   33.33    0.00    0.00    1.01    0.00    0.00    0.00    1.01

21:00:23     CPU    %usr   %nice    %sys %iowait    %irq   %soft  %steal  %guest  %gnice   %idle
21:00:24     all   54.29    0.00   38.13    0.00    0.00    6.31    0.00    0.00    0.00    1.26
21:00:24       0   43.43    0.00   42.42    0.00    0.00   13.13    0.00    0.00    0.00    1.01
21:00:24       1   44.44    0.00   45.45    0.00    0.00    9.09    0.00    0.00    0.00    1.01
21:00:24       2   67.68    0.00   29.29    0.00    0.00    1.01    0.00    0.00    0.00    2.02
21:00:24       3   61.62    0.00   35.35    0.00    0.00    2.02    0.00    0.00    0.00    1.01

21:00:24     CPU    %usr   %nice    %sys %iowait    %irq   %soft  %steal  %guest  %gnice   %idle
21:00:25     all   38.58    0.00   50.25    0.00    0.00    7.61    0.00    0.00    0.00    3.55
21:00:25       0   26.53    0.00   59.18    0.00    0.00   11.22    0.00    0.00    0.00    3.06
21:00:25       1   25.51    0.00   57.14    0.00    0.00   12.24    0.00    0.00    0.00    5.10
21:00:25       2   49.49    0.00   43.43    0.00    0.00    4.04    0.00    0.00    0.00    3.03
21:00:25       3   52.53    0.00   41.41    0.00    0.00    3.03    0.00    0.00    0.00    3.03

21:00:25     CPU    %usr   %nice    %sys %iowait    %irq   %soft  %steal  %guest  %gnice   %idle
21:00:26     all   27.69    0.00   57.95    0.00    0.00    8.97    0.00    0.00    0.00    5.38
21:00:26       0   14.43    0.00   67.01    0.00    0.00   14.43    0.00    0.00    0.00    4.12
21:00:26       1   19.39    0.00   60.20    0.00    0.00   15.31    0.00    0.00    0.00    5.10
21:00:26       2   43.30    0.00   48.45    0.00    0.00    3.09    0.00    0.00    0.00    5.15
21:00:26       3   33.67    0.00   56.12    0.00    0.00    3.06    0.00    0.00    0.00    7.14

21:00:26     CPU    %usr   %nice    %sys %iowait    %irq   %soft  %steal  %guest  %gnice   %idle
21:00:27     all   30.51    0.00   56.41    0.00    0.00    8.21    0.00    0.00    0.00    4.87
21:00:27       0   22.22    0.00   59.60    0.00    0.00   14.14    0.00    0.00    0.00    4.04
21:00:27       1   22.92    0.00   60.42    0.00    0.00   13.54    0.00    0.00    0.00    3.12
21:00:27       2   42.42    0.00   49.49    0.00    0.00    3.03    0.00    0.00    0.00    5.05
21:00:27       3   34.38    0.00   56.25    0.00    0.00    2.08    0.00    0.00    0.00    7.29

21:00:27     CPU    %usr   %nice    %sys %iowait    %irq   %soft  %steal  %guest  %gnice   %idle
21:00:28     all   33.92    0.00   53.42    0.00    0.00    7.85    0.00    0.00    0.00    4.81
21:00:28       0   27.84    0.00   55.67    0.00    0.00   12.37    0.00    0.00    0.00    4.12
21:00:28       1   20.41    0.00   62.24    0.00    0.00   13.27    0.00    0.00    0.00    4.08
21:00:28       2   47.00    0.00   46.00    0.00    0.00    3.00    0.00    0.00    0.00    4.00
21:00:28       3   40.00    0.00   50.00    0.00    0.00    3.00    0.00    0.00    0.00    7.00

21:00:28     CPU    %usr   %nice    %sys %iowait    %irq   %soft  %steal  %guest  %gnice   %idle
21:00:29     all   25.06    0.00   60.61    0.00    0.00    8.95    0.00    0.00    0.00    5.37
21:00:29       0   17.35    0.00   63.27    0.00    0.00   15.31    0.00    0.00    0.00    4.08
21:00:29       1   13.00    0.00   68.00    0.00    0.00   14.00    0.00    0.00    0.00    5.00
21:00:29       2   35.05    0.00   55.67    0.00    0.00    3.09    0.00    0.00    0.00    6.19
21:00:29       3   35.42    0.00   55.21    0.00    0.00    3.12    0.00    0.00    0.00    6.25

21:00:29     CPU    %usr   %nice    %sys %iowait    %irq   %soft  %steal  %guest  %gnice   %idle
21:00:30     all   24.87    0.51   58.63    0.00    0.00    9.64    0.00    0.00    0.00    6.35
21:00:30       0   13.27    1.02   64.29    0.00    0.00   16.33    0.00    0.00    0.00    5.10
21:00:30       1   15.31    0.00   64.29    0.00    0.00   15.31    0.00    0.00    0.00    5.10
21:00:30       2   36.36    0.00   53.54    0.00    0.00    3.03    0.00    0.00    0.00    7.07
21:00:30       3   34.34    1.01   52.53    0.00    0.00    4.04    0.00    0.00    0.00    8.08

21:00:30     CPU    %usr   %nice    %sys %iowait    %irq   %soft  %steal  %guest  %gnice   %idle
21:00:31     all   27.55    0.00   57.40    0.00    0.00    9.44    0.00    0.00    0.00    5.61
21:00:31       0   17.35    0.00   64.29    0.00    0.00   14.29    0.00    0.00    0.00    4.08
21:00:31       1   17.17    0.00   62.63    0.00    0.00   17.17    0.00    0.00    0.00    3.03
21:00:31       2   33.33    0.00   55.21    0.00    0.00    3.12    0.00    0.00    0.00    8.33
21:00:31       3   42.42    0.00   47.47    0.00    0.00    3.03    0.00    0.00    0.00    7.07

21:00:31     CPU    %usr   %nice    %sys %iowait    %irq   %soft  %steal  %guest  %gnice   %idle
21:00:32     all   26.67    0.77   58.72    0.00    0.00    8.21    0.00    0.00    0.00    5.64
21:00:32       0   14.43    0.00   65.98    0.00    0.00   14.43    0.00    0.00    0.00    5.15
21:00:32       1   15.46    3.09   63.92    0.00    0.00   12.37    0.00    0.00    0.00    5.15
21:00:32       2   34.34    0.00   54.55    0.00    0.00    4.04    0.00    0.00    0.00    7.07
21:00:32       3   42.27    0.00   50.52    0.00    0.00    2.06    0.00    0.00    0.00    5.15

21:00:32     CPU    %usr   %nice    %sys %iowait    %irq   %soft  %steal  %guest  %gnice   %idle
21:00:33     all   26.28    0.00   58.93    0.00    0.00    9.18    0.00    0.00    0.00    5.61
21:00:33       0   12.12    0.00   66.67    0.00    0.00   15.15    0.00    0.00    0.00    6.06
21:00:33       1   20.20    0.00   61.62    0.00    0.00   14.14    0.00    0.00    0.00    4.04
21:00:33       2   42.86    0.00   48.98    0.00    0.00    3.06    0.00    0.00    0.00    5.10
21:00:33       3   30.21    0.00   58.33    0.00    0.00    4.17    0.00    0.00    0.00    7.29

21:00:33     CPU    %usr   %nice    %sys %iowait    %irq   %soft  %steal  %guest  %gnice   %idle
21:00:34     all   25.38    0.00   58.46    0.00    0.00   10.26    0.00    0.00    0.00    5.90
21:00:34       0   13.40    0.00   65.98    0.00    0.00   16.49    0.00    0.00    0.00    4.12
21:00:34       1   14.29    0.00   65.31    0.00    0.00   16.33    0.00    0.00    0.00    4.08
21:00:34       2   39.80    0.00   48.98    0.00    0.00    4.08    0.00    0.00    0.00    7.14
21:00:34       3   34.02    0.00   53.61    0.00    0.00    4.12    0.00    0.00    0.00    8.25

21:00:34     CPU    %usr   %nice    %sys %iowait    %irq   %soft  %steal  %guest  %gnice   %idle
21:00:35     all   24.74    0.00   59.95    0.00    0.00    9.44    0.00    0.00    0.00    5.87
21:00:35       0   15.31    0.00   66.33    0.00    0.00   14.29    0.00    0.00    0.00    4.08
21:00:35       1   14.29    0.00   66.33    0.00    0.00   15.31    0.00    0.00    0.00    4.08
21:00:35       2   39.80    0.00   48.98    0.00    0.00    4.08    0.00    0.00    0.00    7.14
21:00:35       3   29.59    0.00   58.16    0.00    0.00    4.08    0.00    0.00    0.00    8.16

21:00:35     CPU    %usr   %nice    %sys %iowait    %irq   %soft  %steal  %guest  %gnice   %idle
21:00:36     all   27.76    0.00   57.58    0.00    0.00    8.74    0.00    0.00    0.00    5.91
21:00:36       0   14.14    0.00   64.65    0.00    0.00   16.16    0.00    0.00    0.00    5.05
21:00:36       1   17.53    0.00   64.95    0.00    0.00   13.40    0.00    0.00    0.00    4.12
21:00:36       2   39.58    0.00   50.00    0.00    0.00    3.12    0.00    0.00    0.00    7.29
21:00:36       3   40.21    0.00   50.52    0.00    0.00    2.06    0.00    0.00    0.00    7.22

21:00:36     CPU    %usr   %nice    %sys %iowait    %irq   %soft  %steal  %guest  %gnice   %idle
21:00:37     all   26.22    0.00   58.87    0.00    0.00    9.51    0.00    0.00    0.00    5.40
21:00:37       0   13.40    0.00   65.98    0.00    0.00   16.49    0.00    0.00    0.00    4.12
21:00:37       1   17.35    0.00   64.29    0.00    0.00   14.29    0.00    0.00    0.00    4.08
21:00:37       2   37.11    0.00   51.55    0.00    0.00    4.12    0.00    0.00    0.00    7.22
21:00:37       3   37.11    0.00   53.61    0.00    0.00    3.09    0.00    0.00    0.00    6.19

21:00:37     CPU    %usr   %nice    %sys %iowait    %irq   %soft  %steal  %guest  %gnice   %idle
21:00:38     all   25.77    0.00   58.93    0.00    0.00    9.18    0.00    0.00    0.00    6.12
21:00:38       0   15.15    0.00   63.64    0.00    0.00   17.17    0.00    0.00    0.00    4.04
21:00:38       1   13.27    0.00   69.39    0.00    0.00   12.24    0.00    0.00    0.00    5.10
21:00:38       2   35.71    0.00   52.04    0.00    0.00    4.08    0.00    0.00    0.00    8.16
21:00:38       3   39.18    0.00   50.52    0.00    0.00    3.09    0.00    0.00    0.00    7.22

21:00:38     CPU    %usr   %nice    %sys %iowait    %irq   %soft  %steal  %guest  %gnice   %idle
21:00:39     all   23.98    0.00   60.46    0.00    0.00    9.69    0.00    0.00    0.00    5.87
21:00:39       0   15.15    0.00   63.64    0.00    0.00   16.16    0.00    0.00    0.00    5.05
21:00:39       1   11.22    0.00   67.35    0.00    0.00   16.33    0.00    0.00    0.00    5.10
21:00:39       2   29.59    0.00   60.20    0.00    0.00    3.06    0.00    0.00    0.00    7.14
21:00:39       3   40.21    0.00   50.52    0.00    0.00    3.09    0.00    0.00    0.00    6.19
