Linux 7.0.0-31-generic (ubuntu) 	09/09/26 	_aarch64_	(4 CPU)

21:00:45     CPU    %usr   %nice    %sys %iowait    %irq   %soft  %steal  %guest  %gnice   %idle
21:00:46     all   25.00    0.00   59.95    0.00    0.00    9.95    0.00    0.00    0.00    5.10
21:00:46       0   13.13    0.00   65.66    0.00    0.00   18.18    0.00    0.00    0.00    3.03
21:00:46       1   23.47    0.00   61.22    0.00    0.00   14.29    0.00    0.00    0.00    1.02
21:00:46       2   34.69    0.00   53.06    0.00    0.00    4.08    0.00    0.00    0.00    8.16
21:00:46       3   28.87    0.00   59.79    0.00    0.00    3.09    0.00    0.00    0.00    8.25

21:00:46     CPU    %usr   %nice    %sys %iowait    %irq   %soft  %steal  %guest  %gnice   %idle
21:00:47     all   18.86    0.00   64.34    0.00    0.00   10.85    0.00    0.00    0.00    5.94
21:00:47       0    8.16    0.00   69.39    0.00    0.00   18.37    0.00    0.00    0.00    4.08
21:00:47       1   11.22    0.00   69.39    0.00    0.00   15.31    0.00    0.00    0.00    4.08
21:00:47       2   29.47    0.00   60.00    0.00    0.00    3.16    0.00    0.00    0.00    7.37
21:00:47       3   27.08    0.00   58.33    0.00    0.00    6.25    0.00    0.00    0.00    8.33

21:00:47     CPU    %usr   %nice    %sys %iowait    %irq   %soft  %steal  %guest  %gnice   %idle
21:00:48     all    3.98    0.00   73.47    0.00    0.00   13.53    0.00    0.00    0.00    9.02
21:00:48       0    3.00    0.00   77.00    0.00    0.00   20.00    0.00    0.00    0.00    0.00
21:00:48       1    2.00    0.00   73.00    0.00    0.00   24.00    0.00    0.00    0.00    1.00
21:00:48       2    4.49    0.00   71.91    0.00    0.00    4.49    0.00    0.00    0.00   19.10
21:00:48       3    6.82    0.00   71.59    0.00    0.00    3.41    0.00    0.00    0.00   18.18

21:00:48     CPU    %usr   %nice    %sys %iowait    %irq   %soft  %steal  %guest  %gnice   %idle
21:00:49     all    2.39    0.00   73.21    0.00    0.00   15.12    0.00    0.00    0.00    9.28
21:00:49       0    1.00    0.00   74.00    0.00    0.00   25.00    0.00    0.00    0.00    0.00
21:00:49       1    0.99    0.00   76.24    0.00    0.00   22.77    0.00    0.00    0.00    0.00
21:00:49       2    3.45    0.00   70.11    0.00    0.00    5.75    0.00    0.00    0.00   20.69
21:00:49       3    4.49    0.00   71.91    0.00    0.00    4.49    0.00    0.00    0.00   19.10

21:00:49     CPU    %usr   %nice    %sys %iowait    %irq   %soft  %steal  %guest  %gnice   %idle
21:00:50     all    5.31    0.00   72.68    0.00    0.00   13.79    0.00    0.00    0.00    8.22
21:00:50       0    3.00    0.00   74.00    0.00    0.00   22.00    0.00    0.00    0.00    1.00
21:00:50       1    4.08    0.00   72.45    0.00    0.00   22.45    0.00    0.00    0.00    1.02
21:00:50       2    6.74    0.00   73.03    0.00    0.00    4.49    0.00    0.00    0.00   15.73
21:00:50       3    7.78    0.00   71.11    0.00    0.00    4.44    0.00    0.00    0.00   16.67

21:00:50     CPU    %usr   %nice    %sys %iowait    %irq   %soft  %steal  %guest  %gnice   %idle
21:00:51     all    6.07    0.00   71.77    0.00    0.00   13.46    0.00    0.00    0.00    8.71
21:00:51       0    2.02    0.00   75.76    0.00    0.00   21.21    0.00    0.00    0.00    1.01
21:00:51       1    4.00    0.00   73.00    0.00    0.00   22.00    0.00    0.00    0.00    1.00
21:00:51       2   10.23    0.00   68.18    0.00    0.00    4.55    0.00    0.00    0.00   17.05
21:00:51       3    8.70    0.00   69.57    0.00    0.00    4.35    0.00    0.00    0.00   17.39

21:00:51     CPU    %usr   %nice    %sys %iowait    %irq   %soft  %steal  %guest  %gnice   %idle
21:00:52     all   18.91    0.00   63.21    0.00    0.00   11.40    0.00    0.00    0.00    6.48
21:00:52       0    9.09    0.00   68.69    0.00    0.00   19.19    0.00    0.00    0.00    3.03
21:00:52       1   11.11    0.00   68.69    0.00    0.00   18.18    0.00    0.00    0.00    2.02
21:00:52       2   31.91    0.00   55.32    0.00    0.00    3.19    0.00    0.00    0.00    9.57
21:00:52       3   24.47    0.00   59.57    0.00    0.00    4.26    0.00    0.00    0.00   11.70

21:00:52     CPU    %usr   %nice    %sys %iowait    %irq   %soft  %steal  %guest  %gnice   %idle
21:00:53     all    3.42    0.00   72.37    0.00    0.00   15.00    0.00    0.00    0.00    9.21
21:00:53       0    2.00    0.00   74.00    0.00    0.00   23.00    0.00    0.00    0.00    1.00
21:00:53       1    1.00    0.00   73.00    0.00    0.00   25.00    0.00    0.00    0.00    1.00
21:00:53       2    5.56    0.00   71.11    0.00    0.00    5.56    0.00    0.00    0.00   17.78
21:00:53       3    5.56    0.00   71.11    0.00    0.00    4.44    0.00    0.00    0.00   18.89

21:00:53     CPU    %usr   %nice    %sys %iowait    %irq   %soft  %steal  %guest  %gnice   %idle
21:00:54     all    1.90    0.00   72.28    0.00    0.00   16.03    0.00    0.00    0.00    9.78
21:00:54       0    1.98    0.00   73.27    0.00    0.00   24.75    0.00    0.00    0.00    0.00
21:00:54       1    1.00    0.00   72.00    0.00    0.00   27.00    0.00    0.00    0.00    0.00
21:00:54       2    2.33    0.00   73.26    0.00    0.00    3.49    0.00    0.00    0.00   20.93
21:00:54       3    2.47    0.00   70.37    0.00    0.00    4.94    0.00    0.00    0.00   22.22

21:00:54     CPU    %usr   %nice    %sys %iowait    %irq   %soft  %steal  %guest  %gnice   %idle
21:00:55     all    2.94    0.00   72.19    0.00    0.00   15.78    0.00    0.00    0.00    9.09
21:00:55       0    1.01    0.00   73.74    0.00    0.00   25.25    0.00    0.00    0.00    0.00
21:00:55       1    2.02    0.00   72.73    0.00    0.00   25.25    0.00    0.00    0.00    0.00
21:00:55       2    3.41    0.00   72.73    0.00    0.00    4.55    0.00    0.00    0.00   19.32
21:00:55       3    5.68    0.00   69.32    0.00    0.00    5.68    0.00    0.00    0.00   19.32

21:00:55     CPU    %usr   %nice    %sys %iowait    %irq   %soft  %steal  %guest  %gnice   %idle
21:00:56     all    4.45    0.00   72.25    0.00    0.00   14.66    0.00    0.00    0.00    8.64
21:00:56       0    1.98    0.00   73.27    0.00    0.00   23.76    0.00    0.00    0.00    0.99
21:00:56       1    3.00    0.00   74.00    0.00    0.00   23.00    0.00    0.00    0.00    0.00
21:00:56       2    5.43    0.00   70.65    0.00    0.00    6.52    0.00    0.00    0.00   17.39
21:00:56       3    7.87    0.00   70.79    0.00    0.00    3.37    0.00    0.00    0.00   17.98

Average:     CPU    %usr   %nice    %sys %iowait    %irq   %soft  %steal  %guest  %gnice   %idle
Average:     all    8.59    0.00   69.73    0.00    0.00   13.57    0.00    0.00    0.00    8.11
Average:       0    4.20    0.00   72.63    0.00    0.00   21.90    0.00    0.00    0.00    1.28
Average:       1    5.76    0.00   71.45    0.00    0.00   21.77    0.00    0.00    0.00    1.01
Average:       2   12.95    0.00   66.97    0.00    0.00    4.52    0.00    0.00    0.00   15.56
Average:       3   12.17    0.00   67.40    0.00    0.00    4.43    0.00    0.00    0.00   16.00
