Linux 7.0.0-31-generic (ubuntu) 	09/09/26 	_aarch64_	(4 CPU)

22:34:01     CPU    %usr   %nice    %sys %iowait    %irq   %soft  %steal  %guest  %gnice   %idle
22:34:02     all   38.36    0.53   28.31    0.53    0.00    5.03    0.00    0.00    0.00   27.25
22:34:02       0   23.47    0.00   56.12    0.00    0.00   16.33    0.00    0.00    0.00    4.08
22:34:02       1   44.33    0.00   11.34    2.06    0.00    0.00    0.00    0.00    0.00   42.27
22:34:02       2   35.63    1.15   39.08    0.00    0.00    3.45    0.00    0.00    0.00   20.69
22:34:02       3   50.00    1.04    7.29    0.00    0.00    0.00    0.00    0.00    0.00   41.67

22:34:02     CPU    %usr   %nice    %sys %iowait    %irq   %soft  %steal  %guest  %gnice   %idle
22:34:03     all   17.20    0.00   30.91    0.00    0.00    7.53    0.00    0.00    0.00   44.35
22:34:03       0    4.04    0.00   65.66    0.00    0.00   25.25    0.00    0.00    0.00    5.05
22:34:03       1   27.08    0.00    6.25    0.00    0.00    0.00    0.00    0.00    0.00   66.67
22:34:03       2   12.35    0.00   48.15    0.00    0.00    3.70    0.00    0.00    0.00   35.80
22:34:03       3   25.00    0.00    5.21    0.00    0.00    0.00    0.00    0.00    0.00   69.79

22:34:03     CPU    %usr   %nice    %sys %iowait    %irq   %soft  %steal  %guest  %gnice   %idle
22:34:04     all    4.31    0.00   29.92    0.00    0.00    9.43    0.00    0.00    0.00   56.33
22:34:04       0    1.02    0.00   66.33    0.00    0.00   30.61    0.00    0.00    0.00    2.04
22:34:04       1    9.28    0.00    3.09    0.00    0.00    0.00    0.00    0.00    0.00   87.63
22:34:04       2    2.53    0.00   51.90    0.00    0.00    6.33    0.00    0.00    0.00   39.24
22:34:04       3    4.12    0.00    2.06    0.00    0.00    0.00    0.00    0.00    0.00   93.81

22:34:04     CPU    %usr   %nice    %sys %iowait    %irq   %soft  %steal  %guest  %gnice   %idle
22:34:05     all    2.93    0.00   30.32    0.00    0.00    7.71    0.00    0.00    0.00   59.04
22:34:05       0    1.01    0.00   69.70    0.00    0.00   25.25    0.00    0.00    0.00    4.04
22:34:05       1    7.14    0.00    0.00    0.00    0.00    0.00    0.00    0.00    0.00   92.86
22:34:05       2    1.25    0.00   56.25    0.00    0.00    5.00    0.00    0.00    0.00   37.50
22:34:05       3    2.02    0.00    0.00    0.00    0.00    0.00    0.00    0.00    0.00   97.98

22:34:05     CPU    %usr   %nice    %sys %iowait    %irq   %soft  %steal  %guest  %gnice   %idle
22:34:06     all    8.78    1.60   31.38    0.00    0.00    7.98    0.00    0.00    0.00   50.27
22:34:06       0    2.00    0.00   66.00    0.00    0.00   26.00    0.00    0.00    0.00    6.00
22:34:06       1   16.16    4.04    4.04    0.00    0.00    0.00    0.00    0.00    0.00   75.76
22:34:06       2    6.33    0.00   51.90    0.00    0.00    5.06    0.00    0.00    0.00   36.71
22:34:06       3   10.20    2.04    7.14    0.00    0.00    0.00    0.00    0.00    0.00   80.61

22:34:06     CPU    %usr   %nice    %sys %iowait    %irq   %soft  %steal  %guest  %gnice   %idle
22:34:07     all    2.66    0.00   31.65    0.00    0.00    7.98    0.00    0.00    0.00   57.71
22:34:07       0    2.02    0.00   69.70    0.00    0.00   26.26    0.00    0.00    0.00    2.02
22:34:07       1    4.00    0.00    6.00    0.00    0.00    0.00    0.00    0.00    0.00   90.00
22:34:07       2    2.60    0.00   53.25    0.00    0.00    5.19    0.00    0.00    0.00   38.96
22:34:07       3    2.00    0.00    3.00    0.00    0.00    0.00    0.00    0.00    0.00   95.00

22:34:07     CPU    %usr   %nice    %sys %iowait    %irq   %soft  %steal  %guest  %gnice   %idle
22:34:08     all    3.71    0.00   30.77    0.00    0.00    7.96    0.00    0.00    0.00   57.56
22:34:08       0    1.01    0.00   70.71    0.00    0.00   25.25    0.00    0.00    0.00    3.03
22:34:08       1    6.12    0.00    1.02    0.00    0.00    0.00    0.00    0.00    0.00   92.86
22:34:08       2    3.66    0.00   54.88    0.00    0.00    6.10    0.00    0.00    0.00   35.37
22:34:08       3    4.08    0.00    0.00    0.00    0.00    0.00    0.00    0.00    0.00   95.92

22:34:08     CPU    %usr   %nice    %sys %iowait    %irq   %soft  %steal  %guest  %gnice   %idle
22:34:09     all    1.34    0.00   29.95    0.00    0.00    8.02    0.00    0.00    0.00   60.70
22:34:09       0    2.00    0.00   69.00    0.00    0.00   26.00    0.00    0.00    0.00    3.00
22:34:09       1    1.02    0.00    1.02    0.00    0.00    0.00    0.00    0.00    0.00   97.96
22:34:09       2    1.30    0.00   54.55    0.00    0.00    5.19    0.00    0.00    0.00   38.96
22:34:09       3    1.01    0.00    0.00    0.00    0.00    0.00    0.00    0.00    0.00   98.99

22:34:09     CPU    %usr   %nice    %sys %iowait    %irq   %soft  %steal  %guest  %gnice   %idle
22:34:10     all   34.90    0.52   31.25    0.00    0.00    8.33    0.00    0.00    0.00   25.00
22:34:10       0    7.14    0.00   59.18    0.00    0.00   23.47    0.00    0.00    0.00   10.20
22:34:10       1   60.20    1.02    6.12    0.00    0.00    0.00    0.00    0.00    0.00   32.65
22:34:10       2    9.20    0.00   54.02    0.00    0.00   10.34    0.00    0.00    0.00   26.44
22:34:10       3   59.41    0.99    8.91    0.00    0.00    0.00    0.00    0.00    0.00   30.69

22:34:10     CPU    %usr   %nice    %sys %iowait    %irq   %soft  %steal  %guest  %gnice   %idle
22:34:11     all    3.72    0.00   29.79    0.00    0.00    7.71    0.00    0.00    0.00   58.78
22:34:11       0    2.02    0.00   69.70    0.00    0.00   25.25    0.00    0.00    0.00    3.03
22:34:11       1    6.00    0.00    1.00    0.00    0.00    0.00    0.00    0.00    0.00   93.00
22:34:11       2    2.56    0.00   53.85    0.00    0.00    5.13    0.00    0.00    0.00   38.46
22:34:11       3    4.04    0.00    0.00    0.00    0.00    0.00    0.00    0.00    0.00   95.96

22:34:11     CPU    %usr   %nice    %sys %iowait    %irq   %soft  %steal  %guest  %gnice   %idle
22:34:12     all    7.73    0.00   25.87    0.00    0.00    9.33    0.00    0.00    0.00   57.07
22:34:12       0    3.06    0.00   54.08    0.00    0.00   23.47    0.00    0.00    0.00   19.39
22:34:12       1    9.18    0.00    1.02    0.00    0.00    0.00    0.00    0.00    0.00   89.80
22:34:12       2    3.75    0.00   50.00    0.00    0.00   15.00    0.00    0.00    0.00   31.25
22:34:12       3   14.14    0.00    3.03    0.00    0.00    0.00    0.00    0.00    0.00   82.83

22:34:12     CPU    %usr   %nice    %sys %iowait    %irq   %soft  %steal  %guest  %gnice   %idle
22:34:13     all    3.49    0.00   31.10    0.00    0.00    7.77    0.00    0.00    0.00   57.64
22:34:13       0    1.03    0.00   71.13    0.00    0.00   24.74    0.00    0.00    0.00    3.09
22:34:13       1    6.19    0.00    1.03    0.00    0.00    0.00    0.00    0.00    0.00   92.78
22:34:13       2    1.25    0.00   55.00    0.00    0.00    6.25    0.00    0.00    0.00   37.50
22:34:13       3    5.05    0.00    2.02    0.00    0.00    0.00    0.00    0.00    0.00   92.93

22:34:13     CPU    %usr   %nice    %sys %iowait    %irq   %soft  %steal  %guest  %gnice   %idle
22:34:14     all    6.68    0.00   29.14    0.00    0.00    8.29    0.00    0.00    0.00   55.88
22:34:14       0    1.00    0.00   68.00    0.00    0.00   27.00    0.00    0.00    0.00    4.00
22:34:14       1   12.12    0.00    0.00    0.00    0.00    0.00    0.00    0.00    0.00   87.88
22:34:14       2    2.63    0.00   53.95    0.00    0.00    5.26    0.00    0.00    0.00   38.16
22:34:14       3   10.10    0.00    0.00    0.00    0.00    0.00    0.00    0.00    0.00   89.90

22:34:14     CPU    %usr   %nice    %sys %iowait    %irq   %soft  %steal  %guest  %gnice   %idle
22:34:15     all   21.66    0.00   29.41    0.00    0.00    8.29    0.00    0.00    0.00   40.64
22:34:15       0    5.05    0.00   62.63    0.00    0.00   27.27    0.00    0.00    0.00    5.05
22:34:15       1   34.34    0.00    6.06    0.00    0.00    0.00    0.00    0.00    0.00   59.60
22:34:15       2    8.86    0.00   50.63    0.00    0.00    5.06    0.00    0.00    0.00   35.44
22:34:15       3   36.08    0.00    2.06    0.00    0.00    0.00    0.00    0.00    0.00   61.86

22:34:15     CPU    %usr   %nice    %sys %iowait    %irq   %soft  %steal  %guest  %gnice   %idle
22:34:16     all    4.28    0.00   30.48    0.00    0.00    8.02    0.00    0.00    0.00   57.22
22:34:16       0    1.00    0.00   70.00    0.00    0.00   27.00    0.00    0.00    0.00    2.00
22:34:16       1    7.22    0.00    0.00    0.00    0.00    0.00    0.00    0.00    0.00   92.78
22:34:16       2    2.60    0.00   55.84    0.00    0.00    3.90    0.00    0.00    0.00   37.66
22:34:16       3    6.00    0.00    1.00    0.00    0.00    0.00    0.00    0.00    0.00   93.00

22:34:16     CPU    %usr   %nice    %sys %iowait    %irq   %soft  %steal  %guest  %gnice   %idle
22:34:17     all   35.37    0.00   27.66    0.27    0.00    6.65    0.00    0.00    0.00   30.05
22:34:17       0   15.46    0.00   58.76    0.00    0.00   20.62    0.00    0.00    0.00    5.15
22:34:17       1   57.73    0.00    5.15    1.03    0.00    0.00    0.00    0.00    0.00   36.08
22:34:17       2   22.35    0.00   43.53    0.00    0.00    5.88    0.00    0.00    0.00   28.24
22:34:17       3   44.33    0.00    5.15    0.00    0.00    0.00    0.00    0.00    0.00   50.52

22:34:17     CPU    %usr   %nice    %sys %iowait    %irq   %soft  %steal  %guest  %gnice   %idle
22:34:18     all    9.89    0.00   29.68    0.00    0.00    8.82    0.00    0.00    0.00   51.60
22:34:18       0    3.03    0.00   65.66    0.00    0.00   27.27    0.00    0.00    0.00    4.04
22:34:18       1   15.46    0.00    1.03    0.00    0.00    0.00    0.00    0.00    0.00   83.51
22:34:18       2    2.50    0.00   52.50    0.00    0.00    7.50    0.00    0.00    0.00   37.50
22:34:18       3   17.35    0.00    3.06    0.00    0.00    0.00    0.00    0.00    0.00   79.59

22:34:18     CPU    %usr   %nice    %sys %iowait    %irq   %soft  %steal  %guest  %gnice   %idle
22:34:19     all    3.75    0.00   30.29    0.00    0.00    7.77    0.00    0.00    0.00   58.18
22:34:19       0    1.02    0.00   70.41    0.00    0.00   25.51    0.00    0.00    0.00    3.06
22:34:19       1    6.19    0.00    1.03    0.00    0.00    0.00    0.00    0.00    0.00   92.78
22:34:19       2    2.53    0.00   53.16    0.00    0.00    5.06    0.00    0.00    0.00   39.24
22:34:19       3    5.05    0.00    1.01    0.00    0.00    0.00    0.00    0.00    0.00   93.94
