Linux 7.0.0-31-generic (ubuntu) 	09/09/26 	_aarch64_	(4 CPU)

22:35:22     CPU    %usr   %nice    %sys %iowait    %irq   %soft  %steal  %guest  %gnice   %idle
22:35:23     all    7.16    0.00   29.44    0.00    0.00    7.69    0.00    0.00    0.00   55.70
22:35:23       0    3.00    0.00   67.00    0.00    0.00   25.00    0.00    0.00    0.00    5.00
22:35:23       1   10.20    0.00    1.02    0.00    0.00    0.00    0.00    0.00    0.00   88.78
22:35:23       2    6.25    0.00   52.50    0.00    0.00    5.00    0.00    0.00    0.00   36.25
22:35:23       3    9.09    0.00    1.01    0.00    0.00    0.00    0.00    0.00    0.00   89.90

22:35:23     CPU    %usr   %nice    %sys %iowait    %irq   %soft  %steal  %guest  %gnice   %idle
22:35:24     all    1.07    0.00   29.22    0.00    0.00    8.31    0.00    0.00    0.00   61.39
22:35:24       0    1.01    0.00   68.69    0.00    0.00   27.27    0.00    0.00    0.00    3.03
22:35:24       1    0.00    0.00    0.00    0.00    0.00    0.00    0.00    0.00    0.00  100.00
22:35:24       2    2.60    0.00   53.25    0.00    0.00    5.19    0.00    0.00    0.00   38.96
22:35:24       3    1.01    0.00    0.00    0.00    0.00    0.00    0.00    0.00    0.00   98.99

22:35:24     CPU    %usr   %nice    %sys %iowait    %irq   %soft  %steal  %guest  %gnice   %idle
22:35:25     all    1.60    0.00   28.99    0.00    0.00    9.04    0.00    0.00    0.00   60.37
22:35:25       0    1.01    0.00   67.68    0.00    0.00   29.29    0.00    0.00    0.00    2.02
22:35:25       1    1.00    0.00    0.00    0.00    0.00    0.00    0.00    0.00    0.00   99.00
22:35:25       2    1.28    0.00   53.85    0.00    0.00    6.41    0.00    0.00    0.00   38.46
22:35:25       3    3.03    0.00    0.00    0.00    0.00    0.00    0.00    0.00    0.00   96.97

22:35:25     CPU    %usr   %nice    %sys %iowait    %irq   %soft  %steal  %guest  %gnice   %idle
22:35:26     all    1.62    0.00   29.73    0.00    0.00    9.19    0.00    0.00    0.00   59.46
22:35:26       0    1.01    0.00   67.68    0.00    0.00   30.30    0.00    0.00    0.00    1.01
22:35:26       1    1.02    0.00    2.04    0.00    0.00    0.00    0.00    0.00    0.00   96.94
22:35:26       2    2.70    0.00   52.70    0.00    0.00    5.41    0.00    0.00    0.00   39.19
22:35:26       3    2.02    0.00    2.02    0.00    0.00    0.00    0.00    0.00    0.00   95.96

22:35:26     CPU    %usr   %nice    %sys %iowait    %irq   %soft  %steal  %guest  %gnice   %idle
22:35:27     all    3.18    1.06   29.71    0.00    0.00    8.49    0.00    0.00    0.00   57.56
22:35:27       0    2.02    0.00   66.67    0.00    0.00   28.28    0.00    0.00    0.00    3.03
22:35:27       1    3.06    0.00    0.00    0.00    0.00    0.00    0.00    0.00    0.00   96.94
22:35:27       2    2.50    0.00   55.00    0.00    0.00    5.00    0.00    0.00    0.00   37.50
22:35:27       3    5.00    4.00    2.00    0.00    0.00    0.00    0.00    0.00    0.00   89.00

22:35:27     CPU    %usr   %nice    %sys %iowait    %irq   %soft  %steal  %guest  %gnice   %idle
22:35:28     all    2.13    0.00   29.87    0.00    0.00    8.00    0.00    0.00    0.00   60.00
22:35:28       0    1.02    0.00   69.39    0.00    0.00   26.53    0.00    0.00    0.00    3.06
22:35:28       1    1.01    0.00    1.01    0.00    0.00    0.00    0.00    0.00    0.00   97.98
22:35:28       2    2.56    0.00   53.85    0.00    0.00    5.13    0.00    0.00    0.00   38.46
22:35:28       3    4.00    0.00    1.00    0.00    0.00    0.00    0.00    0.00    0.00   95.00

22:35:28     CPU    %usr   %nice    %sys %iowait    %irq   %soft  %steal  %guest  %gnice   %idle
22:35:29     all    2.12    0.00   29.18    0.00    0.00    8.75    0.00    0.00    0.00   59.95
22:35:29       0    1.98    0.00   66.34    0.00    0.00   28.71    0.00    0.00    0.00    2.97
22:35:29       1    2.02    0.00    0.00    0.00    0.00    0.00    0.00    0.00    0.00   97.98
22:35:29       2    1.28    0.00   55.13    0.00    0.00    5.13    0.00    0.00    0.00   38.46
22:35:29       3    3.03    0.00    0.00    0.00    0.00    0.00    0.00    0.00    0.00   96.97

22:35:29     CPU    %usr   %nice    %sys %iowait    %irq   %soft  %steal  %guest  %gnice   %idle
22:35:30     all    1.34    0.00   29.30    0.00    0.00    8.60    0.00    0.00    0.00   60.75
22:35:30       0    0.00    0.00   68.37    0.00    0.00   28.57    0.00    0.00    0.00    3.06
22:35:30       1    1.02    0.00    0.00    0.00    0.00    0.00    0.00    0.00    0.00   98.98
22:35:30       2    2.60    0.00   53.25    0.00    0.00    5.19    0.00    0.00    0.00   38.96
22:35:30       3    2.02    0.00    1.01    0.00    0.00    0.00    0.00    0.00    0.00   96.97

22:35:30     CPU    %usr   %nice    %sys %iowait    %irq   %soft  %steal  %guest  %gnice   %idle
22:35:31     all    3.43    0.26   30.87    0.26    0.00    7.92    0.00    0.00    0.00   57.26
22:35:31       0    1.98    0.00   68.32    0.00    0.00   26.73    0.00    0.00    0.00    2.97
22:35:31       1    4.95    0.99    2.97    0.00    0.00    0.00    0.00    0.00    0.00   91.09
22:35:31       2    2.56    0.00   55.13    0.00    0.00    3.85    0.00    0.00    0.00   38.46
22:35:31       3    4.04    0.00    2.02    1.01    0.00    0.00    0.00    0.00    0.00   92.93

22:35:31     CPU    %usr   %nice    %sys %iowait    %irq   %soft  %steal  %guest  %gnice   %idle
22:35:32     all    1.07    0.00   30.13    0.00    0.00    8.00    0.00    0.00    0.00   60.80
22:35:32       0    1.02    0.00   69.39    0.00    0.00   26.53    0.00    0.00    0.00    3.06
22:35:32       1    1.02    0.00    0.00    0.00    0.00    0.00    0.00    0.00    0.00   98.98
22:35:32       2    1.25    0.00   56.25    0.00    0.00    5.00    0.00    0.00    0.00   37.50
22:35:32       3    1.01    0.00    0.00    0.00    0.00    0.00    0.00    0.00    0.00   98.99

22:35:32     CPU    %usr   %nice    %sys %iowait    %irq   %soft  %steal  %guest  %gnice   %idle
22:35:33     all    1.58    0.00   26.05    0.00    0.00    9.21    0.00    0.00    0.00   63.16
22:35:33       0    2.00    0.00   56.00    0.00    0.00   23.00    0.00    0.00    0.00   19.00
22:35:33       1    1.01    0.00    0.00    0.00    0.00    0.00    0.00    0.00    0.00   98.99
22:35:33       2    2.44    0.00   52.44    0.00    0.00   14.63    0.00    0.00    0.00   30.49
22:35:33       3    1.01    0.00    0.00    0.00    0.00    0.00    0.00    0.00    0.00   98.99

22:35:33     CPU    %usr   %nice    %sys %iowait    %irq   %soft  %steal  %guest  %gnice   %idle
22:35:34     all    2.65    0.00   30.42    0.00    0.00    7.94    0.00    0.00    0.00   58.99
22:35:34       0    1.02    0.00   70.41    0.00    0.00   26.53    0.00    0.00    0.00    2.04
22:35:34       1    3.06    0.00    0.00    0.00    0.00    0.00    0.00    0.00    0.00   96.94
22:35:34       2    2.47    0.00   55.56    0.00    0.00    4.94    0.00    0.00    0.00   37.04
22:35:34       3    3.96    0.00    0.99    0.00    0.00    0.00    0.00    0.00    0.00   95.05

22:35:34     CPU    %usr   %nice    %sys %iowait    %irq   %soft  %steal  %guest  %gnice   %idle
22:35:35     all    3.72    0.00   29.79    0.00    0.00    8.78    0.00    0.00    0.00   57.71
22:35:35       0    1.01    0.00   67.68    0.00    0.00   27.27    0.00    0.00    0.00    4.04
22:35:35       1    5.05    0.00    0.00    0.00    0.00    0.00    0.00    0.00    0.00   94.95
22:35:35       2    1.27    0.00   53.16    0.00    0.00    7.59    0.00    0.00    0.00   37.97
22:35:35       3    7.07    0.00    3.03    0.00    0.00    0.00    0.00    0.00    0.00   89.90

22:35:35     CPU    %usr   %nice    %sys %iowait    %irq   %soft  %steal  %guest  %gnice   %idle
22:35:36     all    1.07    0.00   29.22    0.00    0.00    8.58    0.00    0.00    0.00   61.13
22:35:36       0    1.98    0.00   67.33    0.00    0.00   27.72    0.00    0.00    0.00    2.97
22:35:36       1    0.00    0.00    0.00    0.00    0.00    0.00    0.00    0.00    0.00  100.00
22:35:36       2    1.32    0.00   53.95    0.00    0.00    5.26    0.00    0.00    0.00   39.47
22:35:36       3    1.02    0.00    0.00    0.00    0.00    0.00    0.00    0.00    0.00   98.98

22:35:36     CPU    %usr   %nice    %sys %iowait    %irq   %soft  %steal  %guest  %gnice   %idle
22:35:37     all   13.23    0.00   30.95    0.00    0.00    8.20    0.00    0.00    0.00   47.62
22:35:37       0    2.04    0.00   69.39    0.00    0.00   25.51    0.00    0.00    0.00    3.06
22:35:37       1   34.00    0.00    3.00    0.00    0.00    0.00    0.00    0.00    0.00   63.00
22:35:37       2    3.70    0.00   54.32    0.00    0.00    7.41    0.00    0.00    0.00   34.57
22:35:37       3   11.11    0.00    2.02    0.00    0.00    0.00    0.00    0.00    0.00   86.87

22:35:37     CPU    %usr   %nice    %sys %iowait    %irq   %soft  %steal  %guest  %gnice   %idle
22:35:38     all    9.60    0.00   32.00    0.00    0.00    8.00    0.00    0.00    0.00   50.40
22:35:38       0    2.02    0.00   67.68    0.00    0.00   26.26    0.00    0.00    0.00    4.04
22:35:38       1   12.12    0.00    2.02    0.00    0.00    0.00    0.00    0.00    0.00   85.86
22:35:38       2    3.75    0.00   55.00    0.00    0.00    5.00    0.00    0.00    0.00   36.25
22:35:38       3   19.59    0.00    7.22    0.00    0.00    0.00    0.00    0.00    0.00   73.20

22:35:38     CPU    %usr   %nice    %sys %iowait    %irq   %soft  %steal  %guest  %gnice   %idle
22:35:39     all    1.86    0.00   30.05    0.00    0.00    8.24    0.00    0.00    0.00   59.84
22:35:39       0    1.00    0.00   70.00    0.00    0.00   26.00    0.00    0.00    0.00    3.00
22:35:39       1    2.02    0.00    1.01    0.00    0.00    0.00    0.00    0.00    0.00   96.97
22:35:39       2    1.30    0.00   53.25    0.00    0.00    6.49    0.00    0.00    0.00   38.96
22:35:39       3    3.00    0.00    1.00    0.00    0.00    0.00    0.00    0.00    0.00   96.00

22:35:39     CPU    %usr   %nice    %sys %iowait    %irq   %soft  %steal  %guest  %gnice   %idle
22:35:40     all    1.60    0.00   30.13    0.00    0.00    7.73    0.00    0.00    0.00   60.53
22:35:40       0    1.03    0.00   71.13    0.00    0.00   24.74    0.00    0.00    0.00    3.09
22:35:40       1    1.02    0.00    0.00    0.00    0.00    0.00    0.00    0.00    0.00   98.98
22:35:40       2    2.47    0.00   54.32    0.00    0.00    6.17    0.00    0.00    0.00   37.04
22:35:40       3    2.02    0.00    0.00    0.00    0.00    0.00    0.00    0.00    0.00   97.98
