Linux 7.0.0-31-generic (ubuntu) 	09/09/26 	_aarch64_	(4 CPU)

22:36:02     CPU    %usr   %nice    %sys %iowait    %irq   %soft  %steal  %guest  %gnice   %idle
22:36:03     all    2.69    0.00   28.76    0.00    0.00    8.60    0.00    0.00    0.00   59.95
22:36:03       0    2.04    0.00   66.33    0.00    0.00   26.53    0.00    0.00    0.00    5.10
22:36:03       1    3.09    0.00    1.03    0.00    0.00    0.00    0.00    0.00    0.00   95.88
22:36:03       2    2.56    0.00   51.28    0.00    0.00    7.69    0.00    0.00    0.00   38.46
22:36:03       3    3.03    0.00    1.01    0.00    0.00    0.00    0.00    0.00    0.00   95.96

22:36:03     CPU    %usr   %nice    %sys %iowait    %irq   %soft  %steal  %guest  %gnice   %idle
22:36:04     all    1.88    0.00   30.03    0.00    0.00    8.31    0.00    0.00    0.00   59.79
22:36:04       0    1.00    0.00   70.00    0.00    0.00   27.00    0.00    0.00    0.00    2.00
22:36:04       1    4.04    0.00    1.01    0.00    0.00    0.00    0.00    0.00    0.00   94.95
22:36:04       2    1.33    0.00   53.33    0.00    0.00    5.33    0.00    0.00    0.00   40.00
22:36:04       3    1.01    0.00    1.01    0.00    0.00    0.00    0.00    0.00    0.00   97.98

22:36:04     CPU    %usr   %nice    %sys %iowait    %irq   %soft  %steal  %guest  %gnice   %idle
22:36:05     all    2.13    0.00   29.33    0.00    0.00    8.27    0.00    0.00    0.00   60.27
22:36:05       0    1.00    0.00   69.00    0.00    0.00   27.00    0.00    0.00    0.00    3.00
22:36:05       1    2.02    0.00    0.00    0.00    0.00    0.00    0.00    0.00    0.00   97.98
22:36:05       2    2.60    0.00   53.25    0.00    0.00    5.19    0.00    0.00    0.00   38.96
22:36:05       3    3.03    0.00    0.00    0.00    0.00    0.00    0.00    0.00    0.00   96.97

22:36:05     CPU    %usr   %nice    %sys %iowait    %irq   %soft  %steal  %guest  %gnice   %idle
22:36:06     all    1.87    0.00   29.87    0.00    0.00    8.80    0.00    0.00    0.00   59.47
22:36:06       0    2.02    0.00   66.67    0.00    0.00   28.28    0.00    0.00    0.00    3.03
22:36:06       1    1.02    0.00    3.06    0.00    0.00    0.00    0.00    0.00    0.00   95.92
22:36:06       2    2.53    0.00   53.16    0.00    0.00    6.33    0.00    0.00    0.00   37.97
22:36:06       3    2.02    0.00    1.01    0.00    0.00    0.00    0.00    0.00    0.00   96.97

22:36:06     CPU    %usr   %nice    %sys %iowait    %irq   %soft  %steal  %guest  %gnice   %idle
22:36:07     all    3.20    0.27   30.13    0.00    0.00    8.53    0.00    0.00    0.00   57.87
22:36:07       0    2.02    0.00   68.69    0.00    0.00   26.26    0.00    0.00    0.00    3.03
22:36:07       1    3.03    1.01    2.02    0.00    0.00    0.00    0.00    0.00    0.00   93.94
22:36:07       2    2.50    0.00   52.50    0.00    0.00    7.50    0.00    0.00    0.00   37.50
22:36:07       3    5.15    0.00    1.03    0.00    0.00    0.00    0.00    0.00    0.00   93.81

22:36:07     CPU    %usr   %nice    %sys %iowait    %irq   %soft  %steal  %guest  %gnice   %idle
22:36:08     all    1.86    0.00   30.05    0.00    0.00    7.98    0.00    0.00    0.00   60.11
22:36:08       0    1.01    0.00   67.68    0.00    0.00   27.27    0.00    0.00    0.00    4.04
22:36:08       1    2.06    0.00    1.03    0.00    0.00    0.00    0.00    0.00    0.00   96.91
22:36:08       2    2.50    0.00   55.00    0.00    0.00    3.75    0.00    0.00    0.00   38.75
22:36:08       3    2.00    0.00    1.00    0.00    0.00    0.00    0.00    0.00    0.00   97.00

22:36:08     CPU    %usr   %nice    %sys %iowait    %irq   %soft  %steal  %guest  %gnice   %idle
22:36:09     all    1.07    0.00   29.14    0.00    0.00    8.82    0.00    0.00    0.00   60.96
22:36:09       0    1.01    0.00   67.68    0.00    0.00   28.28    0.00    0.00    0.00    3.03
22:36:09       1    0.00    0.00    0.00    0.00    0.00    0.00    0.00    0.00    0.00  100.00
22:36:09       2    2.56    0.00   53.85    0.00    0.00    6.41    0.00    0.00    0.00   37.18
22:36:09       3    1.01    0.00    0.00    0.00    0.00    0.00    0.00    0.00    0.00   98.99

22:36:09     CPU    %usr   %nice    %sys %iowait    %irq   %soft  %steal  %guest  %gnice   %idle
22:36:10     all    4.23    0.00   29.89    0.00    0.00    8.47    0.00    0.00    0.00   57.41
22:36:10       0    1.01    0.00   68.69    0.00    0.00   28.28    0.00    0.00    0.00    2.02
22:36:10       1    3.03    0.00    1.01    0.00    0.00    0.00    0.00    0.00    0.00   95.96
22:36:10       2    2.50    0.00   55.00    0.00    0.00    5.00    0.00    0.00    0.00   37.50
22:36:10       3   10.00    0.00    0.00    0.00    0.00    0.00    0.00    0.00    0.00   90.00

22:36:10     CPU    %usr   %nice    %sys %iowait    %irq   %soft  %steal  %guest  %gnice   %idle
22:36:11     all    5.90    0.80   28.95    0.00    0.00    9.38    0.00    0.00    0.00   54.96
22:36:11       0    3.00    0.00   64.00    0.00    0.00   31.00    0.00    0.00    0.00    2.00
22:36:11       1    7.14    1.02    2.04    0.00    0.00    0.00    0.00    0.00    0.00   89.80
22:36:11       2    2.63    0.00   52.63    0.00    0.00    5.26    0.00    0.00    0.00   39.47
22:36:11       3   10.10    2.02    2.02    0.00    0.00    0.00    0.00    0.00    0.00   85.86

22:36:11     CPU    %usr   %nice    %sys %iowait    %irq   %soft  %steal  %guest  %gnice   %idle
22:36:12     all    1.07    0.00   28.95    0.00    0.00    9.12    0.00    0.00    0.00   60.86
22:36:12       0    1.02    0.00   66.33    0.00    0.00   30.61    0.00    0.00    0.00    2.04
22:36:12       1    1.02    0.00    0.00    0.00    0.00    0.00    0.00    0.00    0.00   98.98
22:36:12       2    1.28    0.00   55.13    0.00    0.00    5.13    0.00    0.00    0.00   38.46
22:36:12       3    1.01    0.00    0.00    0.00    0.00    0.00    0.00    0.00    0.00   98.99

22:36:12     CPU    %usr   %nice    %sys %iowait    %irq   %soft  %steal  %guest  %gnice   %idle
22:36:13     all    1.32    0.00   26.12    0.00    0.00    8.97    0.00    0.00    0.00   63.59
22:36:13       0    2.00    0.00   58.00    0.00    0.00   21.00    0.00    0.00    0.00   19.00
22:36:13       1    0.00    0.00    0.00    0.00    0.00    0.00    0.00    0.00    0.00  100.00
22:36:13       2    3.66    0.00   50.00    0.00    0.00   15.85    0.00    0.00    0.00   30.49
22:36:13       3    0.00    0.00    0.00    0.00    0.00    0.00    0.00    0.00    0.00  100.00

22:36:13     CPU    %usr   %nice    %sys %iowait    %irq   %soft  %steal  %guest  %gnice   %idle
22:36:14     all    3.43    0.00   29.82    0.26    0.00    8.18    0.00    0.00    0.00   58.31
22:36:14       0    2.00    0.00   69.00    0.00    0.00   26.00    0.00    0.00    0.00    3.00
22:36:14       1    4.00    0.00    1.00    0.00    0.00    0.00    0.00    0.00    0.00   95.00
22:36:14       2    2.53    0.00   53.16    0.00    0.00    6.33    0.00    0.00    0.00   37.97
22:36:14       3    5.00    0.00    1.00    1.00    0.00    0.00    0.00    0.00    0.00   93.00

22:36:14     CPU    %usr   %nice    %sys %iowait    %irq   %soft  %steal  %guest  %gnice   %idle
22:36:15     all    1.88    0.00   30.11    0.00    0.00    8.87    0.00    0.00    0.00   59.14
22:36:15       0    1.01    0.00   67.68    0.00    0.00   28.28    0.00    0.00    0.00    3.03
22:36:15       1    2.04    0.00    6.12    0.00    0.00    0.00    0.00    0.00    0.00   91.84
22:36:15       2    2.60    0.00   50.65    0.00    0.00    6.49    0.00    0.00    0.00   40.26
22:36:15       3    2.04    0.00    0.00    0.00    0.00    0.00    0.00    0.00    0.00   97.96

22:36:15     CPU    %usr   %nice    %sys %iowait    %irq   %soft  %steal  %guest  %gnice   %idle
22:36:16     all    0.53    0.00   30.05    0.00    0.00    8.51    0.00    0.00    0.00   60.90
22:36:16       0    0.99    0.00   68.32    0.00    0.00   27.72    0.00    0.00    0.00    2.97
22:36:16       1    0.00    0.00    0.00    0.00    0.00    0.00    0.00    0.00    0.00  100.00
22:36:16       2    1.28    0.00   56.41    0.00    0.00    5.13    0.00    0.00    0.00   37.18
22:36:16       3    0.00    0.00    0.00    0.00    0.00    0.00    0.00    0.00    0.00  100.00

22:36:16     CPU    %usr   %nice    %sys %iowait    %irq   %soft  %steal  %guest  %gnice   %idle
22:36:17     all    2.11    0.00   30.08    0.00    0.00    7.65    0.00    0.00    0.00   60.16
22:36:17       0    2.02    0.00   70.71    0.00    0.00   25.25    0.00    0.00    0.00    2.02
22:36:17       1    2.00    0.00    0.00    0.00    0.00    0.00    0.00    0.00    0.00   98.00
22:36:17       2    2.50    0.00   55.00    0.00    0.00    5.00    0.00    0.00    0.00   37.50
22:36:17       3    2.00    0.00    0.00    0.00    0.00    0.00    0.00    0.00    0.00   98.00

22:36:17     CPU    %usr   %nice    %sys %iowait    %irq   %soft  %steal  %guest  %gnice   %idle
22:36:18     all    1.32    0.00   30.34    0.26    0.00    7.92    0.00    0.00    0.00   60.16
22:36:18       0    1.00    0.00   70.00    0.00    0.00   26.00    0.00    0.00    0.00    3.00
22:36:18       1    0.99    0.00    0.99    0.99    0.00    0.00    0.00    0.00    0.00   97.03
22:36:18       2    2.56    0.00   55.13    0.00    0.00    5.13    0.00    0.00    0.00   37.18
22:36:18       3    1.00    0.00    1.00    0.00    0.00    0.00    0.00    0.00    0.00   98.00

22:36:18     CPU    %usr   %nice    %sys %iowait    %irq   %soft  %steal  %guest  %gnice   %idle
22:36:19     all    1.34    0.00   29.22    0.00    0.00    8.85    0.00    0.00    0.00   60.59
22:36:19       0    1.01    0.00   67.68    0.00    0.00   28.28    0.00    0.00    0.00    3.03
22:36:19       1    1.02    0.00    0.00    0.00    0.00    0.00    0.00    0.00    0.00   98.98
22:36:19       2    1.30    0.00   53.25    0.00    0.00    6.49    0.00    0.00    0.00   38.96
22:36:19       3    2.02    0.00    1.01    0.00    0.00    0.00    0.00    0.00    0.00   96.97

22:36:19     CPU    %usr   %nice    %sys %iowait    %irq   %soft  %steal  %guest  %gnice   %idle
22:36:20     all    2.11    0.00   30.34    0.00    0.00    7.65    0.00    0.00    0.00   59.89
22:36:20       0    1.01    0.00   70.71    0.00    0.00   25.25    0.00    0.00    0.00    3.03
22:36:20       1    3.00    0.00    0.00    0.00    0.00    0.00    0.00    0.00    0.00   97.00
22:36:20       2    3.66    0.00   54.88    0.00    0.00    4.88    0.00    0.00    0.00   36.59
22:36:20       3    1.02    0.00    0.00    0.00    0.00    0.00    0.00    0.00    0.00   98.98
