Linux 7.0.0-31-generic (ubuntu) 	09/09/26 	_aarch64_	(4 CPU)

22:35:42     CPU    %usr   %nice    %sys %iowait    %irq   %soft  %steal  %guest  %gnice   %idle
22:35:43     all    2.33    0.52   35.75    0.00    0.00    7.25    0.00    0.00    0.00   54.15
22:35:43       0    1.98    0.00   73.27    0.00    0.00   24.75    0.00    0.00    0.00    0.00
22:35:43       1    3.00    1.00    1.00    0.00    0.00    0.00    0.00    0.00    0.00   95.00
22:35:43       2    1.19    0.00   73.81    0.00    0.00    3.57    0.00    0.00    0.00   21.43
22:35:43       3    2.97    0.99    0.99    0.00    0.00    0.00    0.00    0.00    0.00   95.05

22:35:43     CPU    %usr   %nice    %sys %iowait    %irq   %soft  %steal  %guest  %gnice   %idle
22:35:44     all    2.33    0.00   35.23    0.00    0.00    7.51    0.00    0.00    0.00   54.92
22:35:44       0    2.00    0.00   73.00    0.00    0.00   25.00    0.00    0.00    0.00    0.00
22:35:44       1    5.05    0.00    0.00    0.00    0.00    0.00    0.00    0.00    0.00   94.95
22:35:44       2    1.15    0.00   72.41    0.00    0.00    4.60    0.00    0.00    0.00   21.84
22:35:44       3    1.00    0.00    0.00    0.00    0.00    0.00    0.00    0.00    0.00   99.00

22:35:44     CPU    %usr   %nice    %sys %iowait    %irq   %soft  %steal  %guest  %gnice   %idle
22:35:45     all    2.09    0.00   34.82    0.00    0.00    7.33    0.00    0.00    0.00   55.76
22:35:45       0    1.00    0.00   74.00    0.00    0.00   24.00    0.00    0.00    0.00    1.00
22:35:45       1    3.06    0.00    0.00    0.00    0.00    0.00    0.00    0.00    0.00   96.94
22:35:45       2    3.53    0.00   68.24    0.00    0.00    4.71    0.00    0.00    0.00   23.53
22:35:45       3    1.01    0.00    1.01    0.00    0.00    0.00    0.00    0.00    0.00   97.98

22:35:45     CPU    %usr   %nice    %sys %iowait    %irq   %soft  %steal  %guest  %gnice   %idle
22:35:46     all    1.59    0.00   35.54    0.00    0.00    7.43    0.00    0.00    0.00   55.44
22:35:46       0    2.02    0.00   73.74    0.00    0.00   24.24    0.00    0.00    0.00    0.00
22:35:46       1    1.00    0.00    2.00    0.00    0.00    0.00    0.00    0.00    0.00   97.00
22:35:46       2    1.25    0.00   71.25    0.00    0.00    5.00    0.00    0.00    0.00   22.50
22:35:46       3    2.04    0.00    2.04    0.00    0.00    0.00    0.00    0.00    0.00   95.92

22:35:46     CPU    %usr   %nice    %sys %iowait    %irq   %soft  %steal  %guest  %gnice   %idle
22:35:47     all    2.61    0.00   35.77    0.00    0.00    7.57    0.00    0.00    0.00   54.05
22:35:47       0    1.98    0.00   73.27    0.00    0.00   24.75    0.00    0.00    0.00    0.00
22:35:47       1    2.06    0.00    1.03    0.00    0.00    0.00    0.00    0.00    0.00   96.91
22:35:47       2    2.33    0.00   70.93    0.00    0.00    4.65    0.00    0.00    0.00   22.09
22:35:47       3    4.04    0.00    1.01    0.00    0.00    0.00    0.00    0.00    0.00   94.95

22:35:47     CPU    %usr   %nice    %sys %iowait    %irq   %soft  %steal  %guest  %gnice   %idle
22:35:48     all    2.09    0.00   35.34    0.00    0.00    7.59    0.00    0.00    0.00   54.97
22:35:48       0    1.01    0.00   74.75    0.00    0.00   24.24    0.00    0.00    0.00    0.00
22:35:48       1    2.02    0.00    0.00    0.00    0.00    0.00    0.00    0.00    0.00   97.98
22:35:48       2    1.18    0.00   70.59    0.00    0.00    5.88    0.00    0.00    0.00   22.35
22:35:48       3    4.04    0.00    1.01    0.00    0.00    0.00    0.00    0.00    0.00   94.95

22:35:48     CPU    %usr   %nice    %sys %iowait    %irq   %soft  %steal  %guest  %gnice   %idle
22:35:49     all    1.83    0.00   34.55    0.00    0.00    7.59    0.00    0.00    0.00   56.02
22:35:49       0    1.00    0.00   74.00    0.00    0.00   25.00    0.00    0.00    0.00    0.00
22:35:49       1    1.01    0.00    0.00    0.00    0.00    0.00    0.00    0.00    0.00   98.99
22:35:49       2    3.57    0.00   69.05    0.00    0.00    4.76    0.00    0.00    0.00   22.62
22:35:49       3    2.02    0.00    0.00    0.00    0.00    0.00    0.00    0.00    0.00   97.98

22:35:49     CPU    %usr   %nice    %sys %iowait    %irq   %soft  %steal  %guest  %gnice   %idle
22:35:50     all    1.30    0.00   35.68    0.00    0.00    7.29    0.00    0.00    0.00   55.73
22:35:50       0    1.00    0.00   75.00    0.00    0.00   24.00    0.00    0.00    0.00    0.00
22:35:50       1    1.00    0.00    1.00    0.00    0.00    0.00    0.00    0.00    0.00   98.00
22:35:50       2    1.19    0.00   71.43    0.00    0.00    4.76    0.00    0.00    0.00   22.62
22:35:50       3    2.00    0.00    1.00    0.00    0.00    0.00    0.00    0.00    0.00   97.00

22:35:50     CPU    %usr   %nice    %sys %iowait    %irq   %soft  %steal  %guest  %gnice   %idle
22:35:51     all    4.97    0.52   35.60    0.00    0.00    7.07    0.00    0.00    0.00   51.83
22:35:51       0    1.00    0.00   75.00    0.00    0.00   24.00    0.00    0.00    0.00    0.00
22:35:51       1    7.07    1.01    1.01    0.00    0.00    0.00    0.00    0.00    0.00   90.91
22:35:51       2    2.38    0.00   70.24    0.00    0.00    3.57    0.00    0.00    0.00   23.81
22:35:51       3    9.09    1.01    1.01    0.00    0.00    0.00    0.00    0.00    0.00   88.89

22:35:51     CPU    %usr   %nice    %sys %iowait    %irq   %soft  %steal  %guest  %gnice   %idle
22:35:52     all    1.04    0.00   35.25    0.00    0.00    7.57    0.00    0.00    0.00   56.14
22:35:52       0    1.98    0.00   73.27    0.00    0.00   24.75    0.00    0.00    0.00    0.00
22:35:52       1    1.00    0.00    1.00    0.00    0.00    0.00    0.00    0.00    0.00   98.00
22:35:52       2    1.19    0.00   71.43    0.00    0.00    4.76    0.00    0.00    0.00   22.62
22:35:52       3    0.00    0.00    0.00    0.00    0.00    0.00    0.00    0.00    0.00  100.00

22:35:52     CPU    %usr   %nice    %sys %iowait    %irq   %soft  %steal  %guest  %gnice   %idle
22:35:53     all    2.10    0.00   37.01    0.00    0.00    6.82    0.00    0.00    0.00   54.07
22:35:53       0    1.00    0.00   76.00    0.00    0.00   23.00    0.00    0.00    0.00    0.00
22:35:53       1    2.04    0.00    3.06    0.00    0.00    0.00    0.00    0.00    0.00   94.90
22:35:53       2    1.20    0.00   72.29    0.00    0.00    3.61    0.00    0.00    0.00   22.89
22:35:53       3    4.00    0.00    2.00    0.00    0.00    0.00    0.00    0.00    0.00   94.00

22:35:53     CPU    %usr   %nice    %sys %iowait    %irq   %soft  %steal  %guest  %gnice   %idle
22:35:54     all    1.56    0.00   34.90    0.26    0.00    7.29    0.00    0.00    0.00   55.99
22:35:54       0    2.00    0.00   73.00    0.00    0.00   25.00    0.00    0.00    0.00    0.00
22:35:54       1    0.00    0.00    0.00    0.00    0.00    0.00    0.00    0.00    0.00  100.00
22:35:54       2    3.49    0.00   70.93    0.00    0.00    3.49    0.00    0.00    0.00   22.09
22:35:54       3    1.00    0.00    0.00    1.00    0.00    0.00    0.00    0.00    0.00   98.00

22:35:54     CPU    %usr   %nice    %sys %iowait    %irq   %soft  %steal  %guest  %gnice   %idle
22:35:55     all    1.84    0.00   35.17    0.00    0.00    7.35    0.00    0.00    0.00   55.64
22:35:55       0    1.00    0.00   75.00    0.00    0.00   24.00    0.00    0.00    0.00    0.00
22:35:55       1    3.00    0.00    1.00    0.00    0.00    0.00    0.00    0.00    0.00   96.00
22:35:55       2    1.22    0.00   70.73    0.00    0.00    4.88    0.00    0.00    0.00   23.17
22:35:55       3    2.02    0.00    0.00    0.00    0.00    0.00    0.00    0.00    0.00   97.98

22:35:55     CPU    %usr   %nice    %sys %iowait    %irq   %soft  %steal  %guest  %gnice   %idle
22:35:56     all    2.36    0.00   35.34    0.00    0.00    7.33    0.00    0.00    0.00   54.97
22:35:56       0    1.00    0.00   75.00    0.00    0.00   24.00    0.00    0.00    0.00    0.00
22:35:56       1    3.06    0.00    0.00    0.00    0.00    0.00    0.00    0.00    0.00   96.94
22:35:56       2    2.38    0.00   70.24    0.00    0.00    4.76    0.00    0.00    0.00   22.62
22:35:56       3    3.00    0.00    1.00    0.00    0.00    0.00    0.00    0.00    0.00   96.00

22:35:56     CPU    %usr   %nice    %sys %iowait    %irq   %soft  %steal  %guest  %gnice   %idle
22:35:57     all    1.84    0.00   33.86    0.00    0.00    7.87    0.00    0.00    0.00   56.43
22:35:57       0    2.00    0.00   72.00    0.00    0.00   26.00    0.00    0.00    0.00    0.00
22:35:57       1    2.00    0.00    0.00    0.00    0.00    0.00    0.00    0.00    0.00   98.00
22:35:57       2    2.44    0.00   69.51    0.00    0.00    4.88    0.00    0.00    0.00   23.17
22:35:57       3    1.01    0.00    0.00    0.00    0.00    0.00    0.00    0.00    0.00   98.99

22:35:57     CPU    %usr   %nice    %sys %iowait    %irq   %soft  %steal  %guest  %gnice   %idle
22:35:58     all    1.05    0.00   35.17    0.00    0.00    7.35    0.00    0.00    0.00   56.43
22:35:58       0    1.00    0.00   75.00    0.00    0.00   24.00    0.00    0.00    0.00    0.00
22:35:58       1    0.00    0.00    0.00    0.00    0.00    0.00    0.00    0.00    0.00  100.00
22:35:58       2    1.20    0.00   71.08    0.00    0.00    4.82    0.00    0.00    0.00   22.89
22:35:58       3    2.00    0.00    0.00    0.00    0.00    0.00    0.00    0.00    0.00   98.00

22:35:58     CPU    %usr   %nice    %sys %iowait    %irq   %soft  %steal  %guest  %gnice   %idle
22:35:59     all    2.07    0.00   34.63    0.00    0.00    7.75    0.00    0.00    0.00   55.56
22:35:59       0    1.00    0.00   74.00    0.00    0.00   25.00    0.00    0.00    0.00    0.00
22:35:59       1    1.98    0.00    0.99    0.00    0.00    0.00    0.00    0.00    0.00   97.03
22:35:59       2    3.49    0.00   68.60    0.00    0.00    5.81    0.00    0.00    0.00   22.09
22:35:59       3    2.00    0.00    0.00    0.00    0.00    0.00    0.00    0.00    0.00   98.00

22:35:59     CPU    %usr   %nice    %sys %iowait    %irq   %soft  %steal  %guest  %gnice   %idle
22:36:00     all    8.42    0.00   35.53    0.00    0.00    6.84    0.00    0.00    0.00   49.21
22:36:00       0    3.00    0.00   74.00    0.00    0.00   23.00    0.00    0.00    0.00    0.00
22:36:00       1   11.34    0.00    1.03    0.00    0.00    0.00    0.00    0.00    0.00   87.63
22:36:00       2    2.38    0.00   70.24    0.00    0.00    3.57    0.00    0.00    0.00   23.81
22:36:00       3   16.16    0.00    1.01    0.00    0.00    0.00    0.00    0.00    0.00   82.83
