Linux 7.0.0-31-generic (ubuntu) 	09/09/26 	_aarch64_	(4 CPU)

22:34:22     CPU    %usr   %nice    %sys %iowait    %irq   %soft  %steal  %guest  %gnice   %idle
22:34:23     all    9.31    0.00   36.17    0.00    0.00    7.45    0.00    0.00    0.00   47.07
22:34:23       0    1.02    0.00   74.49    0.00    0.00   23.47    0.00    0.00    0.00    1.02
22:34:23       1   18.56    0.00    2.06    0.00    0.00    0.00    0.00    0.00    0.00   79.38
22:34:23       2    2.38    0.00   69.05    0.00    0.00    5.95    0.00    0.00    0.00   22.62
22:34:23       3   14.43    0.00    3.09    0.00    0.00    0.00    0.00    0.00    0.00   82.47

22:34:23     CPU    %usr   %nice    %sys %iowait    %irq   %soft  %steal  %guest  %gnice   %idle
22:34:24     all    2.86    0.00   35.68    0.00    0.00    7.03    0.00    0.00    0.00   54.43
22:34:24       0    1.98    0.00   74.26    0.00    0.00   23.76    0.00    0.00    0.00    0.00
22:34:24       1    3.03    0.00    1.01    0.00    0.00    0.00    0.00    0.00    0.00   95.96
22:34:24       2    1.18    0.00   71.76    0.00    0.00    3.53    0.00    0.00    0.00   23.53
22:34:24       3    5.05    0.00    0.00    0.00    0.00    0.00    0.00    0.00    0.00   94.95

22:34:24     CPU    %usr   %nice    %sys %iowait    %irq   %soft  %steal  %guest  %gnice   %idle
22:34:25     all    2.36    0.00   34.29    0.00    0.00    8.38    0.00    0.00    0.00   54.97
22:34:25       0    1.01    0.00   70.71    0.00    0.00   28.28    0.00    0.00    0.00    0.00
22:34:25       1    4.04    0.00    1.01    0.00    0.00    0.00    0.00    0.00    0.00   94.95
22:34:25       2    2.38    0.00   70.24    0.00    0.00    4.76    0.00    0.00    0.00   22.62
22:34:25       3    2.00    0.00    1.00    0.00    0.00    0.00    0.00    0.00    0.00   97.00

22:34:25     CPU    %usr   %nice    %sys %iowait    %irq   %soft  %steal  %guest  %gnice   %idle
22:34:26     all    3.98    0.00   40.85    0.00    0.00    7.43    0.00    0.00    0.00   47.75
22:34:26       0    2.00    0.00   75.00    0.00    0.00   23.00    0.00    0.00    0.00    0.00
22:34:26       1    7.22    0.00   13.40    0.00    0.00    0.00    0.00    0.00    0.00   79.38
22:34:26       2    2.41    0.00   68.67    0.00    0.00    6.02    0.00    0.00    0.00   22.89
22:34:26       3    4.12    0.00    9.28    0.00    0.00    0.00    0.00    0.00    0.00   86.60

22:34:26     CPU    %usr   %nice    %sys %iowait    %irq   %soft  %steal  %guest  %gnice   %idle
22:34:27     all    6.30    0.79   52.76    0.26    0.00    7.61    0.00    0.00    0.00   32.28
22:34:27       0    2.00    0.00   72.00    0.00    0.00   25.00    0.00    0.00    0.00    1.00
22:34:27       1    4.08    0.00   67.35    0.00    0.00    0.00    0.00    0.00    0.00   28.57
22:34:27       2    2.35    1.18   69.41    1.18    0.00    4.71    0.00    0.00    0.00   21.18
22:34:27       3   16.33    2.04    4.08    0.00    0.00    0.00    0.00    0.00    0.00   77.55

22:34:27     CPU    %usr   %nice    %sys %iowait    %irq   %soft  %steal  %guest  %gnice   %idle
22:34:28     all   11.84    0.26   35.53    0.26    0.00    7.37    0.00    0.00    0.00   44.74
22:34:28       0    1.01    0.00   73.74    0.00    0.00   24.24    0.00    0.00    0.00    1.01
22:34:28       1   22.00    1.00    2.00    0.00    0.00    0.00    0.00    0.00    0.00   75.00
22:34:28       2    6.02    0.00   67.47    0.00    0.00    4.82    0.00    0.00    0.00   21.69
22:34:28       3   17.35    0.00    4.08    1.02    0.00    0.00    0.00    0.00    0.00   77.55

22:34:28     CPU    %usr   %nice    %sys %iowait    %irq   %soft  %steal  %guest  %gnice   %idle
22:34:29     all   21.67    0.00   34.73    0.00    0.00    7.31    0.00    0.00    0.00   36.29
22:34:29       0    4.00    0.00   70.00    0.00    0.00   24.00    0.00    0.00    0.00    2.00
22:34:29       1   34.38    0.00    2.08    0.00    0.00    0.00    0.00    0.00    0.00   63.54
22:34:29       2    7.95    0.00   64.77    0.00    0.00    4.55    0.00    0.00    0.00   22.73
22:34:29       3   39.39    0.00    4.04    0.00    0.00    0.00    0.00    0.00    0.00   56.57

22:34:29     CPU    %usr   %nice    %sys %iowait    %irq   %soft  %steal  %guest  %gnice   %idle
22:34:30     all   23.87    0.00   36.60    0.00    0.00    7.16    0.00    0.00    0.00   32.36
22:34:30       0    2.02    0.00   71.72    0.00    0.00   24.24    0.00    0.00    0.00    2.02
22:34:30       1   40.21    0.00    6.19    0.00    0.00    0.00    0.00    0.00    0.00   53.61
22:34:30       2    7.23    0.00   66.27    0.00    0.00    3.61    0.00    0.00    0.00   22.89
22:34:30       3   43.88    0.00    6.12    0.00    0.00    0.00    0.00    0.00    0.00   50.00

22:34:30     CPU    %usr   %nice    %sys %iowait    %irq   %soft  %steal  %guest  %gnice   %idle
22:34:31     all   14.47    0.26   36.84    0.00    0.00    7.37    0.00    0.00    0.00   41.05
22:34:31       0    2.00    0.00   74.00    0.00    0.00   23.00    0.00    0.00    0.00    1.00
22:34:31       1   26.80    0.00    2.06    0.00    0.00    0.00    0.00    0.00    0.00   71.13
22:34:31       2    2.30    0.00   71.26    0.00    0.00    5.75    0.00    0.00    0.00   20.69
22:34:31       3   26.04    1.04    2.08    0.00    0.00    0.00    0.00    0.00    0.00   70.83

22:34:31     CPU    %usr   %nice    %sys %iowait    %irq   %soft  %steal  %guest  %gnice   %idle
22:34:32     all    3.69    0.00   34.83    0.00    0.00    7.12    0.00    0.00    0.00   54.35
22:34:32       0    1.01    0.00   73.74    0.00    0.00   24.24    0.00    0.00    0.00    1.01
22:34:32       1    4.04    0.00    1.01    0.00    0.00    0.00    0.00    0.00    0.00   94.95
22:34:32       2    3.70    0.00   70.37    0.00    0.00    3.70    0.00    0.00    0.00   22.22
22:34:32       3    6.00    0.00    1.00    0.00    0.00    0.00    0.00    0.00    0.00   93.00

22:34:32     CPU    %usr   %nice    %sys %iowait    %irq   %soft  %steal  %guest  %gnice   %idle
22:34:33     all    1.57    0.26   35.51    0.00    0.00    7.31    0.00    0.00    0.00   55.35
22:34:33       0    1.98    0.00   74.26    0.00    0.00   23.76    0.00    0.00    0.00    0.00
22:34:33       1    1.02    1.02    0.00    0.00    0.00    0.00    0.00    0.00    0.00   97.96
22:34:33       2    2.33    0.00   70.93    0.00    0.00    4.65    0.00    0.00    0.00   22.09
22:34:33       3    1.02    0.00    0.00    0.00    0.00    0.00    0.00    0.00    0.00   98.98

22:34:33     CPU    %usr   %nice    %sys %iowait    %irq   %soft  %steal  %guest  %gnice   %idle
22:34:34     all    2.35    0.00   35.25    0.00    0.00    8.09    0.00    0.00    0.00   54.31
22:34:34       0    1.00    0.00   72.00    0.00    0.00   27.00    0.00    0.00    0.00    0.00
22:34:34       1    3.00    0.00    1.00    0.00    0.00    0.00    0.00    0.00    0.00   96.00
22:34:34       2    2.38    0.00   70.24    0.00    0.00    4.76    0.00    0.00    0.00   22.62
22:34:34       3    3.03    0.00    3.03    0.00    0.00    0.00    0.00    0.00    0.00   93.94

22:34:34     CPU    %usr   %nice    %sys %iowait    %irq   %soft  %steal  %guest  %gnice   %idle
22:34:35     all    5.73    0.00   35.68    0.00    0.00    7.81    0.00    0.00    0.00   50.78
22:34:35       0    1.00    0.00   74.00    0.00    0.00   25.00    0.00    0.00    0.00    0.00
22:34:35       1    8.16    0.00    1.02    0.00    0.00    0.00    0.00    0.00    0.00   90.82
22:34:35       2    2.33    0.00   69.77    0.00    0.00    5.81    0.00    0.00    0.00   22.09
22:34:35       3   11.00    0.00    2.00    0.00    0.00    0.00    0.00    0.00    0.00   87.00

22:34:35     CPU    %usr   %nice    %sys %iowait    %irq   %soft  %steal  %guest  %gnice   %idle
22:34:36     all    3.42    0.00   35.26    0.00    0.00    8.16    0.00    0.00    0.00   53.16
22:34:36       0    2.00    0.00   72.00    0.00    0.00   26.00    0.00    0.00    0.00    0.00
22:34:36       1    5.10    0.00    3.06    0.00    0.00    0.00    0.00    0.00    0.00   91.84
22:34:36       2    1.20    0.00   69.88    0.00    0.00    6.02    0.00    0.00    0.00   22.89
22:34:36       3    5.05    0.00    1.01    0.00    0.00    0.00    0.00    0.00    0.00   93.94

22:34:36     CPU    %usr   %nice    %sys %iowait    %irq   %soft  %steal  %guest  %gnice   %idle
22:34:37     all   16.15    0.00   35.42    0.00    0.00    7.29    0.00    0.00    0.00   41.15
22:34:37       0    2.02    0.00   72.73    0.00    0.00   24.24    0.00    0.00    0.00    1.01
22:34:37       1   12.12    0.00    2.02    0.00    0.00    0.00    0.00    0.00    0.00   85.86
22:34:37       2    6.90    0.00   67.82    0.00    0.00    4.60    0.00    0.00    0.00   20.69
22:34:37       3   42.42    0.00    3.03    0.00    0.00    0.00    0.00    0.00    0.00   54.55

22:34:37     CPU    %usr   %nice    %sys %iowait    %irq   %soft  %steal  %guest  %gnice   %idle
22:34:38     all    9.95    0.00   38.22    0.26    0.00    7.07    0.00    0.00    0.00   44.50
22:34:38       0    3.00    0.00   73.00    0.00    0.00   23.00    0.00    0.00    0.00    1.00
22:34:38       1   20.20    0.00   11.11    0.00    0.00    0.00    0.00    0.00    0.00   68.69
22:34:38       2    3.57    0.00   70.24    0.00    0.00    4.76    0.00    0.00    0.00   21.43
22:34:38       3   12.12    0.00    3.03    1.01    0.00    0.00    0.00    0.00    0.00   83.84

22:34:38     CPU    %usr   %nice    %sys %iowait    %irq   %soft  %steal  %guest  %gnice   %idle
22:34:39     all    1.81    0.00   35.49    0.00    0.00    7.25    0.00    0.00    0.00   55.44
22:34:39       0    0.99    0.00   75.25    0.00    0.00   23.76    0.00    0.00    0.00    0.00
22:34:39       1    3.03    0.00    0.00    0.00    0.00    0.00    0.00    0.00    0.00   96.97
22:34:39       2    2.33    0.00   70.93    0.00    0.00    4.65    0.00    0.00    0.00   22.09
22:34:39       3    1.00    0.00    0.00    0.00    0.00    0.00    0.00    0.00    0.00   99.00

22:34:39     CPU    %usr   %nice    %sys %iowait    %irq   %soft  %steal  %guest  %gnice   %idle
22:34:40     all    2.38    0.00   34.66    0.00    0.00    7.14    0.00    0.00    0.00   55.82
22:34:40       0    2.00    0.00   73.00    0.00    0.00   24.00    0.00    0.00    0.00    1.00
22:34:40       1    3.06    0.00    0.00    0.00    0.00    0.00    0.00    0.00    0.00   96.94
22:34:40       2    2.47    0.00   70.37    0.00    0.00    3.70    0.00    0.00    0.00   23.46
22:34:40       3    2.02    0.00    1.01    0.00    0.00    0.00    0.00    0.00    0.00   96.97
