Linux 7.0.0-31-generic (ubuntu) 	09/09/26 	_aarch64_	(4 CPU)

22:36:43     CPU    %usr   %nice    %sys %iowait    %irq   %soft  %steal  %guest  %gnice   %idle
22:36:44     all   16.75    0.52   35.60    0.00    0.00    7.33    0.00    0.00    0.00   39.79
22:36:44       0    2.00    1.00   73.00    0.00    0.00   22.00    0.00    0.00    0.00    2.00
22:36:44       1   31.31    1.01    3.03    0.00    0.00    0.00    0.00    0.00    0.00   64.65
22:36:44       2    3.57    0.00   66.67    0.00    0.00    7.14    0.00    0.00    0.00   22.62
22:36:44       3   28.28    0.00    4.04    0.00    0.00    0.00    0.00    0.00    0.00   67.68

22:36:44     CPU    %usr   %nice    %sys %iowait    %irq   %soft  %steal  %guest  %gnice   %idle
22:36:45     all   16.22    0.00   34.04    0.00    0.00    6.91    0.00    0.00    0.00   42.82
22:36:45       0    2.04    0.00   72.45    0.00    0.00   22.45    0.00    0.00    0.00    3.06
22:36:45       1   23.47    0.00    2.04    0.00    0.00    0.00    0.00    0.00    0.00   74.49
22:36:45       2    7.23    0.00   65.06    0.00    0.00    4.82    0.00    0.00    0.00   22.89
22:36:45       3   30.93    0.00    1.03    0.00    0.00    0.00    0.00    0.00    0.00   68.04

22:36:45     CPU    %usr   %nice    %sys %iowait    %irq   %soft  %steal  %guest  %gnice   %idle
22:36:46     all   16.62    0.00   35.32    0.00    0.00    6.49    0.00    0.00    0.00   41.56
22:36:46       0    3.00    0.00   71.00    0.00    0.00   23.00    0.00    0.00    0.00    3.00
22:36:46       1   29.59    0.00    2.04    0.00    0.00    0.00    0.00    0.00    0.00   68.37
22:36:46       2    8.05    0.00   67.82    0.00    0.00    2.30    0.00    0.00    0.00   21.84
22:36:46       3   25.00    0.00    4.00    0.00    0.00    0.00    0.00    0.00    0.00   71.00

22:36:46     CPU    %usr   %nice    %sys %iowait    %irq   %soft  %steal  %guest  %gnice   %idle
22:36:47     all   15.06    0.00   36.62    0.00    0.00    7.53    0.00    0.00    0.00   40.78
22:36:47       0    2.00    0.00   73.00    0.00    0.00   24.00    0.00    0.00    0.00    1.00
22:36:47       1   23.23    0.00    4.04    0.00    0.00    0.00    0.00    0.00    0.00   72.73
22:36:47       2    3.41    0.00   68.18    0.00    0.00    5.68    0.00    0.00    0.00   22.73
22:36:47       3   30.61    0.00    4.08    0.00    0.00    0.00    0.00    0.00    0.00   65.31

22:36:47     CPU    %usr   %nice    %sys %iowait    %irq   %soft  %steal  %guest  %gnice   %idle
22:36:48     all   17.80    0.79   36.39    0.00    0.00    7.33    0.00    0.00    0.00   37.70
22:36:48       0    3.00    0.00   71.00    0.00    0.00   24.00    0.00    0.00    0.00    2.00
22:36:48       1   33.67    0.00    5.10    0.00    0.00    0.00    0.00    0.00    0.00   61.22
22:36:48       2    5.88    0.00   68.24    0.00    0.00    4.71    0.00    0.00    0.00   21.18
22:36:48       3   27.27    3.03    5.05    0.00    0.00    0.00    0.00    0.00    0.00   64.65

22:36:48     CPU    %usr   %nice    %sys %iowait    %irq   %soft  %steal  %guest  %gnice   %idle
22:36:49     all   16.32    0.00   36.05    0.00    0.00    7.11    0.00    0.00    0.00   40.53
22:36:49       0    2.04    0.00   72.45    0.00    0.00   24.49    0.00    0.00    0.00    1.02
22:36:49       1   35.71    0.00    3.06    0.00    0.00    0.00    0.00    0.00    0.00   61.22
22:36:49       2    4.71    0.00   68.24    0.00    0.00    3.53    0.00    0.00    0.00   23.53
22:36:49       3   21.21    0.00    5.05    0.00    0.00    0.00    0.00    0.00    0.00   73.74

22:36:49     CPU    %usr   %nice    %sys %iowait    %irq   %soft  %steal  %guest  %gnice   %idle
22:36:50     all   15.62    0.00   35.42    0.00    0.00    7.55    0.00    0.00    0.00   41.41
22:36:50       0    1.98    0.00   72.28    0.00    0.00   23.76    0.00    0.00    0.00    1.98
22:36:50       1   29.29    0.00    2.02    0.00    0.00    0.00    0.00    0.00    0.00   68.69
22:36:50       2    3.49    0.00   68.60    0.00    0.00    5.81    0.00    0.00    0.00   22.09
22:36:50       3   26.53    0.00    2.04    0.00    0.00    0.00    0.00    0.00    0.00   71.43

22:36:50     CPU    %usr   %nice    %sys %iowait    %irq   %soft  %steal  %guest  %gnice   %idle
22:36:51     all   15.26    0.00   34.74    0.26    0.00    8.16    0.00    0.00    0.00   41.58
22:36:51       0    2.00    0.00   70.00    0.00    0.00   27.00    0.00    0.00    0.00    1.00
22:36:51       1   26.80    0.00    2.06    0.00    0.00    0.00    0.00    0.00    0.00   71.13
22:36:51       2    2.41    0.00   69.88    0.00    0.00    4.82    0.00    0.00    0.00   22.89
22:36:51       3   28.00    0.00    2.00    1.00    0.00    0.00    0.00    0.00    0.00   69.00

22:36:51     CPU    %usr   %nice    %sys %iowait    %irq   %soft  %steal  %guest  %gnice   %idle
22:36:52     all    5.50    0.00   35.86    0.00    0.00    7.59    0.00    0.00    0.00   51.05
22:36:52       0    2.02    0.00   72.73    0.00    0.00   25.25    0.00    0.00    0.00    0.00
22:36:52       1    8.16    0.00    2.04    0.00    0.00    0.00    0.00    0.00    0.00   89.80
22:36:52       2    4.60    0.00   68.97    0.00    0.00    4.60    0.00    0.00    0.00   21.84
22:36:52       3    7.14    0.00    3.06    0.00    0.00    0.00    0.00    0.00    0.00   89.80

22:36:52     CPU    %usr   %nice    %sys %iowait    %irq   %soft  %steal  %guest  %gnice   %idle
22:36:53     all    6.23    0.00   36.10    0.00    0.00    7.27    0.00    0.00    0.00   50.39
22:36:53       0    1.98    0.00   73.27    0.00    0.00   23.76    0.00    0.00    0.00    0.99
22:36:53       1   11.22    0.00    0.00    0.00    0.00    0.00    0.00    0.00    0.00   88.78
22:36:53       2    3.45    0.00   70.11    0.00    0.00    4.60    0.00    0.00    0.00   21.84
22:36:53       3    8.08    0.00    4.04    0.00    0.00    0.00    0.00    0.00    0.00   87.88

22:36:53     CPU    %usr   %nice    %sys %iowait    %irq   %soft  %steal  %guest  %gnice   %idle
22:36:54     all    3.62    0.00   36.18    0.00    0.00    6.98    0.00    0.00    0.00   53.23
22:36:54       0    1.00    0.00   77.00    0.00    0.00   22.00    0.00    0.00    0.00    0.00
22:36:54       1    5.05    0.00    1.01    0.00    0.00    0.00    0.00    0.00    0.00   93.94
22:36:54       2    2.27    0.00   70.45    0.00    0.00    5.68    0.00    0.00    0.00   21.59
22:36:54       3    6.00    0.00    0.00    0.00    0.00    0.00    0.00    0.00    0.00   94.00

22:36:54     CPU    %usr   %nice    %sys %iowait    %irq   %soft  %steal  %guest  %gnice   %idle
22:36:55     all    4.46    0.00   36.22    0.00    0.00    6.56    0.00    0.00    0.00   52.76
22:36:55       0    3.00    0.00   75.00    0.00    0.00   22.00    0.00    0.00    0.00    0.00
22:36:55       1    6.12    0.00    2.04    0.00    0.00    0.00    0.00    0.00    0.00   91.84
22:36:55       2    2.38    0.00   71.43    0.00    0.00    3.57    0.00    0.00    0.00   22.62
22:36:55       3    6.06    0.00    1.01    0.00    0.00    0.00    0.00    0.00    0.00   92.93

22:36:55     CPU    %usr   %nice    %sys %iowait    %irq   %soft  %steal  %guest  %gnice   %idle
22:36:56     all   14.66    0.26   35.60    0.00    0.00    7.59    0.00    0.00    0.00   41.88
22:36:56       0    1.02    0.00   73.47    0.00    0.00   24.49    0.00    0.00    0.00    1.02
22:36:56       1   33.33    0.00    2.02    0.00    0.00    0.00    0.00    0.00    0.00   64.65
22:36:56       2    2.30    0.00   68.97    0.00    0.00    5.75    0.00    0.00    0.00   22.99
22:36:56       3   20.41    1.02    2.04    0.00    0.00    0.00    0.00    0.00    0.00   76.53

22:36:56     CPU    %usr   %nice    %sys %iowait    %irq   %soft  %steal  %guest  %gnice   %idle
22:36:57     all   15.67    0.00   35.51    0.26    0.00    7.05    0.00    0.00    0.00   41.51
22:36:57       0    1.98    0.00   73.27    0.00    0.00   23.76    0.00    0.00    0.00    0.99
22:36:57       1   20.20    0.00    1.01    0.00    0.00    0.00    0.00    0.00    0.00   78.79
22:36:57       2    2.38    0.00   70.24    0.00    0.00    3.57    0.00    0.00    0.00   23.81
22:36:57       3   36.36    0.00    2.02    1.01    0.00    0.00    0.00    0.00    0.00   60.61

22:36:57     CPU    %usr   %nice    %sys %iowait    %irq   %soft  %steal  %guest  %gnice   %idle
22:36:58     all   15.18    0.00   37.17    0.00    0.00    7.07    0.00    0.00    0.00   40.58
22:36:58       0    2.02    0.00   74.75    0.00    0.00   23.23    0.00    0.00    0.00    0.00
22:36:58       1   28.57    0.00    3.06    0.00    0.00    0.00    0.00    0.00    0.00   68.37
22:36:58       2    2.30    0.00   71.26    0.00    0.00    4.60    0.00    0.00    0.00   21.84
22:36:58       3   26.53    0.00    3.06    0.00    0.00    0.00    0.00    0.00    0.00   70.41

22:36:58     CPU    %usr   %nice    %sys %iowait    %irq   %soft  %steal  %guest  %gnice   %idle
22:36:59     all   15.49    0.00   35.96    0.00    0.00    7.09    0.00    0.00    0.00   41.47
22:36:59       0    1.01    0.00   74.75    0.00    0.00   23.23    0.00    0.00    0.00    1.01
22:36:59       1   36.36    0.00    2.02    0.00    0.00    0.00    0.00    0.00    0.00   61.62
22:36:59       2    2.35    0.00   69.41    0.00    0.00    4.71    0.00    0.00    0.00   23.53
22:36:59       3   20.41    0.00    2.04    0.00    0.00    0.00    0.00    0.00    0.00   77.55

22:36:59     CPU    %usr   %nice    %sys %iowait    %irq   %soft  %steal  %guest  %gnice   %idle
22:37:00     all   17.85    0.00   33.86    0.00    0.00    7.09    0.00    0.00    0.00   41.21
22:37:00       0    3.96    0.00   70.30    0.00    0.00   22.77    0.00    0.00    0.00    2.97
22:37:00       1   26.26    0.00    2.02    0.00    0.00    0.00    0.00    0.00    0.00   71.72
22:37:00       2    6.02    0.00   66.27    0.00    0.00    4.82    0.00    0.00    0.00   22.89
22:37:00       3   33.67    0.00    1.02    0.00    0.00    0.00    0.00    0.00    0.00   65.31

22:37:00     CPU    %usr   %nice    %sys %iowait    %irq   %soft  %steal  %guest  %gnice   %idle
22:37:01     all   16.14    0.00   34.66    0.00    0.00    7.41    0.00    0.00    0.00   41.80
22:37:01       0    1.02    0.00   72.45    0.00    0.00   24.49    0.00    0.00    0.00    2.04
22:37:01       1   27.84    0.00    2.06    0.00    0.00    0.00    0.00    0.00    0.00   70.10
22:37:01       2    5.95    0.00   66.67    0.00    0.00    4.76    0.00    0.00    0.00   22.62
22:37:01       3   28.28    0.00    2.02    0.00    0.00    0.00    0.00    0.00    0.00   69.70
