Linux 7.0.0-31-generic (ubuntu) 	09/09/26 	_aarch64_	(4 CPU)

22:35:02     CPU    %usr   %nice    %sys %iowait    %irq   %soft  %steal  %guest  %gnice   %idle
22:35:03     all   13.65    0.00   35.70    0.26    0.00    6.82    0.00    0.00    0.00   43.57
22:35:03       0    4.04    0.00   71.72    0.00    0.00   22.22    0.00    0.00    0.00    2.02
22:35:03       1   25.51    0.00    4.08    1.02    0.00    0.00    0.00    0.00    0.00   69.39
22:35:03       2    8.24    0.00   65.88    0.00    0.00    4.71    0.00    0.00    0.00   21.18
22:35:03       3   16.16    0.00    5.05    0.00    0.00    0.00    0.00    0.00    0.00   78.79

22:35:03     CPU    %usr   %nice    %sys %iowait    %irq   %soft  %steal  %guest  %gnice   %idle
22:35:04     all   32.72    0.00   31.15    0.00    0.00    5.76    0.00    0.00    0.00   30.37
22:35:04       0   18.37    0.00   59.18    0.00    0.00   19.39    0.00    0.00    0.00    3.06
22:35:04       1   42.86    0.00    7.14    0.00    0.00    0.00    0.00    0.00    0.00   50.00
22:35:04       2   27.27    0.00   53.41    0.00    0.00    3.41    0.00    0.00    0.00   15.91
22:35:04       3   41.84    0.00    7.14    0.00    0.00    0.00    0.00    0.00    0.00   51.02

22:35:04     CPU    %usr   %nice    %sys %iowait    %irq   %soft  %steal  %guest  %gnice   %idle
22:35:05     all    4.15    0.00   37.05    0.00    0.00    6.74    0.00    0.00    0.00   52.07
22:35:05       0    2.00    0.00   76.00    0.00    0.00   22.00    0.00    0.00    0.00    0.00
22:35:05       1    4.04    0.00    3.03    0.00    0.00    0.00    0.00    0.00    0.00   92.93
22:35:05       2    2.30    0.00   71.26    0.00    0.00    4.60    0.00    0.00    0.00   21.84
22:35:05       3    8.00    0.00    2.00    0.00    0.00    0.00    0.00    0.00    0.00   90.00

22:35:05     CPU    %usr   %nice    %sys %iowait    %irq   %soft  %steal  %guest  %gnice   %idle
22:35:06     all    2.09    0.00   36.39    0.00    0.00    7.85    0.00    0.00    0.00   53.66
22:35:06       0    1.00    0.00   74.00    0.00    0.00   25.00    0.00    0.00    0.00    0.00
22:35:06       1    3.03    0.00    1.01    0.00    0.00    1.01    0.00    0.00    0.00   94.95
22:35:06       2    1.20    0.00   71.08    0.00    0.00    4.82    0.00    0.00    0.00   22.89
22:35:06       3    3.00    0.00    5.00    0.00    0.00    0.00    0.00    0.00    0.00   92.00

22:35:06     CPU    %usr   %nice    %sys %iowait    %irq   %soft  %steal  %guest  %gnice   %idle
22:35:07     all    5.73    0.78   35.42    0.00    0.00    7.81    0.00    0.00    0.00   50.26
22:35:07       0    2.00    0.00   72.00    0.00    0.00   26.00    0.00    0.00    0.00    0.00
22:35:07       1    9.18    1.02    1.02    0.00    0.00    0.00    0.00    0.00    0.00   88.78
22:35:07       2    2.30    0.00   70.11    0.00    0.00    4.60    0.00    0.00    0.00   22.99
22:35:07       3    9.09    2.02    2.02    0.00    0.00    0.00    0.00    0.00    0.00   86.87

22:35:07     CPU    %usr   %nice    %sys %iowait    %irq   %soft  %steal  %guest  %gnice   %idle
22:35:08     all    2.36    0.00   34.55    0.00    0.00    7.85    0.00    0.00    0.00   55.24
22:35:08       0    2.00    0.00   73.00    0.00    0.00   25.00    0.00    0.00    0.00    0.00
22:35:08       1    3.03    0.00    1.01    0.00    0.00    0.00    0.00    0.00    0.00   95.96
22:35:08       2    3.57    0.00   67.86    0.00    0.00    5.95    0.00    0.00    0.00   22.62
22:35:08       3    1.01    0.00    1.01    0.00    0.00    0.00    0.00    0.00    0.00   97.98

22:35:08     CPU    %usr   %nice    %sys %iowait    %irq   %soft  %steal  %guest  %gnice   %idle
22:35:09     all    3.94    0.00   34.65    0.26    0.00    8.14    0.00    0.00    0.00   53.02
22:35:09       0    1.98    0.00   71.29    0.00    0.00   26.73    0.00    0.00    0.00    0.00
22:35:09       1    6.06    0.00    2.02    0.00    0.00    0.00    0.00    0.00    0.00   91.92
22:35:09       2    1.23    0.00   70.37    0.00    0.00    4.94    0.00    0.00    0.00   23.46
22:35:09       3    6.00    0.00    1.00    1.00    0.00    0.00    0.00    0.00    0.00   92.00

22:35:09     CPU    %usr   %nice    %sys %iowait    %irq   %soft  %steal  %guest  %gnice   %idle
22:35:10     all    2.88    0.00   35.60    0.00    0.00    7.33    0.00    0.00    0.00   54.19
22:35:10       0    1.01    0.00   74.75    0.00    0.00   24.24    0.00    0.00    0.00    0.00
22:35:10       1    1.01    0.00    1.01    0.00    0.00    0.00    0.00    0.00    0.00   97.98
22:35:10       2    2.35    0.00   70.59    0.00    0.00    4.71    0.00    0.00    0.00   22.35
22:35:10       3    7.07    0.00    1.01    0.00    0.00    0.00    0.00    0.00    0.00   91.92

22:35:10     CPU    %usr   %nice    %sys %iowait    %irq   %soft  %steal  %guest  %gnice   %idle
22:35:11     all    3.94    0.26   34.65    0.00    0.00    7.61    0.00    0.00    0.00   53.54
22:35:11       0    2.00    0.00   74.00    0.00    0.00   24.00    0.00    0.00    0.00    0.00
22:35:11       1    6.12    0.00    0.00    0.00    0.00    0.00    0.00    0.00    0.00   93.88
22:35:11       2    2.41    0.00   68.67    0.00    0.00    6.02    0.00    0.00    0.00   22.89
22:35:11       3    5.00    1.00    1.00    0.00    0.00    0.00    0.00    0.00    0.00   93.00

22:35:11     CPU    %usr   %nice    %sys %iowait    %irq   %soft  %steal  %guest  %gnice   %idle
22:35:12     all    2.62    0.00   35.86    0.00    0.00    7.33    0.00    0.00    0.00   54.19
22:35:12       0    1.00    0.00   75.00    0.00    0.00   24.00    0.00    0.00    0.00    0.00
22:35:12       1    6.06    0.00    1.01    0.00    0.00    0.00    0.00    0.00    0.00   92.93
22:35:12       2    1.19    0.00   71.43    0.00    0.00    4.76    0.00    0.00    0.00   22.62
22:35:12       3    2.02    0.00    1.01    0.00    0.00    0.00    0.00    0.00    0.00   96.97

22:35:12     CPU    %usr   %nice    %sys %iowait    %irq   %soft  %steal  %guest  %gnice   %idle
22:35:13     all    1.57    0.00   34.99    0.00    0.00    7.31    0.00    0.00    0.00   56.14
22:35:13       0    1.00    0.00   74.00    0.00    0.00   25.00    0.00    0.00    0.00    0.00
22:35:13       1    2.00    0.00    0.00    0.00    0.00    0.00    0.00    0.00    0.00   98.00
22:35:13       2    2.38    0.00   71.43    0.00    0.00    3.57    0.00    0.00    0.00   22.62
22:35:13       3    1.01    0.00    0.00    0.00    0.00    0.00    0.00    0.00    0.00   98.99

22:35:13     CPU    %usr   %nice    %sys %iowait    %irq   %soft  %steal  %guest  %gnice   %idle
22:35:14     all    1.57    0.00   36.39    0.00    0.00    6.54    0.00    0.00    0.00   55.50
22:35:14       0    2.00    0.00   76.00    0.00    0.00   22.00    0.00    0.00    0.00    0.00
22:35:14       1    1.01    0.00    1.01    0.00    0.00    0.00    0.00    0.00    0.00   97.98
22:35:14       2    2.38    0.00   72.62    0.00    0.00    3.57    0.00    0.00    0.00   21.43
22:35:14       3    1.01    0.00    1.01    0.00    0.00    0.00    0.00    0.00    0.00   97.98

22:35:14     CPU    %usr   %nice    %sys %iowait    %irq   %soft  %steal  %guest  %gnice   %idle
22:35:15     all    2.34    0.00   35.58    0.00    0.00    7.79    0.00    0.00    0.00   54.29
22:35:15       0    2.00    0.00   72.00    0.00    0.00   26.00    0.00    0.00    0.00    0.00
22:35:15       1    2.02    0.00    3.03    0.00    0.00    0.00    0.00    0.00    0.00   94.95
22:35:15       2    1.15    0.00   71.26    0.00    0.00    4.60    0.00    0.00    0.00   22.99
22:35:15       3    4.04    0.00    0.00    0.00    0.00    0.00    0.00    0.00    0.00   95.96

22:35:15     CPU    %usr   %nice    %sys %iowait    %irq   %soft  %steal  %guest  %gnice   %idle
22:35:16     all   33.94    0.00   32.90    0.00    0.00    6.48    0.00    0.00    0.00   26.68
22:35:16       0    8.08    0.00   68.69    0.00    0.00   21.21    0.00    0.00    0.00    2.02
22:35:16       1   52.53    0.00    2.02    0.00    0.00    0.00    0.00    0.00    0.00   45.45
22:35:16       2   15.91    0.00   62.50    0.00    0.00    4.55    0.00    0.00    0.00   17.05
22:35:16       3   57.00    0.00    2.00    0.00    0.00    0.00    0.00    0.00    0.00   41.00

22:35:16     CPU    %usr   %nice    %sys %iowait    %irq   %soft  %steal  %guest  %gnice   %idle
22:35:17     all   13.32    0.00   33.42    0.00    0.00    7.05    0.00    0.00    0.00   46.21
22:35:17       0    8.08    0.00   68.69    0.00    0.00   23.23    0.00    0.00    0.00    0.00
22:35:17       1   18.18    0.00    2.02    0.00    0.00    0.00    0.00    0.00    0.00   79.80
22:35:17       2   10.47    0.00   63.95    0.00    0.00    4.65    0.00    0.00    0.00   20.93
22:35:17       3   16.16    0.00    3.03    0.00    0.00    0.00    0.00    0.00    0.00   80.81

22:35:17     CPU    %usr   %nice    %sys %iowait    %irq   %soft  %steal  %guest  %gnice   %idle
22:35:18     all    2.63    0.00   34.74    0.00    0.00    7.63    0.00    0.00    0.00   55.00
22:35:18       0    1.00    0.00   74.00    0.00    0.00   25.00    0.00    0.00    0.00    0.00
22:35:18       1    2.04    0.00    0.00    0.00    0.00    0.00    0.00    0.00    0.00   97.96
22:35:18       2    3.61    0.00   68.67    0.00    0.00    4.82    0.00    0.00    0.00   22.89
22:35:18       3    4.04    0.00    1.01    0.00    0.00    0.00    0.00    0.00    0.00   94.95

22:35:18     CPU    %usr   %nice    %sys %iowait    %irq   %soft  %steal  %guest  %gnice   %idle
22:35:19     all    2.34    0.00   35.68    0.00    0.00    7.29    0.00    0.00    0.00   54.69
22:35:19       0    1.98    0.00   74.26    0.00    0.00   23.76    0.00    0.00    0.00    0.00
22:35:19       1    4.04    0.00    1.01    0.00    0.00    0.00    0.00    0.00    0.00   94.95
22:35:19       2    1.18    0.00   71.76    0.00    0.00    4.71    0.00    0.00    0.00   22.35
22:35:19       3    2.02    0.00    0.00    0.00    0.00    0.00    0.00    0.00    0.00   97.98

22:35:19     CPU    %usr   %nice    %sys %iowait    %irq   %soft  %steal  %guest  %gnice   %idle
22:35:20     all    2.08    0.00   35.42    0.00    0.00    7.03    0.00    0.00    0.00   55.47
22:35:20       0    2.00    0.00   76.00    0.00    0.00   22.00    0.00    0.00    0.00    0.00
22:35:20       1    2.04    0.00    0.00    0.00    0.00    0.00    0.00    0.00    0.00   97.96
22:35:20       2    3.45    0.00   67.82    0.00    0.00    5.75    0.00    0.00    0.00   22.99
22:35:20       3    1.01    0.00    1.01    0.00    0.00    0.00    0.00    0.00    0.00   97.98
