Linux 7.0.0-31-generic (ubuntu) 	09/09/26 	_aarch64_	(4 CPU)

22:34:42     CPU    %usr   %nice    %sys %iowait    %irq   %soft  %steal  %guest  %gnice   %idle
22:34:43     all    2.10    0.00   34.12    0.00    0.00    8.14    0.00    0.00    0.00   55.64
22:34:43       0    1.00    0.00   72.00    0.00    0.00   27.00    0.00    0.00    0.00    0.00
22:34:43       1    2.02    0.00    1.01    0.00    0.00    0.00    0.00    0.00    0.00   96.97
22:34:43       2    3.61    0.00   68.67    0.00    0.00    4.82    0.00    0.00    0.00   22.89
22:34:43       3    2.02    0.00    0.00    0.00    0.00    0.00    0.00    0.00    0.00   97.98

22:34:43     CPU    %usr   %nice    %sys %iowait    %irq   %soft  %steal  %guest  %gnice   %idle
22:34:44     all    1.05    0.00   34.38    0.00    0.00    7.87    0.00    0.00    0.00   56.69
22:34:44       0    1.01    0.00   73.74    0.00    0.00   25.25    0.00    0.00    0.00    0.00
22:34:44       1    1.01    0.00    0.00    0.00    0.00    0.00    0.00    0.00    0.00   98.99
22:34:44       2    2.41    0.00   68.67    0.00    0.00    6.02    0.00    0.00    0.00   22.89
22:34:44       3    0.00    0.00    1.00    0.00    0.00    0.00    0.00    0.00    0.00   99.00

22:34:44     CPU    %usr   %nice    %sys %iowait    %irq   %soft  %steal  %guest  %gnice   %idle
22:34:45     all    2.08    0.00   34.81    0.00    0.00    7.79    0.00    0.00    0.00   55.32
22:34:45       0    1.98    0.00   71.29    0.00    0.00   26.73    0.00    0.00    0.00    0.00
22:34:45       1    1.00    0.00    1.00    0.00    0.00    0.00    0.00    0.00    0.00   98.00
22:34:45       2    2.35    0.00   71.76    0.00    0.00    3.53    0.00    0.00    0.00   22.35
22:34:45       3    3.03    0.00    0.00    0.00    0.00    0.00    0.00    0.00    0.00   96.97

22:34:45     CPU    %usr   %nice    %sys %iowait    %irq   %soft  %steal  %guest  %gnice   %idle
22:34:46     all    2.36    0.00   36.22    0.00    0.00    7.35    0.00    0.00    0.00   54.07
22:34:46       0    1.01    0.00   73.74    0.00    0.00   25.25    0.00    0.00    0.00    0.00
22:34:46       1    3.00    0.00    3.00    0.00    0.00    0.00    0.00    0.00    0.00   94.00
22:34:46       2    1.20    0.00   73.49    0.00    0.00    3.61    0.00    0.00    0.00   21.69
22:34:46       3    4.04    0.00    1.01    0.00    0.00    0.00    0.00    0.00    0.00   94.95

22:34:46     CPU    %usr   %nice    %sys %iowait    %irq   %soft  %steal  %guest  %gnice   %idle
22:34:47     all    2.89    0.26   35.17    0.00    0.00    7.61    0.00    0.00    0.00   54.07
22:34:47       0    2.00    0.00   73.00    0.00    0.00   25.00    0.00    0.00    0.00    0.00
22:34:47       1    1.03    1.03    1.03    0.00    0.00    0.00    0.00    0.00    0.00   96.91
22:34:47       2    3.53    0.00   69.41    0.00    0.00    4.71    0.00    0.00    0.00   22.35
22:34:47       3    5.05    0.00    1.01    0.00    0.00    0.00    0.00    0.00    0.00   93.94

22:34:47     CPU    %usr   %nice    %sys %iowait    %irq   %soft  %steal  %guest  %gnice   %idle
22:34:48     all    1.83    0.00   35.60    0.00    0.00    7.07    0.00    0.00    0.00   55.50
22:34:48       0    2.00    0.00   74.00    0.00    0.00   24.00    0.00    0.00    0.00    0.00
22:34:48       1    3.00    0.00    1.00    0.00    0.00    0.00    0.00    0.00    0.00   96.00
22:34:48       2    1.20    0.00   72.29    0.00    0.00    3.61    0.00    0.00    0.00   22.89
22:34:48       3    1.01    0.00    1.01    0.00    0.00    0.00    0.00    0.00    0.00   97.98

22:34:48     CPU    %usr   %nice    %sys %iowait    %irq   %soft  %steal  %guest  %gnice   %idle
22:34:49     all    2.34    0.00   34.64    0.00    0.00    8.07    0.00    0.00    0.00   54.95
22:34:49       0    1.98    0.00   71.29    0.00    0.00   26.73    0.00    0.00    0.00    0.00
22:34:49       1    1.01    0.00    1.01    0.00    0.00    0.00    0.00    0.00    0.00   97.98
22:34:49       2    2.35    0.00   70.59    0.00    0.00    4.71    0.00    0.00    0.00   22.35
22:34:49       3    4.04    0.00    0.00    0.00    0.00    0.00    0.00    0.00    0.00   95.96

22:34:49     CPU    %usr   %nice    %sys %iowait    %irq   %soft  %steal  %guest  %gnice   %idle
22:34:50     all    1.04    0.00   35.25    0.00    0.00    7.57    0.00    0.00    0.00   56.14
22:34:50       0    1.00    0.00   75.00    0.00    0.00   24.00    0.00    0.00    0.00    0.00
22:34:50       1    0.00    0.00    1.01    0.00    0.00    0.00    0.00    0.00    0.00   98.99
22:34:50       2    2.38    0.00   70.24    0.00    0.00    5.95    0.00    0.00    0.00   21.43
22:34:50       3    1.00    0.00    0.00    0.00    0.00    0.00    0.00    0.00    0.00   99.00

22:34:50     CPU    %usr   %nice    %sys %iowait    %irq   %soft  %steal  %guest  %gnice   %idle
22:34:51     all    2.07    0.52   36.79    0.52    0.00    6.74    0.00    0.00    0.00   53.37
22:34:51       0    2.00    0.00   76.00    0.00    0.00   22.00    0.00    0.00    0.00    0.00
22:34:51       1    3.03    1.01    1.01    1.01    0.00    0.00    0.00    0.00    0.00   93.94
22:34:51       2    1.15    0.00   72.41    0.00    0.00    4.60    0.00    0.00    0.00   21.84
22:34:51       3    2.00    1.00    2.00    1.00    0.00    0.00    0.00    0.00    0.00   94.00

22:34:51     CPU    %usr   %nice    %sys %iowait    %irq   %soft  %steal  %guest  %gnice   %idle
22:34:52     all    2.86    0.00   34.81    0.00    0.00    7.27    0.00    0.00    0.00   55.06
22:34:52       0    1.00    0.00   74.00    0.00    0.00   24.00    0.00    0.00    0.00    1.00
22:34:52       1    3.00    0.00    1.00    0.00    0.00    0.00    0.00    0.00    0.00   96.00
22:34:52       2    3.53    0.00   69.41    0.00    0.00    4.71    0.00    0.00    0.00   22.35
22:34:52       3    4.00    0.00    0.00    0.00    0.00    0.00    0.00    0.00    0.00   96.00

22:34:52     CPU    %usr   %nice    %sys %iowait    %irq   %soft  %steal  %guest  %gnice   %idle
22:34:53     all    2.89    0.00   35.53    0.00    0.00    7.89    0.00    0.00    0.00   53.68
22:34:53       0    2.00    0.00   73.00    0.00    0.00   25.00    0.00    0.00    0.00    0.00
22:34:53       1    2.04    0.00    3.06    0.00    0.00    0.00    0.00    0.00    0.00   94.90
22:34:53       2    1.19    0.00   70.24    0.00    0.00    5.95    0.00    0.00    0.00   22.62
22:34:53       3    6.12    0.00    0.00    0.00    0.00    0.00    0.00    0.00    0.00   93.88

22:34:53     CPU    %usr   %nice    %sys %iowait    %irq   %soft  %steal  %guest  %gnice   %idle
22:34:54     all    1.56    0.00   35.42    0.00    0.00    7.03    0.00    0.00    0.00   55.99
22:34:54       0    2.00    0.00   75.00    0.00    0.00   23.00    0.00    0.00    0.00    0.00
22:34:54       1    1.01    0.00    0.00    0.00    0.00    0.00    0.00    0.00    0.00   98.99
22:34:54       2    2.35    0.00   71.76    0.00    0.00    4.71    0.00    0.00    0.00   21.18
22:34:54       3    1.00    0.00    0.00    0.00    0.00    0.00    0.00    0.00    0.00   99.00

22:34:54     CPU    %usr   %nice    %sys %iowait    %irq   %soft  %steal  %guest  %gnice   %idle
22:34:55     all    1.31    0.00   35.25    0.00    0.00    7.31    0.00    0.00    0.00   56.14
22:34:55       0    2.00    0.00   74.00    0.00    0.00   24.00    0.00    0.00    0.00    0.00
22:34:55       1    0.99    0.00    0.99    0.00    0.00    0.00    0.00    0.00    0.00   98.02
22:34:55       2    1.20    0.00   72.29    0.00    0.00    4.82    0.00    0.00    0.00   21.69
22:34:55       3    1.01    0.00    0.00    0.00    0.00    0.00    0.00    0.00    0.00   98.99

22:34:55     CPU    %usr   %nice    %sys %iowait    %irq   %soft  %steal  %guest  %gnice   %idle
22:34:56     all    1.31    0.00   35.34    0.00    0.00    7.59    0.00    0.00    0.00   55.76
22:34:56       0    1.00    0.00   74.00    0.00    0.00   25.00    0.00    0.00    0.00    0.00
22:34:56       1    0.00    0.00    0.00    0.00    0.00    0.00    0.00    0.00    0.00  100.00
22:34:56       2    2.35    0.00   70.59    0.00    0.00    4.71    0.00    0.00    0.00   22.35
22:34:56       3    2.02    0.00    1.01    0.00    0.00    0.00    0.00    0.00    0.00   96.97

22:34:56     CPU    %usr   %nice    %sys %iowait    %irq   %soft  %steal  %guest  %gnice   %idle
22:34:57     all    1.30    0.00   34.55    0.00    0.00    7.53    0.00    0.00    0.00   56.62
22:34:57       0    2.00    0.00   73.00    0.00    0.00   25.00    0.00    0.00    0.00    0.00
22:34:57       1    1.00    0.00    0.00    0.00    0.00    0.00    0.00    0.00    0.00   99.00
22:34:57       2    1.19    0.00   71.43    0.00    0.00    4.76    0.00    0.00    0.00   22.62
22:34:57       3    0.99    0.00    0.00    0.00    0.00    0.00    0.00    0.00    0.00   99.01

22:34:57     CPU    %usr   %nice    %sys %iowait    %irq   %soft  %steal  %guest  %gnice   %idle
22:34:58     all    1.57    0.00   34.82    0.00    0.00    7.85    0.00    0.00    0.00   55.76
22:34:58       0    0.99    0.00   73.27    0.00    0.00   25.74    0.00    0.00    0.00    0.00
22:34:58       1    2.02    0.00    0.00    0.00    0.00    0.00    0.00    0.00    0.00   97.98
22:34:58       2    2.41    0.00   71.08    0.00    0.00    4.82    0.00    0.00    0.00   21.69
22:34:58       3    1.01    0.00    0.00    0.00    0.00    0.00    0.00    0.00    0.00   98.99

22:34:58     CPU    %usr   %nice    %sys %iowait    %irq   %soft  %steal  %guest  %gnice   %idle
22:34:59     all   11.26    0.00   35.34    0.00    0.00    6.54    0.00    0.00    0.00   46.86
22:34:59       0    3.03    0.00   73.74    0.00    0.00   22.22    0.00    0.00    0.00    1.01
22:34:59       1   18.18    0.00    1.01    0.00    0.00    0.00    0.00    0.00    0.00   80.81
22:34:59       2    4.71    0.00   70.59    0.00    0.00    3.53    0.00    0.00    0.00   21.18
22:34:59       3   18.18    0.00    1.01    0.00    0.00    0.00    0.00    0.00    0.00   80.81

22:34:59     CPU    %usr   %nice    %sys %iowait    %irq   %soft  %steal  %guest  %gnice   %idle
22:35:00     all   18.32    0.00   33.77    0.00    0.00    7.07    0.00    0.00    0.00   40.84
22:35:00       0    8.08    0.00   66.67    0.00    0.00   23.23    0.00    0.00    0.00    2.02
22:35:00       1   24.49    0.00    4.08    0.00    0.00    0.00    0.00    0.00    0.00   71.43
22:35:00       2   11.49    0.00   63.22    0.00    0.00    4.60    0.00    0.00    0.00   20.69
22:35:00       3   28.57    0.00    4.08    0.00    0.00    0.00    0.00    0.00    0.00   67.35
