Linux 7.0.0-31-generic (ubuntu) 	09/09/26 	_aarch64_	(4 CPU)

22:36:23     CPU    %usr   %nice    %sys %iowait    %irq   %soft  %steal  %guest  %gnice   %idle
22:36:24     all   42.42    0.00   28.79    0.00    0.00    4.37    0.00    0.00    0.00   24.42
22:36:24       0   24.00    0.00   58.00    0.00    0.00   14.00    0.00    0.00    0.00    4.00
22:36:24       1   51.02    0.00    6.12    0.00    0.00    0.00    0.00    0.00    0.00   42.86
22:36:24       2   35.48    0.00   46.24    0.00    0.00    3.23    0.00    0.00    0.00   15.05
22:36:24       3   59.18    0.00    5.10    0.00    0.00    0.00    0.00    0.00    0.00   35.71

22:36:24     CPU    %usr   %nice    %sys %iowait    %irq   %soft  %steal  %guest  %gnice   %idle
22:36:25     all    5.26    0.00   35.79    0.00    0.00    7.11    0.00    0.00    0.00   51.84
22:36:25       0    1.01    0.00   74.75    0.00    0.00   23.23    0.00    0.00    0.00    1.01
22:36:25       1    7.14    0.00    2.04    0.00    0.00    0.00    0.00    0.00    0.00   90.82
22:36:25       2    3.53    0.00   68.24    0.00    0.00    4.71    0.00    0.00    0.00   23.53
22:36:25       3    9.18    0.00    2.04    0.00    0.00    0.00    0.00    0.00    0.00   88.78

22:36:25     CPU    %usr   %nice    %sys %iowait    %irq   %soft  %steal  %guest  %gnice   %idle
22:36:26     all   31.41    0.00   34.29    0.00    0.00    6.02    0.00    0.00    0.00   28.27
22:36:26       0   11.22    0.00   65.31    0.00    0.00   20.41    0.00    0.00    0.00    3.06
22:36:26       1   47.42    0.00   10.31    0.00    0.00    0.00    0.00    0.00    0.00   42.27
22:36:26       2   22.22    0.00   57.78    0.00    0.00    3.33    0.00    0.00    0.00   16.67
22:36:26       3   44.33    0.00    5.15    0.00    0.00    0.00    0.00    0.00    0.00   50.52

22:36:26     CPU    %usr   %nice    %sys %iowait    %irq   %soft  %steal  %guest  %gnice   %idle
22:36:27     all    8.92    0.00   38.06    0.00    0.00    7.61    0.00    0.00    0.00   45.41
22:36:27       0    3.00    0.00   72.00    0.00    0.00   25.00    0.00    0.00    0.00    0.00
22:36:27       1   14.29    0.00    5.10    0.00    0.00    0.00    0.00    0.00    0.00   80.61
22:36:27       2    4.71    0.00   67.06    0.00    0.00    4.71    0.00    0.00    0.00   23.53
22:36:27       3   13.27    0.00   11.22    0.00    0.00    0.00    0.00    0.00    0.00   75.51

22:36:27     CPU    %usr   %nice    %sys %iowait    %irq   %soft  %steal  %guest  %gnice   %idle
22:36:28     all    7.11    0.79   36.58    0.00    0.00    7.89    0.00    0.00    0.00   47.63
22:36:28       0    1.01    0.00   72.73    0.00    0.00   26.26    0.00    0.00    0.00    0.00
22:36:28       1   16.33    1.02    2.04    0.00    0.00    0.00    0.00    0.00    0.00   80.61
22:36:28       2    2.35    0.00   69.41    0.00    0.00    4.71    0.00    0.00    0.00   23.53
22:36:28       3    8.16    2.04    6.12    0.00    0.00    0.00    0.00    0.00    0.00   83.67

22:36:28     CPU    %usr   %nice    %sys %iowait    %irq   %soft  %steal  %guest  %gnice   %idle
22:36:29     all   22.40    0.00   35.68    0.00    0.00    5.99    0.00    0.00    0.00   35.94
22:36:29       0    6.00    0.00   71.00    0.00    0.00   20.00    0.00    0.00    0.00    3.00
22:36:29       1   33.67    0.00    4.08    0.00    0.00    0.00    0.00    0.00    0.00   62.24
22:36:29       2   12.22    0.00   66.67    0.00    0.00    3.33    0.00    0.00    0.00   17.78
22:36:29       3   37.50    0.00    2.08    0.00    0.00    0.00    0.00    0.00    0.00   60.42

22:36:29     CPU    %usr   %nice    %sys %iowait    %irq   %soft  %steal  %guest  %gnice   %idle
22:36:30     all   44.24    0.00   37.43    1.57    0.00    4.97    0.00    0.00    0.00   11.78
22:36:30       0   19.39    0.00   58.16    1.02    0.00   17.35    0.00    0.00    0.00    4.08
22:36:30       1   55.67    0.00   20.62    1.03    0.00    0.00    0.00    0.00    0.00   22.68
22:36:30       2   30.34    0.00   53.93    1.12    0.00    2.25    0.00    0.00    0.00   12.36
22:36:30       3   70.41    0.00   18.37    3.06    0.00    0.00    0.00    0.00    0.00    8.16

22:36:30     CPU    %usr   %nice    %sys %iowait    %irq   %soft  %steal  %guest  %gnice   %idle
22:36:31     all   47.62    0.00   32.28    0.26    0.00    4.76    0.00    0.00    0.00   15.08
22:36:31       0   20.83    0.00   56.25    0.00    0.00   15.62    0.00    0.00    0.00    7.29
22:36:31       1   57.89    0.00   17.89    0.00    0.00    0.00    0.00    0.00    0.00   24.21
22:36:31       2   42.39    0.00   44.57    0.00    0.00    3.26    0.00    0.00    0.00    9.78
22:36:31       3   69.47    0.00   10.53    1.05    0.00    0.00    0.00    0.00    0.00   18.95

22:36:31     CPU    %usr   %nice    %sys %iowait    %irq   %soft  %steal  %guest  %gnice   %idle
22:36:32     all   21.15    0.78   34.99    0.26    0.00    7.05    0.00    0.00    0.00   35.77
22:36:32       0    3.00    0.00   70.00    0.00    0.00   23.00    0.00    0.00    0.00    4.00
22:36:32       1   37.37    1.01    3.03    1.01    0.00    0.00    0.00    0.00    0.00   57.58
22:36:32       2   11.49    0.00   63.22    0.00    0.00    4.60    0.00    0.00    0.00   20.69
22:36:32       3   31.96    2.06    6.19    0.00    0.00    0.00    0.00    0.00    0.00   59.79

22:36:32     CPU    %usr   %nice    %sys %iowait    %irq   %soft  %steal  %guest  %gnice   %idle
22:36:33     all    9.47    0.00   35.53    0.00    0.00    7.37    0.00    0.00    0.00   47.63
22:36:33       0    2.02    0.00   73.74    0.00    0.00   24.24    0.00    0.00    0.00    0.00
22:36:33       1   14.29    0.00    1.02    0.00    0.00    0.00    0.00    0.00    0.00   84.69
22:36:33       2    3.53    0.00   69.41    0.00    0.00    4.71    0.00    0.00    0.00   22.35
22:36:33       3   17.35    0.00    2.04    0.00    0.00    0.00    0.00    0.00    0.00   80.61

22:36:33     CPU    %usr   %nice    %sys %iowait    %irq   %soft  %steal  %guest  %gnice   %idle
22:36:34     all    8.53    0.00   36.69    0.00    0.00    6.98    0.00    0.00    0.00   47.80
22:36:34       0    1.98    0.00   73.27    0.00    0.00   23.76    0.00    0.00    0.00    0.99
22:36:34       1   12.24    0.00    2.04    0.00    0.00    0.00    0.00    0.00    0.00   85.71
22:36:34       2    3.37    0.00   71.91    0.00    0.00    3.37    0.00    0.00    0.00   21.35
22:36:34       3   16.16    0.00    2.02    0.00    0.00    0.00    0.00    0.00    0.00   81.82

22:36:34     CPU    %usr   %nice    %sys %iowait    %irq   %soft  %steal  %guest  %gnice   %idle
22:36:35     all   41.27    0.00   32.28    0.26    0.00    5.82    0.00    0.00    0.00   20.37
22:36:35       0   14.58    0.00   63.54    0.00    0.00   18.75    0.00    0.00    0.00    3.12
22:36:35       1   58.33    0.00    8.33    0.00    0.00    0.00    0.00    0.00    0.00   33.33
22:36:35       2   34.83    0.00   48.31    0.00    0.00    4.49    0.00    0.00    0.00   12.36
22:36:35       3   56.70    0.00   10.31    1.03    0.00    0.00    0.00    0.00    0.00   31.96

22:36:35     CPU    %usr   %nice    %sys %iowait    %irq   %soft  %steal  %guest  %gnice   %idle
22:36:36     all   13.09    0.26   36.13    0.00    0.00    7.59    0.00    0.00    0.00   42.93
22:36:36       0    2.02    0.00   72.73    0.00    0.00   25.25    0.00    0.00    0.00    0.00
22:36:36       1   20.62    0.00    2.06    0.00    0.00    0.00    0.00    0.00    0.00   77.32
22:36:36       2    3.49    0.00   67.44    0.00    0.00    4.65    0.00    0.00    0.00   24.42
22:36:36       3   25.00    1.00    6.00    0.00    0.00    0.00    0.00    0.00    0.00   68.00

22:36:36     CPU    %usr   %nice    %sys %iowait    %irq   %soft  %steal  %guest  %gnice   %idle
22:36:37     all   13.21    0.00   35.23    0.00    0.00    6.99    0.00    0.00    0.00   44.56
22:36:37       0    2.97    0.00   73.27    0.00    0.00   21.78    0.00    0.00    0.00    1.98
22:36:37       1   28.00    0.00    2.00    0.00    0.00    0.00    0.00    0.00    0.00   70.00
22:36:37       2    4.65    0.00   68.60    0.00    0.00    5.81    0.00    0.00    0.00   20.93
22:36:37       3   16.16    0.00    1.01    0.00    0.00    0.00    0.00    0.00    0.00   82.83

22:36:37     CPU    %usr   %nice    %sys %iowait    %irq   %soft  %steal  %guest  %gnice   %idle
22:36:38     all   16.62    0.00   35.84    0.26    0.00    7.27    0.00    0.00    0.00   40.00
22:36:38       0    3.09    0.00   70.10    0.00    0.00   24.74    0.00    0.00    0.00    2.06
22:36:38       1   35.00    0.00    4.00    1.00    0.00    0.00    0.00    0.00    0.00   60.00
22:36:38       2   12.22    0.00   63.33    0.00    0.00    4.44    0.00    0.00    0.00   20.00
22:36:38       3   15.31    0.00    9.18    0.00    0.00    0.00    0.00    0.00    0.00   75.51

22:36:38     CPU    %usr   %nice    %sys %iowait    %irq   %soft  %steal  %guest  %gnice   %idle
22:36:39     all   24.15    0.00   35.43    0.00    0.00    7.35    0.00    0.00    0.00   33.07
22:36:39       0    3.03    0.00   72.73    0.00    0.00   23.23    0.00    0.00    0.00    1.01
22:36:39       1   53.54    0.00    2.02    0.00    0.00    0.00    0.00    0.00    0.00   44.44
22:36:39       2    4.82    0.00   67.47    0.00    0.00    6.02    0.00    0.00    0.00   21.69
22:36:39       3   32.00    0.00    5.00    0.00    0.00    0.00    0.00    0.00    0.00   63.00

22:36:39     CPU    %usr   %nice    %sys %iowait    %irq   %soft  %steal  %guest  %gnice   %idle
22:36:40     all   20.26    0.00   33.68    0.00    0.00    7.63    0.00    0.00    0.00   38.42
22:36:40       0    6.00    0.00   67.00    0.00    0.00   24.00    0.00    0.00    0.00    3.00
22:36:40       1   32.29    0.00    4.17    0.00    0.00    0.00    0.00    0.00    0.00   63.54
22:36:40       2   11.63    0.00   61.63    0.00    0.00    5.81    0.00    0.00    0.00   20.93
22:36:40       3   30.61    0.00    4.08    0.00    0.00    0.00    0.00    0.00    0.00   65.31

22:36:40     CPU    %usr   %nice    %sys %iowait    %irq   %soft  %steal  %guest  %gnice   %idle
22:36:41     all    6.99    0.52   35.75    0.00    0.00    7.77    0.00    0.00    0.00   48.96
22:36:41       0    2.00    0.00   74.00    0.00    0.00   24.00    0.00    0.00    0.00    0.00
22:36:41       1    8.08    2.02    3.03    0.00    0.00    0.00    0.00    0.00    0.00   86.87
22:36:41       2    4.49    0.00   67.42    0.00    0.00    6.74    0.00    0.00    0.00   21.35
22:36:41       3   13.27    0.00    1.02    0.00    0.00    0.00    0.00    0.00    0.00   85.71
