Linux 7.0.0-31-generic (ubuntu) 	09/09/26 	_aarch64_	(4 CPU)

21:03:45     CPU    %usr   %nice    %sys %iowait    %irq   %soft  %steal  %guest  %gnice   %idle
21:03:46     all    5.76    0.00   71.73    0.00    0.00   13.09    0.00    0.00    0.00    9.42
21:03:46       0    3.03    0.00   74.75    0.00    0.00   21.21    0.00    0.00    0.00    1.01
21:03:46       1    1.98    0.00   75.25    0.00    0.00   20.79    0.00    0.00    0.00    1.98
21:03:46       2    9.89    0.00   68.13    0.00    0.00    4.40    0.00    0.00    0.00   17.58
21:03:46       3    8.79    0.00   68.13    0.00    0.00    4.40    0.00    0.00    0.00   18.68

21:03:46     CPU    %usr   %nice    %sys %iowait    %irq   %soft  %steal  %guest  %gnice   %idle
21:03:47     all    3.44    0.00   73.54    0.00    0.00   14.29    0.00    0.00    0.00    8.73
21:03:47       0    1.98    0.00   74.26    0.00    0.00   23.76    0.00    0.00    0.00    0.00
21:03:47       1    2.02    0.00   75.76    0.00    0.00   22.22    0.00    0.00    0.00    0.00
21:03:47       2    5.49    0.00   70.33    0.00    0.00    5.49    0.00    0.00    0.00   18.68
21:03:47       3    4.60    0.00   73.56    0.00    0.00    3.45    0.00    0.00    0.00   18.39

21:03:47     CPU    %usr   %nice    %sys %iowait    %irq   %soft  %steal  %guest  %gnice   %idle
21:03:48     all    3.69    0.00   71.77    0.00    0.00   15.30    0.00    0.00    0.00    9.23
21:03:48       0    1.98    0.00   72.28    0.00    0.00   24.75    0.00    0.00    0.00    0.99
21:03:48       1    2.97    0.00   72.28    0.00    0.00   23.76    0.00    0.00    0.00    0.99
21:03:48       2    4.49    0.00   71.91    0.00    0.00    5.62    0.00    0.00    0.00   17.98
21:03:48       3    5.68    0.00   70.45    0.00    0.00    4.55    0.00    0.00    0.00   19.32

21:03:48     CPU    %usr   %nice    %sys %iowait    %irq   %soft  %steal  %guest  %gnice   %idle
21:03:49     all    5.07    0.00   72.00    0.00    0.00   14.40    0.00    0.00    0.00    8.53
21:03:49       0    2.02    0.00   74.75    0.00    0.00   23.23    0.00    0.00    0.00    0.00
21:03:49       1    2.04    0.00   74.49    0.00    0.00   22.45    0.00    0.00    0.00    1.02
21:03:49       2    9.89    0.00   68.13    0.00    0.00    4.40    0.00    0.00    0.00   17.58
21:03:49       3    6.90    0.00   70.11    0.00    0.00    5.75    0.00    0.00    0.00   17.24

21:03:49     CPU    %usr   %nice    %sys %iowait    %irq   %soft  %steal  %guest  %gnice   %idle
21:03:50     all   16.92    0.00   66.92    0.00    0.00    9.60    0.00    0.00    0.00    6.57
21:03:50       0    9.00    0.00   71.00    0.00    0.00   17.00    0.00    0.00    0.00    3.00
21:03:50       1   14.85    0.00   67.33    0.00    0.00   15.84    0.00    0.00    0.00    1.98
21:03:50       2   23.71    0.00   62.89    0.00    0.00    3.09    0.00    0.00    0.00   10.31
21:03:50       3   20.41    0.00   66.33    0.00    0.00    2.04    0.00    0.00    0.00   11.22

21:03:50     CPU    %usr   %nice    %sys %iowait    %irq   %soft  %steal  %guest  %gnice   %idle
21:03:51     all   10.16    0.00   70.05    0.00    0.00   12.24    0.00    0.00    0.00    7.55
21:03:51       0    8.00    0.00   71.00    0.00    0.00   19.00    0.00    0.00    0.00    2.00
21:03:51       1    6.06    0.00   70.71    0.00    0.00   21.21    0.00    0.00    0.00    2.02
21:03:51       2   14.13    0.00   67.39    0.00    0.00    4.35    0.00    0.00    0.00   14.13
21:03:51       3   12.90    0.00   70.97    0.00    0.00    3.23    0.00    0.00    0.00   12.90

21:03:51     CPU    %usr   %nice    %sys %iowait    %irq   %soft  %steal  %guest  %gnice   %idle
21:03:52     all    5.44    0.00   72.54    0.00    0.00   14.25    0.00    0.00    0.00    7.77
21:03:52       0    2.04    0.00   73.47    0.00    0.00   23.47    0.00    0.00    0.00    1.02
21:03:52       1    1.98    0.00   74.26    0.00    0.00   21.78    0.00    0.00    0.00    1.98
21:03:52       2    8.60    0.00   73.12    0.00    0.00    4.30    0.00    0.00    0.00   13.98
21:03:52       3    9.57    0.00   69.15    0.00    0.00    6.38    0.00    0.00    0.00   14.89

21:03:52     CPU    %usr   %nice    %sys %iowait    %irq   %soft  %steal  %guest  %gnice   %idle
21:03:53     all    7.27    0.00   72.47    0.00    0.00   12.73    0.00    0.00    0.00    7.53
21:03:53       0    3.03    0.00   73.74    0.00    0.00   21.21    0.00    0.00    0.00    2.02
21:03:53       1    5.10    0.00   73.47    0.00    0.00   20.41    0.00    0.00    0.00    1.02
21:03:53       2   11.70    0.00   70.21    0.00    0.00    4.26    0.00    0.00    0.00   13.83
21:03:53       3    9.57    0.00   72.34    0.00    0.00    4.26    0.00    0.00    0.00   13.83

21:03:53     CPU    %usr   %nice    %sys %iowait    %irq   %soft  %steal  %guest  %gnice   %idle
21:03:54     all    8.03    0.00   70.47    0.00    0.00   13.21    0.00    0.00    0.00    8.29
21:03:54       0    4.95    0.00   73.27    0.00    0.00   20.79    0.00    0.00    0.00    0.99
21:03:54       1    5.94    0.00   71.29    0.00    0.00   20.79    0.00    0.00    0.00    1.98
21:03:54       2   11.83    0.00   67.74    0.00    0.00    4.30    0.00    0.00    0.00   16.13
21:03:54       3    9.89    0.00   69.23    0.00    0.00    5.49    0.00    0.00    0.00   15.38

21:03:54     CPU    %usr   %nice    %sys %iowait    %irq   %soft  %steal  %guest  %gnice   %idle
21:03:55     all    3.49    0.00   72.12    0.00    0.00   15.01    0.00    0.00    0.00    9.38
21:03:55       0    2.00    0.00   75.00    0.00    0.00   22.00    0.00    0.00    0.00    1.00
21:03:55       1    2.04    0.00   71.43    0.00    0.00   25.51    0.00    0.00    0.00    1.02
21:03:55       2    4.76    0.00   70.24    0.00    0.00    5.95    0.00    0.00    0.00   19.05
21:03:55       3    5.49    0.00   71.43    0.00    0.00    4.40    0.00    0.00    0.00   18.68

21:03:55     CPU    %usr   %nice    %sys %iowait    %irq   %soft  %steal  %guest  %gnice   %idle
21:03:56     all    3.95    0.00   73.95    0.00    0.00   13.42    0.00    0.00    0.00    8.68
21:03:56       0    2.00    0.00   72.00    0.00    0.00   25.00    0.00    0.00    0.00    1.00
21:03:56       1    2.00    0.00   78.00    0.00    0.00   20.00    0.00    0.00    0.00    0.00
21:03:56       2    5.56    0.00   73.33    0.00    0.00    3.33    0.00    0.00    0.00   17.78
21:03:56       3    6.67    0.00   72.22    0.00    0.00    3.33    0.00    0.00    0.00   17.78

21:03:56     CPU    %usr   %nice    %sys %iowait    %irq   %soft  %steal  %guest  %gnice   %idle
21:03:57     all    2.65    0.00   73.02    0.00    0.00   15.08    0.00    0.00    0.00    9.26
21:03:57       0    1.00    0.00   76.00    0.00    0.00   23.00    0.00    0.00    0.00    0.00
21:03:57       1    2.00    0.00   73.00    0.00    0.00   25.00    0.00    0.00    0.00    0.00
21:03:57       2    3.33    0.00   71.11    0.00    0.00    5.56    0.00    0.00    0.00   20.00
21:03:57       3    4.55    0.00   71.59    0.00    0.00    4.55    0.00    0.00    0.00   19.32

21:03:57     CPU    %usr   %nice    %sys %iowait    %irq   %soft  %steal  %guest  %gnice   %idle
21:03:58     all   10.99    0.00   69.11    0.00    0.00   12.30    0.00    0.00    0.00    7.59
21:03:58       0    6.00    0.00   73.00    0.00    0.00   19.00    0.00    0.00    0.00    2.00
21:03:58       1    9.09    0.00   68.69    0.00    0.00   20.20    0.00    0.00    0.00    2.02
21:03:58       2   16.48    0.00   65.93    0.00    0.00    4.40    0.00    0.00    0.00   13.19
21:03:58       3   13.04    0.00   68.48    0.00    0.00    4.35    0.00    0.00    0.00   14.13

21:03:58     CPU    %usr   %nice    %sys %iowait    %irq   %soft  %steal  %guest  %gnice   %idle
21:03:59     all    5.53    0.00   72.63    0.00    0.00   12.89    0.00    0.00    0.00    8.95
21:03:59       0    4.00    0.00   75.00    0.00    0.00   20.00    0.00    0.00    0.00    1.00
21:03:59       1    3.92    0.00   73.53    0.00    0.00   21.57    0.00    0.00    0.00    0.98
21:03:59       2    7.87    0.00   70.79    0.00    0.00    3.37    0.00    0.00    0.00   17.98
21:03:59       3    6.74    0.00   70.79    0.00    0.00    4.49    0.00    0.00    0.00   17.98

21:03:59     CPU    %usr   %nice    %sys %iowait    %irq   %soft  %steal  %guest  %gnice   %idle
21:04:00     all    7.11    0.00   71.32    0.00    0.00   13.42    0.00    0.00    0.00    8.16
21:04:00       0    5.00    0.00   72.00    0.00    0.00   22.00    0.00    0.00    0.00    1.00
21:04:00       1    3.03    0.00   72.73    0.00    0.00   21.21    0.00    0.00    0.00    3.03
21:04:00       2   12.09    0.00   68.13    0.00    0.00    4.40    0.00    0.00    0.00   15.38
21:04:00       3    8.89    0.00   72.22    0.00    0.00    4.44    0.00    0.00    0.00   14.44

21:04:00     CPU    %usr   %nice    %sys %iowait    %irq   %soft  %steal  %guest  %gnice   %idle
21:04:01     all    3.20    0.00   72.53    0.00    0.00   15.20    0.00    0.00    0.00    9.07
21:04:01       0    1.98    0.00   73.27    0.00    0.00   23.76    0.00    0.00    0.00    0.99
21:04:01       1    3.00    0.00   72.00    0.00    0.00   25.00    0.00    0.00    0.00    0.00
21:04:01       2    4.49    0.00   73.03    0.00    0.00    4.49    0.00    0.00    0.00   17.98
21:04:01       3    3.53    0.00   71.76    0.00    0.00    4.71    0.00    0.00    0.00   20.00

21:04:01     CPU    %usr   %nice    %sys %iowait    %irq   %soft  %steal  %guest  %gnice   %idle
21:04:02     all    3.71    0.27   72.41    0.00    0.00   14.59    0.00    0.00    0.00    9.02
21:04:02       0    2.02    0.00   74.75    0.00    0.00   23.23    0.00    0.00    0.00    0.00
21:04:02       1    2.00    0.00   72.00    0.00    0.00   25.00    0.00    0.00    0.00    1.00
21:04:02       2    8.89    1.11   68.89    0.00    0.00    3.33    0.00    0.00    0.00   17.78
21:04:02       3    2.27    0.00   73.86    0.00    0.00    4.55    0.00    0.00    0.00   19.32

21:04:02     CPU    %usr   %nice    %sys %iowait    %irq   %soft  %steal  %guest  %gnice   %idle
21:04:03     all    4.52    0.00   71.54    0.00    0.00   14.89    0.00    0.00    0.00    9.04
21:04:03       0    2.02    0.00   70.71    0.00    0.00   26.26    0.00    0.00    0.00    1.01
21:04:03       1    2.00    0.00   75.00    0.00    0.00   22.00    0.00    0.00    0.00    1.00
21:04:03       2    8.99    0.00   68.54    0.00    0.00    4.49    0.00    0.00    0.00   17.98
21:04:03       3    5.68    0.00   71.59    0.00    0.00    4.55    0.00    0.00    0.00   18.18
