Linux 7.0.0-31-generic (ubuntu) 	09/09/26 	_aarch64_	(4 CPU)

21:04:05     CPU    %usr   %nice    %sys %iowait    %irq   %soft  %steal  %guest  %gnice   %idle
21:04:06     all   14.95    0.00   65.98    0.00    0.00   11.34    0.00    0.00    0.00    7.73
21:04:06       0    9.09    0.00   69.70    0.00    0.00   18.18    0.00    0.00    0.00    3.03
21:04:06       1   15.15    0.00   64.65    0.00    0.00   18.18    0.00    0.00    0.00    2.02
21:04:06       2   16.67    0.00   65.62    0.00    0.00    4.17    0.00    0.00    0.00   13.54
21:04:06       3   19.15    0.00   63.83    0.00    0.00    4.26    0.00    0.00    0.00   12.77

21:04:06     CPU    %usr   %nice    %sys %iowait    %irq   %soft  %steal  %guest  %gnice   %idle
21:04:07     all   14.62    0.00   66.32    0.26    0.00   11.49    0.00    0.00    0.00    7.31
21:04:07       0   10.20    0.00   68.37    0.00    0.00   20.41    0.00    0.00    0.00    1.02
21:04:07       1   11.34    0.00   68.04    0.00    0.00   17.53    0.00    0.00    0.00    3.09
21:04:07       2   21.05    0.00   62.11    1.05    0.00    4.21    0.00    0.00    0.00   11.58
21:04:07       3   16.13    0.00   66.67    0.00    0.00    3.23    0.00    0.00    0.00   13.98

21:04:07     CPU    %usr   %nice    %sys %iowait    %irq   %soft  %steal  %guest  %gnice   %idle
21:04:08     all   12.95    0.00   67.10    0.00    0.00   11.92    0.00    0.00    0.00    8.03
21:04:08       0    9.00    0.00   68.00    0.00    0.00   20.00    0.00    0.00    0.00    3.00
21:04:08       1    8.08    0.00   69.70    0.00    0.00   19.19    0.00    0.00    0.00    3.03
21:04:08       2   18.95    0.00   64.21    0.00    0.00    4.21    0.00    0.00    0.00   12.63
21:04:08       3   16.30    0.00   66.30    0.00    0.00    3.26    0.00    0.00    0.00   14.13

21:04:08     CPU    %usr   %nice    %sys %iowait    %irq   %soft  %steal  %guest  %gnice   %idle
21:04:09     all    9.19    0.00   69.82    0.00    0.00   12.34    0.00    0.00    0.00    8.66
21:04:09       0    3.09    0.00   74.23    0.00    0.00   20.62    0.00    0.00    0.00    2.06
21:04:09       1    8.00    0.00   69.00    0.00    0.00   20.00    0.00    0.00    0.00    3.00
21:04:09       2   13.33    0.00   68.89    0.00    0.00    3.33    0.00    0.00    0.00   14.44
21:04:09       3   12.77    0.00   67.02    0.00    0.00    4.26    0.00    0.00    0.00   15.96

21:04:09     CPU    %usr   %nice    %sys %iowait    %irq   %soft  %steal  %guest  %gnice   %idle
21:04:10     all    8.31    0.00   70.91    0.00    0.00   12.99    0.00    0.00    0.00    7.79
21:04:10       0    4.95    0.00   71.29    0.00    0.00   20.79    0.00    0.00    0.00    2.97
21:04:10       1    4.08    0.00   73.47    0.00    0.00   20.41    0.00    0.00    0.00    2.04
21:04:10       2    9.89    0.00   71.43    0.00    0.00    4.40    0.00    0.00    0.00   14.29
21:04:10       3   14.74    0.00   67.37    0.00    0.00    5.26    0.00    0.00    0.00   12.63

21:04:10     CPU    %usr   %nice    %sys %iowait    %irq   %soft  %steal  %guest  %gnice   %idle
21:04:11     all    6.10    0.00   72.94    0.00    0.00   13.00    0.00    0.00    0.00    7.96
21:04:11       0    4.08    0.00   72.45    0.00    0.00   22.45    0.00    0.00    0.00    1.02
21:04:11       1    4.04    0.00   74.75    0.00    0.00   19.19    0.00    0.00    0.00    2.02
21:04:11       2   10.11    0.00   70.79    0.00    0.00    4.49    0.00    0.00    0.00   14.61
21:04:11       3    6.59    0.00   73.63    0.00    0.00    4.40    0.00    0.00    0.00   15.38

21:04:11     CPU    %usr   %nice    %sys %iowait    %irq   %soft  %steal  %guest  %gnice   %idle
21:04:12     all    7.47    0.00   70.62    0.00    0.00   13.40    0.00    0.00    0.00    8.51
21:04:12       0    3.96    0.00   72.28    0.00    0.00   21.78    0.00    0.00    0.00    1.98
21:04:12       1    4.00    0.00   72.00    0.00    0.00   22.00    0.00    0.00    0.00    2.00
21:04:12       2   15.79    0.00   65.26    0.00    0.00    5.26    0.00    0.00    0.00   13.68
21:04:12       3    6.52    0.00   72.83    0.00    0.00    3.26    0.00    0.00    0.00   17.39

21:04:12     CPU    %usr   %nice    %sys %iowait    %irq   %soft  %steal  %guest  %gnice   %idle
21:04:13     all   23.12    0.00   60.00    0.00    0.00   10.91    0.00    0.00    0.00    5.97
21:04:13       0   16.33    0.00   64.29    0.00    0.00   18.37    0.00    0.00    0.00    1.02
21:04:13       1   18.18    0.00   62.63    0.00    0.00   17.17    0.00    0.00    0.00    2.02
21:04:13       2   34.41    0.00   53.76    0.00    0.00    2.15    0.00    0.00    0.00    9.68
21:04:13       3   24.21    0.00   58.95    0.00    0.00    5.26    0.00    0.00    0.00   11.58

21:04:13     CPU    %usr   %nice    %sys %iowait    %irq   %soft  %steal  %guest  %gnice   %idle
21:04:14     all    8.38    0.26   69.63    0.00    0.00   13.09    0.00    0.00    0.00    8.64
21:04:14       0    6.00    0.00   72.00    0.00    0.00   20.00    0.00    0.00    0.00    2.00
21:04:14       1    6.06    0.00   70.71    0.00    0.00   21.21    0.00    0.00    0.00    2.02
21:04:14       2   12.90    1.08   66.67    0.00    0.00    4.30    0.00    0.00    0.00   15.05
21:04:14       3    8.89    0.00   68.89    0.00    0.00    5.56    0.00    0.00    0.00   16.67

21:04:14     CPU    %usr   %nice    %sys %iowait    %irq   %soft  %steal  %guest  %gnice   %idle
21:04:15     all    7.51    0.00   72.80    0.00    0.00   12.18    0.00    0.00    0.00    7.51
21:04:15       0    3.00    0.00   77.00    0.00    0.00   18.00    0.00    0.00    0.00    2.00
21:04:15       1    4.04    0.00   71.72    0.00    0.00   22.22    0.00    0.00    0.00    2.02
21:04:15       2   12.90    0.00   70.97    0.00    0.00    3.23    0.00    0.00    0.00   12.90
21:04:15       3   10.64    0.00   71.28    0.00    0.00    4.26    0.00    0.00    0.00   13.83

21:04:15     CPU    %usr   %nice    %sys %iowait    %irq   %soft  %steal  %guest  %gnice   %idle
21:04:16     all   10.10    0.00   68.65    0.00    0.00   12.69    0.00    0.00    0.00    8.55
21:04:16       0    6.06    0.00   70.71    0.00    0.00   21.21    0.00    0.00    0.00    2.02
21:04:16       1    9.09    0.00   69.70    0.00    0.00   19.19    0.00    0.00    0.00    2.02
21:04:16       2   13.83    0.00   67.02    0.00    0.00    4.26    0.00    0.00    0.00   14.89
21:04:16       3   11.70    0.00   67.02    0.00    0.00    5.32    0.00    0.00    0.00   15.96

21:04:16     CPU    %usr   %nice    %sys %iowait    %irq   %soft  %steal  %guest  %gnice   %idle
21:04:17     all    7.33    0.00   71.99    0.00    0.00   12.83    0.00    0.00    0.00    7.85
21:04:17       0    4.00    0.00   74.00    0.00    0.00   20.00    0.00    0.00    0.00    2.00
21:04:17       1    5.05    0.00   72.73    0.00    0.00   21.21    0.00    0.00    0.00    1.01
21:04:17       2   10.87    0.00   69.57    0.00    0.00    4.35    0.00    0.00    0.00   15.22
21:04:17       3    9.89    0.00   71.43    0.00    0.00    4.40    0.00    0.00    0.00   14.29

21:04:17     CPU    %usr   %nice    %sys %iowait    %irq   %soft  %steal  %guest  %gnice   %idle
21:04:18     all    8.90    0.00   68.85    0.00    0.00   13.87    0.00    0.00    0.00    8.38
21:04:18       0    4.04    0.00   71.72    0.00    0.00   23.23    0.00    0.00    0.00    1.01
21:04:18       1    8.00    0.00   69.00    0.00    0.00   22.00    0.00    0.00    0.00    1.00
21:04:18       2   14.29    0.00   65.93    0.00    0.00    3.30    0.00    0.00    0.00   16.48
21:04:18       3    9.78    0.00   68.48    0.00    0.00    5.43    0.00    0.00    0.00   16.30

21:04:18     CPU    %usr   %nice    %sys %iowait    %irq   %soft  %steal  %guest  %gnice   %idle
21:04:19     all   44.08    0.25   45.84    0.00    0.00    6.30    0.00    0.00    0.00    3.53
21:04:19       0   34.00    0.00   51.00    0.00    0.00   13.00    0.00    0.00    0.00    2.00
21:04:19       1   47.47    0.00   41.41    0.00    0.00    9.09    0.00    0.00    0.00    2.02
21:04:19       2   43.43    0.00   50.51    0.00    0.00    1.01    0.00    0.00    0.00    5.05
21:04:19       3   51.52    1.01   40.40    0.00    0.00    2.02    0.00    0.00    0.00    5.05

21:04:19     CPU    %usr   %nice    %sys %iowait    %irq   %soft  %steal  %guest  %gnice   %idle
21:04:20     all   49.11    0.00   40.97    0.00    0.00    6.87    0.00    0.00    0.00    3.05
21:04:20       0   40.40    0.00   45.45    0.00    0.00   12.12    0.00    0.00    0.00    2.02
21:04:20       1   51.52    0.00   38.38    0.00    0.00    8.08    0.00    0.00    0.00    2.02
21:04:20       2   46.88    0.00   44.79    0.00    0.00    4.17    0.00    0.00    0.00    4.17
21:04:20       3   57.58    0.00   35.35    0.00    0.00    3.03    0.00    0.00    0.00    4.04

21:04:20     CPU    %usr   %nice    %sys %iowait    %irq   %soft  %steal  %guest  %gnice   %idle
21:04:21     all   10.73    0.00   70.16    0.00    0.00   11.78    0.00    0.00    0.00    7.33
21:04:21       0    6.12    0.00   70.41    0.00    0.00   21.43    0.00    0.00    0.00    2.04
21:04:21       1    8.08    0.00   70.71    0.00    0.00   19.19    0.00    0.00    0.00    2.02
21:04:21       2   17.39    0.00   66.30    0.00    0.00    3.26    0.00    0.00    0.00   13.04
21:04:21       3   11.83    0.00   73.12    0.00    0.00    2.15    0.00    0.00    0.00   12.90

21:04:21     CPU    %usr   %nice    %sys %iowait    %irq   %soft  %steal  %guest  %gnice   %idle
21:04:22     all   12.01    0.00   67.62    0.00    0.00   12.01    0.00    0.00    0.00    8.36
21:04:22       0    6.00    0.00   73.00    0.00    0.00   19.00    0.00    0.00    0.00    2.00
21:04:22       1   10.10    0.00   69.70    0.00    0.00   18.18    0.00    0.00    0.00    2.02
21:04:22       2   19.78    0.00   61.54    0.00    0.00    4.40    0.00    0.00    0.00   14.29
21:04:22       3   12.90    0.00   65.59    0.00    0.00    5.38    0.00    0.00    0.00   16.13

21:04:22     CPU    %usr   %nice    %sys %iowait    %irq   %soft  %steal  %guest  %gnice   %idle
21:04:23     all   42.75    0.00   44.78    0.00    0.00    6.87    0.00    0.00    0.00    5.60
21:04:23       0   37.76    0.00   48.98    0.00    0.00    9.18    0.00    0.00    0.00    4.08
21:04:23       1   36.36    0.00   46.46    0.00    0.00   12.12    0.00    0.00    0.00    5.05
21:04:23       2   51.52    0.00   40.40    0.00    0.00    2.02    0.00    0.00    0.00    6.06
21:04:23       3   45.36    0.00   43.30    0.00    0.00    4.12    0.00    0.00    0.00    7.22
