Linux 7.0.0-31-generic (ubuntu) 	09/09/26 	_aarch64_	(4 CPU)

21:04:26     CPU    %usr   %nice    %sys %iowait    %irq   %soft  %steal  %guest  %gnice   %idle
21:04:27     all   38.68    0.00   49.11    0.00    0.00    7.63    0.00    0.00    0.00    4.58
21:04:27       0   38.00    0.00   51.00    0.00    0.00   10.00    0.00    0.00    0.00    1.00
21:04:27       1   28.57    0.00   55.10    0.00    0.00   14.29    0.00    0.00    0.00    2.04
21:04:27       2   45.36    0.00   45.36    0.00    0.00    3.09    0.00    0.00    0.00    6.19
21:04:27       3   42.86    0.00   44.90    0.00    0.00    3.06    0.00    0.00    0.00    9.18

21:04:27     CPU    %usr   %nice    %sys %iowait    %irq   %soft  %steal  %guest  %gnice   %idle
21:04:28     all   38.73    0.00   49.87    0.25    0.00    7.34    0.00    0.00    0.00    3.80
21:04:28       0   39.39    0.00   46.46    0.00    0.00   12.12    0.00    0.00    0.00    2.02
21:04:28       1   31.31    0.00   53.54    0.00    0.00   12.12    0.00    0.00    0.00    3.03
21:04:28       2   43.88    0.00   48.98    0.00    0.00    3.06    0.00    0.00    0.00    4.08
21:04:28       3   40.40    0.00   50.51    1.01    0.00    2.02    0.00    0.00    0.00    6.06

21:04:28     CPU    %usr   %nice    %sys %iowait    %irq   %soft  %steal  %guest  %gnice   %idle
21:04:29     all   10.05    0.00   69.85    0.00    0.00   12.63    0.00    0.00    0.00    7.47
21:04:29       0    4.04    0.00   73.74    0.00    0.00   21.21    0.00    0.00    0.00    1.01
21:04:29       1    9.09    0.00   70.71    0.00    0.00   19.19    0.00    0.00    0.00    1.01
21:04:29       2   14.58    0.00   67.71    0.00    0.00    4.17    0.00    0.00    0.00   13.54
21:04:29       3   12.77    0.00   67.02    0.00    0.00    5.32    0.00    0.00    0.00   14.89

21:04:29     CPU    %usr   %nice    %sys %iowait    %irq   %soft  %steal  %guest  %gnice   %idle
21:04:30     all   30.00    0.00   56.41    0.00    0.00    8.21    0.00    0.00    0.00    5.38
21:04:30       0   22.68    0.00   59.79    0.00    0.00   13.40    0.00    0.00    0.00    4.12
21:04:30       1   22.45    0.00   62.24    0.00    0.00   13.27    0.00    0.00    0.00    2.04
21:04:30       2   40.40    0.00   49.49    0.00    0.00    3.03    0.00    0.00    0.00    7.07
21:04:30       3   34.38    0.00   54.17    0.00    0.00    3.12    0.00    0.00    0.00    8.33

21:04:30     CPU    %usr   %nice    %sys %iowait    %irq   %soft  %steal  %guest  %gnice   %idle
21:04:31     all   20.00    0.00   62.56    0.00    0.00   11.03    0.00    0.00    0.00    6.41
21:04:31       0   13.13    0.00   65.66    0.00    0.00   18.18    0.00    0.00    0.00    3.03
21:04:31       1   17.00    0.00   61.00    0.00    0.00   19.00    0.00    0.00    0.00    3.00
21:04:31       2   27.37    0.00   60.00    0.00    0.00    3.16    0.00    0.00    0.00    9.47
21:04:31       3   22.92    0.00   63.54    0.00    0.00    3.12    0.00    0.00    0.00   10.42

21:04:31     CPU    %usr   %nice    %sys %iowait    %irq   %soft  %steal  %guest  %gnice   %idle
21:04:32     all   18.91    0.00   63.73    0.00    0.00   11.40    0.00    0.00    0.00    5.96
21:04:32       0   12.12    0.00   67.68    0.00    0.00   19.19    0.00    0.00    0.00    1.01
21:04:32       1   12.12    0.00   67.68    0.00    0.00   19.19    0.00    0.00    0.00    1.01
21:04:32       2   28.72    0.00   57.45    0.00    0.00    3.19    0.00    0.00    0.00   10.64
21:04:32       3   23.40    0.00   61.70    0.00    0.00    3.19    0.00    0.00    0.00   11.70

21:04:32     CPU    %usr   %nice    %sys %iowait    %irq   %soft  %steal  %guest  %gnice   %idle
21:04:33     all   38.14    0.00   50.52    0.00    0.00    7.22    0.00    0.00    0.00    4.12
21:04:33       0   33.67    0.00   52.04    0.00    0.00   12.24    0.00    0.00    0.00    2.04
21:04:33       1   33.33    0.00   52.53    0.00    0.00   11.11    0.00    0.00    0.00    3.03
21:04:33       2   41.05    0.00   50.53    0.00    0.00    2.11    0.00    0.00    0.00    6.32
21:04:33       3   44.79    0.00   46.88    0.00    0.00    3.12    0.00    0.00    0.00    5.21

21:04:33     CPU    %usr   %nice    %sys %iowait    %irq   %soft  %steal  %guest  %gnice   %idle
21:04:34     all   32.65    0.00   52.04    0.00    0.00    8.67    0.00    0.00    0.00    6.63
21:04:34       0   25.25    0.00   55.56    0.00    0.00   15.15    0.00    0.00    0.00    4.04
21:04:34       1   27.84    0.00   55.67    0.00    0.00   13.40    0.00    0.00    0.00    3.09
21:04:34       2   36.36    0.00   51.52    0.00    0.00    3.03    0.00    0.00    0.00    9.09
21:04:34       3   41.24    0.00   45.36    0.00    0.00    3.09    0.00    0.00    0.00   10.31

21:04:34     CPU    %usr   %nice    %sys %iowait    %irq   %soft  %steal  %guest  %gnice   %idle
21:04:35     all   33.76    0.26   52.17    0.00    0.00    8.44    0.00    0.00    0.00    5.37
21:04:35       0   29.70    0.99   52.48    0.00    0.00   14.85    0.00    0.00    0.00    1.98
21:04:35       1   26.26    0.00   58.59    0.00    0.00   12.12    0.00    0.00    0.00    3.03
21:04:35       2   38.95    0.00   49.47    0.00    0.00    3.16    0.00    0.00    0.00    8.42
21:04:35       3   40.62    0.00   47.92    0.00    0.00    3.12    0.00    0.00    0.00    8.33

21:04:35     CPU    %usr   %nice    %sys %iowait    %irq   %soft  %steal  %guest  %gnice   %idle
21:04:36     all   25.77    0.00   58.67    0.00    0.00   10.20    0.00    0.00    0.00    5.36
21:04:36       0   20.62    0.00   60.82    0.00    0.00   16.49    0.00    0.00    0.00    2.06
21:04:36       1   18.18    0.00   61.62    0.00    0.00   17.17    0.00    0.00    0.00    3.03
21:04:36       2   29.29    0.00   58.59    0.00    0.00    4.04    0.00    0.00    0.00    8.08
21:04:36       3   35.05    0.00   53.61    0.00    0.00    3.09    0.00    0.00    0.00    8.25

21:04:36     CPU    %usr   %nice    %sys %iowait    %irq   %soft  %steal  %guest  %gnice   %idle
21:04:37     all   27.25    0.00   57.84    0.00    0.00    9.00    0.00    0.00    0.00    5.91
21:04:37       0   23.23    0.00   57.58    0.00    0.00   16.16    0.00    0.00    0.00    3.03
21:04:37       1   21.43    0.00   60.20    0.00    0.00   14.29    0.00    0.00    0.00    4.08
21:04:37       2   32.29    0.00   57.29    0.00    0.00    2.08    0.00    0.00    0.00    8.33
21:04:37       3   32.29    0.00   56.25    0.00    0.00    3.12    0.00    0.00    0.00    8.33

21:04:37     CPU    %usr   %nice    %sys %iowait    %irq   %soft  %steal  %guest  %gnice   %idle
21:04:38     all   26.60    0.00   58.57    0.26    0.00    9.21    0.00    0.00    0.00    5.37
21:04:38       0   25.51    0.00   58.16    0.00    0.00   15.31    0.00    0.00    0.00    1.02
21:04:38       1   20.00    0.00   63.00    0.00    0.00   15.00    0.00    0.00    0.00    2.00
21:04:38       2   32.99    0.00   54.64    1.03    0.00    2.06    0.00    0.00    0.00    9.28
21:04:38       3   28.12    0.00   58.33    0.00    0.00    4.17    0.00    0.00    0.00    9.38

21:04:38     CPU    %usr   %nice    %sys %iowait    %irq   %soft  %steal  %guest  %gnice   %idle
21:04:39     all    7.27    0.00   70.65    0.00    0.00   13.51    0.00    0.00    0.00    8.57
21:04:39       0    3.96    0.00   73.27    0.00    0.00   20.79    0.00    0.00    0.00    1.98
21:04:39       1    4.00    0.00   71.00    0.00    0.00   23.00    0.00    0.00    0.00    2.00
21:04:39       2   13.04    0.00   67.39    0.00    0.00    4.35    0.00    0.00    0.00   15.22
21:04:39       3    8.70    0.00   70.65    0.00    0.00    4.35    0.00    0.00    0.00   16.30

21:04:39     CPU    %usr   %nice    %sys %iowait    %irq   %soft  %steal  %guest  %gnice   %idle
21:04:40     all    4.00    0.00   73.07    0.00    0.00   14.13    0.00    0.00    0.00    8.80
21:04:40       0    2.02    0.00   75.76    0.00    0.00   22.22    0.00    0.00    0.00    0.00
21:04:40       1    3.03    0.00   73.74    0.00    0.00   23.23    0.00    0.00    0.00    0.00
21:04:40       2    4.55    0.00   71.59    0.00    0.00    4.55    0.00    0.00    0.00   19.32
21:04:40       3    6.74    0.00   70.79    0.00    0.00    4.49    0.00    0.00    0.00   17.98

21:04:40     CPU    %usr   %nice    %sys %iowait    %irq   %soft  %steal  %guest  %gnice   %idle
21:04:41     all    3.69    0.00   72.82    0.00    0.00   14.51    0.00    0.00    0.00    8.97
21:04:41       0    1.98    0.00   74.26    0.00    0.00   23.76    0.00    0.00    0.00    0.00
21:04:41       1    1.00    0.00   75.00    0.00    0.00   23.00    0.00    0.00    0.00    1.00
21:04:41       2    6.82    0.00   70.45    0.00    0.00    3.41    0.00    0.00    0.00   19.32
21:04:41       3    5.56    0.00   71.11    0.00    0.00    5.56    0.00    0.00    0.00   17.78

21:04:41     CPU    %usr   %nice    %sys %iowait    %irq   %soft  %steal  %guest  %gnice   %idle
21:04:42     all    3.26    0.00   71.20    0.00    0.00   15.76    0.00    0.00    0.00    9.78
21:04:42       0    2.02    0.00   73.74    0.00    0.00   23.23    0.00    0.00    0.00    1.01
21:04:42       1    1.01    0.00   71.72    0.00    0.00   27.27    0.00    0.00    0.00    0.00
21:04:42       2    4.71    0.00   70.59    0.00    0.00    4.71    0.00    0.00    0.00   20.00
21:04:42       3    5.88    0.00   68.24    0.00    0.00    4.71    0.00    0.00    0.00   21.18

21:04:42     CPU    %usr   %nice    %sys %iowait    %irq   %soft  %steal  %guest  %gnice   %idle
21:04:43     all    4.00    0.00   71.20    0.00    0.00   15.20    0.00    0.00    0.00    9.60
21:04:43       0    1.98    0.00   72.28    0.00    0.00   24.75    0.00    0.00    0.00    0.99
21:04:43       1    1.98    0.00   74.26    0.00    0.00   22.77    0.00    0.00    0.00    0.99
21:04:43       2    8.14    0.00   67.44    0.00    0.00    4.65    0.00    0.00    0.00   19.77
21:04:43       3    4.60    0.00   70.11    0.00    0.00    5.75    0.00    0.00    0.00   19.54

21:04:43     CPU    %usr   %nice    %sys %iowait    %irq   %soft  %steal  %guest  %gnice   %idle
21:04:44     all   14.55    0.00   67.01    0.00    0.00   12.21    0.00    0.00    0.00    6.23
21:04:44       0    6.06    0.00   72.73    0.00    0.00   20.20    0.00    0.00    0.00    1.01
21:04:44       1   10.10    0.00   67.68    0.00    0.00   20.20    0.00    0.00    0.00    2.02
21:04:44       2   22.34    0.00   62.77    0.00    0.00    4.26    0.00    0.00    0.00   10.64
21:04:44       3   20.43    0.00   64.52    0.00    0.00    3.23    0.00    0.00    0.00   11.83
