Linux 7.0.0-31-generic (ubuntu) 	09/10/26 	_aarch64_	(4 CPU)

23:42:06     CPU    %usr   %nice    %sys %iowait    %irq   %soft  %steal  %guest  %gnice   %idle
23:42:07     all    0.77    0.00   35.05    0.00    0.00    7.73    0.00    0.00    0.00   56.44
23:42:07       0    1.00    0.00   74.00    0.00    0.00   25.00    0.00    0.00    0.00    0.00
23:42:07       1    0.00    0.00    0.00    0.00    0.00    0.00    0.00    0.00    0.00  100.00
23:42:07       2    2.25    0.00   69.66    0.00    0.00    5.62    0.00    0.00    0.00   22.47
23:42:07       3    0.00    0.00    0.00    0.00    0.00    0.00    0.00    0.00    0.00  100.00

23:42:07     CPU    %usr   %nice    %sys %iowait    %irq   %soft  %steal  %guest  %gnice   %idle
23:42:08     all    1.04    0.00   34.46    0.00    0.00    8.09    0.00    0.00    0.00   56.40
23:42:08       0    1.00    0.00   72.00    0.00    0.00   27.00    0.00    0.00    0.00    0.00
23:42:08       1    0.00    0.00    0.00    0.00    0.00    0.00    0.00    0.00    0.00  100.00
23:42:08       2    3.49    0.00   69.77    0.00    0.00    4.65    0.00    0.00    0.00   22.09
23:42:08       3    0.00    0.00    0.00    0.00    0.00    0.00    0.00    0.00    0.00  100.00

23:42:08     CPU    %usr   %nice    %sys %iowait    %irq   %soft  %steal  %guest  %gnice   %idle
23:42:09     all    1.04    0.00   33.77    0.00    0.00    8.05    0.00    0.00    0.00   57.14
23:42:09       0    1.01    0.00   72.73    0.00    0.00   26.26    0.00    0.00    0.00    0.00
23:42:09       1    0.99    0.00    0.00    0.00    0.00    0.00    0.00    0.00    0.00   99.01
23:42:09       2    1.19    0.00   69.05    0.00    0.00    5.95    0.00    0.00    0.00   23.81
23:42:09       3    0.99    0.00    0.00    0.00    0.00    0.00    0.00    0.00    0.00   99.01

23:42:09     CPU    %usr   %nice    %sys %iowait    %irq   %soft  %steal  %guest  %gnice   %idle
23:42:10     all    2.33    0.00   35.23    0.00    0.00    6.99    0.00    0.00    0.00   55.44
23:42:10       0    2.97    0.00   74.26    0.00    0.00   22.77    0.00    0.00    0.00    0.00
23:42:10       1    0.00    0.00    0.00    0.00    0.00    0.00    0.00    0.00    0.00  100.00
23:42:10       2    2.33    0.00   69.77    0.00    0.00    4.65    0.00    0.00    0.00   23.26
23:42:10       3    4.00    0.00    1.00    0.00    0.00    0.00    0.00    0.00    0.00   95.00

23:42:10     CPU    %usr   %nice    %sys %iowait    %irq   %soft  %steal  %guest  %gnice   %idle
23:42:11     all    0.78    0.26   35.06    0.00    0.00    7.53    0.00    0.00    0.00   56.36
23:42:11       0    0.00    0.00   74.00    0.00    0.00   26.00    0.00    0.00    0.00    0.00
23:42:11       1    1.00    0.00    0.00    0.00    0.00    0.00    0.00    0.00    0.00   99.00
23:42:11       2    1.19    0.00   72.62    0.00    0.00    3.57    0.00    0.00    0.00   22.62
23:42:11       3    0.99    0.99    0.00    0.00    0.00    0.00    0.00    0.00    0.00   98.02

23:42:11     CPU    %usr   %nice    %sys %iowait    %irq   %soft  %steal  %guest  %gnice   %idle
23:42:12     all    1.30    0.00   33.94    0.00    0.00    7.77    0.00    0.00    0.00   56.99
23:42:12       0    2.00    0.00   71.00    0.00    0.00   27.00    0.00    0.00    0.00    0.00
23:42:12       1    0.00    0.00    0.00    0.00    0.00    0.00    0.00    0.00    0.00  100.00
23:42:12       2    3.49    0.00   69.77    0.00    0.00    3.49    0.00    0.00    0.00   23.26
23:42:12       3    0.00    0.00    0.00    0.00    0.00    0.00    0.00    0.00    0.00  100.00

23:42:12     CPU    %usr   %nice    %sys %iowait    %irq   %soft  %steal  %guest  %gnice   %idle
23:42:13     all    1.04    0.00   35.25    0.00    0.00    7.05    0.00    0.00    0.00   56.66
23:42:13       0    1.00    0.00   75.00    0.00    0.00   24.00    0.00    0.00    0.00    0.00
23:42:13       1    0.00    0.00    1.00    0.00    0.00    0.00    0.00    0.00    0.00   99.00
23:42:13       2    2.41    0.00   71.08    0.00    0.00    3.61    0.00    0.00    0.00   22.89
23:42:13       3    1.00    0.00    0.00    0.00    0.00    0.00    0.00    0.00    0.00   99.00

23:42:13     CPU    %usr   %nice    %sys %iowait    %irq   %soft  %steal  %guest  %gnice   %idle
23:42:14     all    1.04    0.00   34.11    0.00    0.00    8.07    0.00    0.00    0.00   56.77
23:42:14       0    2.00    0.00   71.00    0.00    0.00   27.00    0.00    0.00    0.00    0.00
23:42:14       1    1.00    0.00    0.00    0.00    0.00    0.00    0.00    0.00    0.00   99.00
23:42:14       2    1.19    0.00   71.43    0.00    0.00    4.76    0.00    0.00    0.00   22.62
23:42:14       3    0.00    0.00    0.00    0.00    0.00    0.00    0.00    0.00    0.00  100.00

23:42:14     CPU    %usr   %nice    %sys %iowait    %irq   %soft  %steal  %guest  %gnice   %idle
23:42:15     all    0.78    0.00   34.03    0.00    0.00    8.31    0.00    0.00    0.00   56.88
23:42:15       0    0.99    0.00   71.29    0.00    0.00   27.72    0.00    0.00    0.00    0.00
23:42:15       1    0.00    0.00    0.00    0.00    0.00    0.00    0.00    0.00    0.00  100.00
23:42:15       2    2.35    0.00   69.41    0.00    0.00    4.71    0.00    0.00    0.00   23.53
23:42:15       3    0.00    0.00    0.00    0.00    0.00    0.00    0.00    0.00    0.00  100.00

23:42:15     CPU    %usr   %nice    %sys %iowait    %irq   %soft  %steal  %guest  %gnice   %idle
23:42:16     all    0.79    0.00   34.55    0.00    0.00    7.85    0.00    0.00    0.00   56.81
23:42:16       0    2.00    0.00   72.00    0.00    0.00   26.00    0.00    0.00    0.00    0.00
23:42:16       1    0.00    0.00    0.00    0.00    0.00    0.00    0.00    0.00    0.00  100.00
23:42:16       2    1.19    0.00   71.43    0.00    0.00    4.76    0.00    0.00    0.00   22.62
23:42:16       3    0.00    0.00    0.00    0.00    0.00    0.00    0.00    0.00    0.00  100.00

23:42:16     CPU    %usr   %nice    %sys %iowait    %irq   %soft  %steal  %guest  %gnice   %idle
23:42:17     all    1.29    0.00   34.19    0.00    0.00    8.48    0.00    0.00    0.00   56.04
23:42:17       0    0.99    0.00   71.29    0.00    0.00   27.72    0.00    0.00    0.00    0.00
23:42:17       1    0.99    0.00    0.00    0.00    0.00    0.00    0.00    0.00    0.00   99.01
23:42:17       2    2.30    0.00   70.11    0.00    0.00    5.75    0.00    0.00    0.00   21.84
23:42:17       3    1.00    0.00    0.00    0.00    0.00    0.00    0.00    0.00    0.00   99.00

23:42:17     CPU    %usr   %nice    %sys %iowait    %irq   %soft  %steal  %guest  %gnice   %idle
23:42:18     all    0.78    0.00   35.06    0.26    0.00    7.27    0.00    0.00    0.00   56.62
23:42:18       0    2.00    0.00   74.00    0.00    0.00   24.00    0.00    0.00    0.00    0.00
23:42:18       1    0.00    0.00    0.99    0.99    0.00    0.00    0.00    0.00    0.00   98.02
23:42:18       2    1.19    0.00   71.43    0.00    0.00    4.76    0.00    0.00    0.00   22.62
23:42:18       3    0.00    0.00    0.00    0.00    0.00    0.00    0.00    0.00    0.00  100.00

23:42:18     CPU    %usr   %nice    %sys %iowait    %irq   %soft  %steal  %guest  %gnice   %idle
23:42:19     all    1.31    0.00   34.03    0.00    0.00    7.59    0.00    0.00    0.00   57.07
23:42:19       0    1.02    0.00   74.49    0.00    0.00   24.49    0.00    0.00    0.00    0.00
23:42:19       1    0.00    0.00    0.00    0.00    0.00    0.00    0.00    0.00    0.00  100.00
23:42:19       2    2.38    0.00   67.86    0.00    0.00    5.95    0.00    0.00    0.00   23.81
23:42:19       3    2.00    0.00    0.00    0.00    0.00    0.00    0.00    0.00    0.00   98.00

23:42:19     CPU    %usr   %nice    %sys %iowait    %irq   %soft  %steal  %guest  %gnice   %idle
23:42:20     all    0.79    0.00   34.30    0.00    0.00    7.92    0.00    0.00    0.00   56.99
23:42:20       0    1.98    0.00   72.28    0.00    0.00   25.74    0.00    0.00    0.00    0.00
23:42:20       1    0.00    0.00    0.00    0.00    0.00    0.00    0.00    0.00    0.00  100.00
23:42:20       2    1.23    0.00   70.37    0.00    0.00    4.94    0.00    0.00    0.00   23.46
23:42:20       3    0.00    0.00    0.00    0.00    0.00    0.00    0.00    0.00    0.00  100.00

23:42:20     CPU    %usr   %nice    %sys %iowait    %irq   %soft  %steal  %guest  %gnice   %idle
23:42:21     all    1.04    0.00   33.77    0.00    0.00    8.83    0.00    0.00    0.00   56.36
23:42:21       0    1.00    0.00   70.00    0.00    0.00   29.00    0.00    0.00    0.00    0.00
23:42:21       1    1.00    0.00    0.00    0.00    0.00    0.00    0.00    0.00    0.00   99.00
23:42:21       2    2.33    0.00   69.77    0.00    0.00    5.81    0.00    0.00    0.00   22.09
23:42:21       3    0.00    0.00    0.00    0.00    0.00    0.00    0.00    0.00    0.00  100.00

23:42:21     CPU    %usr   %nice    %sys %iowait    %irq   %soft  %steal  %guest  %gnice   %idle
23:42:22     all    1.03    0.00   33.85    0.00    0.00    8.27    0.00    0.00    0.00   56.85
23:42:22       0    0.99    0.00   72.28    0.00    0.00   26.73    0.00    0.00    0.00    0.00
23:42:22       1    0.00    0.00    0.00    0.00    0.00    0.00    0.00    0.00    0.00  100.00
23:42:22       2    2.35    0.00   68.24    0.00    0.00    5.88    0.00    0.00    0.00   23.53
23:42:22       3    0.99    0.00    0.00    0.00    0.00    0.00    0.00    0.00    0.00   99.01

23:42:22     CPU    %usr   %nice    %sys %iowait    %irq   %soft  %steal  %guest  %gnice   %idle
23:42:23     all    1.30    0.00   33.59    0.00    0.00    8.33    0.00    0.00    0.00   56.77
23:42:23       0    2.00    0.00   72.00    0.00    0.00   26.00    0.00    0.00    0.00    0.00
23:42:23       1    1.00    0.00    0.00    0.00    0.00    0.00    0.00    0.00    0.00   99.00
23:42:23       2    2.38    0.00   67.86    0.00    0.00    7.14    0.00    0.00    0.00   22.62
23:42:23       3    0.00    0.00    0.00    0.00    0.00    0.00    0.00    0.00    0.00  100.00
