Linux 7.0.0-31-generic (ubuntu) 	09/10/26 	_aarch64_	(4 CPU)

23:39:45     CPU    %usr   %nice    %sys %iowait    %irq   %soft  %steal  %guest  %gnice   %idle
23:39:46     all    1.30    0.00   33.77    0.00    0.00    8.57    0.00    0.00    0.00   56.36
23:39:46       0    1.01    0.00   70.71    0.00    0.00   28.28    0.00    0.00    0.00    0.00
23:39:46       1    1.00    0.00    0.00    0.00    0.00    0.00    0.00    0.00    0.00   99.00
23:39:46       2    2.33    0.00   69.77    0.00    0.00    5.81    0.00    0.00    0.00   22.09
23:39:46       3    1.00    0.00    0.00    0.00    0.00    0.00    0.00    0.00    0.00   99.00

23:39:46     CPU    %usr   %nice    %sys %iowait    %irq   %soft  %steal  %guest  %gnice   %idle
23:39:47     all    1.04    0.00   35.25    0.00    0.00    7.31    0.00    0.00    0.00   56.40
23:39:47       0    1.98    0.00   74.26    0.00    0.00   23.76    0.00    0.00    0.00    0.00
23:39:47       1    1.02    0.00    0.00    0.00    0.00    0.00    0.00    0.00    0.00   98.98
23:39:47       2    1.19    0.00   71.43    0.00    0.00    4.76    0.00    0.00    0.00   22.62
23:39:47       3    0.00    0.00    0.00    0.00    0.00    0.00    0.00    0.00    0.00  100.00

23:39:47     CPU    %usr   %nice    %sys %iowait    %irq   %soft  %steal  %guest  %gnice   %idle
23:39:48     all    1.30    0.00   33.68    0.00    0.00    8.29    0.00    0.00    0.00   56.74
23:39:48       0    2.00    0.00   70.00    0.00    0.00   28.00    0.00    0.00    0.00    0.00
23:39:48       1    0.99    0.00    0.00    0.00    0.00    0.00    0.00    0.00    0.00   99.01
23:39:48       2    2.35    0.00   70.59    0.00    0.00    4.71    0.00    0.00    0.00   22.35
23:39:48       3    0.00    0.00    0.00    0.00    0.00    0.00    0.00    0.00    0.00  100.00

23:39:48     CPU    %usr   %nice    %sys %iowait    %irq   %soft  %steal  %guest  %gnice   %idle
23:39:49     all    1.04    0.00   34.29    0.00    0.00    7.79    0.00    0.00    0.00   56.88
23:39:49       0    1.00    0.00   72.00    0.00    0.00   27.00    0.00    0.00    0.00    0.00
23:39:49       1    0.00    0.00    0.00    0.00    0.00    0.00    0.00    0.00    0.00  100.00
23:39:49       2    2.35    0.00   70.59    0.00    0.00    3.53    0.00    0.00    0.00   23.53
23:39:49       3    0.99    0.00    0.00    0.00    0.00    0.00    0.00    0.00    0.00   99.01

23:39:49     CPU    %usr   %nice    %sys %iowait    %irq   %soft  %steal  %guest  %gnice   %idle
23:39:50     all    3.39    0.00   35.77    1.31    0.00    7.57    0.00    0.00    0.00   51.96
23:39:50       0    1.96    0.00   72.55    0.00    0.00   25.49    0.00    0.00    0.00    0.00
23:39:50       1    6.12    0.00    1.02    4.08    0.00    0.00    0.00    0.00    0.00   88.78
23:39:50       2    1.19    0.00   72.62    0.00    0.00    3.57    0.00    0.00    0.00   22.62
23:39:50       3    4.04    0.00    1.01    1.01    0.00    0.00    0.00    0.00    0.00   93.94

23:39:50     CPU    %usr   %nice    %sys %iowait    %irq   %soft  %steal  %guest  %gnice   %idle
23:39:51     all    1.28    0.00   34.87    0.00    0.00    7.69    0.00    0.00    0.00   56.15
23:39:51       0    2.00    0.00   73.00    0.00    0.00   25.00    0.00    0.00    0.00    0.00
23:39:51       1    0.98    0.00    0.98    0.00    0.00    0.00    0.00    0.00    0.00   98.04
23:39:51       2    2.27    0.00   70.45    0.00    0.00    5.68    0.00    0.00    0.00   21.59
23:39:51       3    0.00    0.00    0.00    0.00    0.00    0.00    0.00    0.00    0.00  100.00

23:39:51     CPU    %usr   %nice    %sys %iowait    %irq   %soft  %steal  %guest  %gnice   %idle
23:39:52     all    6.94    0.00   34.96    0.00    0.00    7.97    0.00    0.00    0.00   50.13
23:39:52       0    3.00    0.00   71.00    0.00    0.00   25.00    0.00    0.00    0.00    1.00
23:39:52       1   10.00    0.00    2.00    0.00    0.00    0.00    0.00    0.00    0.00   88.00
23:39:52       2    2.25    0.00   68.54    0.00    0.00    6.74    0.00    0.00    0.00   22.47
23:39:52       3   12.00    0.00    2.00    0.00    0.00    0.00    0.00    0.00    0.00   86.00

23:39:52     CPU    %usr   %nice    %sys %iowait    %irq   %soft  %steal  %guest  %gnice   %idle
23:39:53     all    1.29    0.00   33.76    0.00    0.00    8.51    0.00    0.00    0.00   56.44
23:39:53       0    1.98    0.00   70.30    0.00    0.00   27.72    0.00    0.00    0.00    0.00
23:39:53       1    0.00    0.00    0.00    0.00    0.00    0.00    0.00    0.00    0.00  100.00
23:39:53       2    2.30    0.00   68.97    0.00    0.00    5.75    0.00    0.00    0.00   22.99
23:39:53       3    0.99    0.00    0.00    0.00    0.00    0.00    0.00    0.00    0.00   99.01

23:39:53     CPU    %usr   %nice    %sys %iowait    %irq   %soft  %steal  %guest  %gnice   %idle
23:39:54     all    1.03    0.26   35.66    0.00    0.00    6.98    0.00    0.00    0.00   56.07
23:39:54       0    1.98    0.00   74.26    0.00    0.00   23.76    0.00    0.00    0.00    0.00
23:39:54       1    0.00    1.00    0.00    0.00    0.00    0.00    0.00    0.00    0.00   99.00
23:39:54       2    2.30    0.00   72.41    0.00    0.00    3.45    0.00    0.00    0.00   21.84
23:39:54       3    0.00    0.00    0.00    0.00    0.00    0.00    0.00    0.00    0.00  100.00

23:39:54     CPU    %usr   %nice    %sys %iowait    %irq   %soft  %steal  %guest  %gnice   %idle
23:39:55     all    1.05    0.00   34.55    0.52    0.00    7.59    0.00    0.00    0.00   56.28
23:39:55       0    1.01    0.00   73.74    0.00    0.00   25.25    0.00    0.00    0.00    0.00
23:39:55       1    2.00    0.00    0.00    1.00    0.00    0.00    0.00    0.00    0.00   97.00
23:39:55       2    1.22    0.00   70.73    0.00    0.00    4.88    0.00    0.00    0.00   23.17
23:39:55       3    0.00    0.00    0.99    0.99    0.00    0.00    0.00    0.00    0.00   98.02

23:39:55     CPU    %usr   %nice    %sys %iowait    %irq   %soft  %steal  %guest  %gnice   %idle
23:39:56     all    0.78    0.00   34.73    0.00    0.00    7.83    0.00    0.00    0.00   56.66
23:39:56       0    1.00    0.00   74.00    0.00    0.00   25.00    0.00    0.00    0.00    0.00
23:39:56       1    0.00    0.00    0.00    0.00    0.00    0.00    0.00    0.00    0.00  100.00
23:39:56       2    2.35    0.00   69.41    0.00    0.00    5.88    0.00    0.00    0.00   22.35
23:39:56       3    0.00    0.00    0.00    0.00    0.00    0.00    0.00    0.00    0.00  100.00

23:39:56     CPU    %usr   %nice    %sys %iowait    %irq   %soft  %steal  %guest  %gnice   %idle
23:39:57     all    1.31    0.00   33.94    0.00    0.00    7.83    0.00    0.00    0.00   56.92
23:39:57       0    1.00    0.00   72.00    0.00    0.00   27.00    0.00    0.00    0.00    0.00
23:39:57       1    1.00    0.00    0.00    0.00    0.00    0.00    0.00    0.00    0.00   99.00
23:39:57       2    2.44    0.00   70.73    0.00    0.00    3.66    0.00    0.00    0.00   23.17
23:39:57       3    0.99    0.00    0.00    0.00    0.00    0.00    0.00    0.00    0.00   99.01

23:39:57     CPU    %usr   %nice    %sys %iowait    %irq   %soft  %steal  %guest  %gnice   %idle
23:39:58     all    0.78    0.00   34.46    0.00    0.00    7.57    0.00    0.00    0.00   57.18
23:39:58       0    1.98    0.00   73.27    0.00    0.00   24.75    0.00    0.00    0.00    0.00
23:39:58       1    0.00    0.00    0.00    0.00    0.00    0.00    0.00    0.00    0.00  100.00
23:39:58       2    1.20    0.00   69.88    0.00    0.00    4.82    0.00    0.00    0.00   24.10
23:39:58       3    0.00    0.00    0.00    0.00    0.00    0.00    0.00    0.00    0.00  100.00

23:39:58     CPU    %usr   %nice    %sys %iowait    %irq   %soft  %steal  %guest  %gnice   %idle
23:39:59     all    0.79    0.00   34.29    0.00    0.00    8.12    0.00    0.00    0.00   56.81
23:39:59       0    1.01    0.00   73.74    0.00    0.00   25.25    0.00    0.00    0.00    0.00
23:39:59       1    1.00    0.00    0.00    0.00    0.00    0.00    0.00    0.00    0.00   99.00
23:39:59       2    1.19    0.00   69.05    0.00    0.00    7.14    0.00    0.00    0.00   22.62
23:39:59       3    0.00    0.00    0.00    0.00    0.00    0.00    0.00    0.00    0.00  100.00

23:39:59     CPU    %usr   %nice    %sys %iowait    %irq   %soft  %steal  %guest  %gnice   %idle
23:40:00     all    1.57    0.00   34.73    0.00    0.00    7.05    0.00    0.00    0.00   56.66
23:40:00       0    2.00    0.00   74.00    0.00    0.00   24.00    0.00    0.00    0.00    0.00
23:40:00       1    0.00    0.00    0.00    0.00    0.00    0.00    0.00    0.00    0.00  100.00
23:40:00       2    2.41    0.00   71.08    0.00    0.00    3.61    0.00    0.00    0.00   22.89
23:40:00       3    2.00    0.00    0.00    0.00    0.00    0.00    0.00    0.00    0.00   98.00

23:40:00     CPU    %usr   %nice    %sys %iowait    %irq   %soft  %steal  %guest  %gnice   %idle
23:40:01     all    1.04    0.00   34.90    0.00    0.00    7.81    0.00    0.00    0.00   56.25
23:40:01       0    0.99    0.00   73.27    0.00    0.00   25.74    0.00    0.00    0.00    0.00
23:40:01       1    1.00    0.00    1.00    0.00    0.00    0.00    0.00    0.00    0.00   98.00
23:40:01       2    2.38    0.00   70.24    0.00    0.00    4.76    0.00    0.00    0.00   22.62
23:40:01       3    0.00    0.00    0.00    0.00    0.00    0.00    0.00    0.00    0.00  100.00

23:40:01     CPU    %usr   %nice    %sys %iowait    %irq   %soft  %steal  %guest  %gnice   %idle
23:40:02     all    1.04    0.00   34.97    0.00    0.00    7.25    0.00    0.00    0.00   56.74
23:40:02       0    2.00    0.00   73.00    0.00    0.00   25.00    0.00    0.00    0.00    0.00
23:40:02       1    0.00    0.00    0.00    0.00    0.00    0.00    0.00    0.00    0.00  100.00
23:40:02       2    2.33    0.00   72.09    0.00    0.00    3.49    0.00    0.00    0.00   22.09
23:40:02       3    0.00    0.00    0.00    0.00    0.00    0.00    0.00    0.00    0.00  100.00

23:40:02     CPU    %usr   %nice    %sys %iowait    %irq   %soft  %steal  %guest  %gnice   %idle
23:40:03     all    0.77    0.00   34.54    0.00    0.00    6.70    0.00    0.00    0.00   57.99
23:40:03       0    1.01    0.00   72.73    0.00    0.00   22.22    0.00    0.00    0.00    4.04
23:40:03       1    0.00    0.00    0.00    0.00    0.00    0.00    0.00    0.00    0.00  100.00
23:40:03       2    1.11    0.00   68.89    0.00    0.00    4.44    0.00    0.00    0.00   25.56
23:40:03       3    1.00    0.00    0.00    0.00    0.00    0.00    0.00    0.00    0.00   99.00
