Linux 7.0.0-31-generic (ubuntu) 	09/10/26 	_aarch64_	(4 CPU)

23:44:27     CPU    %usr   %nice    %sys %iowait    %irq   %soft  %steal  %guest  %gnice   %idle
23:44:28     all    0.82    0.00   19.57    0.00    0.00   10.60    0.00    0.00    0.00   69.02
23:44:28       0    1.15    0.00   44.83    0.00    0.00   25.29    0.00    0.00    0.00   28.74
23:44:28       1    0.99    0.00    0.00    0.00    0.00    0.00    0.00    0.00    0.00   99.01
23:44:28       2    1.23    0.00   40.74    0.00    0.00   20.99    0.00    0.00    0.00   37.04
23:44:28       3    0.00    0.00    0.00    0.00    0.00    0.00    0.00    0.00    0.00  100.00

23:44:28     CPU    %usr   %nice    %sys %iowait    %irq   %soft  %steal  %guest  %gnice   %idle
23:44:29     all    1.36    0.00   20.65    0.00    0.00    9.51    0.00    0.00    0.00   68.48
23:44:29       0    2.38    0.00   46.43    0.00    0.00   21.43    0.00    0.00    0.00   29.76
23:44:29       1    0.00    0.00    0.00    0.00    0.00    0.00    0.00    0.00    0.00  100.00
23:44:29       2    2.33    0.00   43.02    0.00    0.00   19.77    0.00    0.00    0.00   34.88
23:44:29       3    1.00    0.00    0.00    0.00    0.00    0.00    0.00    0.00    0.00   99.00

23:44:29     CPU    %usr   %nice    %sys %iowait    %irq   %soft  %steal  %guest  %gnice   %idle
23:44:30     all    0.81    0.00   20.16    0.00    0.00   10.75    0.00    0.00    0.00   68.28
23:44:30       0    1.14    0.00   44.32    0.00    0.00   26.14    0.00    0.00    0.00   28.41
23:44:30       1    1.00    0.00    0.00    0.00    0.00    0.00    0.00    0.00    0.00   99.00
23:44:30       2    1.20    0.00   42.17    0.00    0.00   20.48    0.00    0.00    0.00   36.14
23:44:30       3    0.00    0.00    0.99    0.00    0.00    0.00    0.00    0.00    0.00   99.01

23:44:30     CPU    %usr   %nice    %sys %iowait    %irq   %soft  %steal  %guest  %gnice   %idle
23:44:31     all    1.09    0.00   19.07    0.00    0.00   10.63    0.00    0.00    0.00   69.21
23:44:31       0    1.16    0.00   46.51    0.00    0.00   22.09    0.00    0.00    0.00   30.23
23:44:31       1    0.00    0.00    0.00    0.00    0.00    0.00    0.00    0.00    0.00  100.00
23:44:31       2    2.44    0.00   36.59    0.00    0.00   24.39    0.00    0.00    0.00   36.59
23:44:31       3    1.00    0.00    0.00    0.00    0.00    0.00    0.00    0.00    0.00   99.00

23:44:31     CPU    %usr   %nice    %sys %iowait    %irq   %soft  %steal  %guest  %gnice   %idle
23:44:32     all    0.55    0.00   19.95    0.00    0.00   10.38    0.00    0.00    0.00   69.13
23:44:32       0    1.19    0.00   45.24    0.00    0.00   23.81    0.00    0.00    0.00   29.76
23:44:32       1    1.00    0.00    0.00    0.00    0.00    0.00    0.00    0.00    0.00   99.00
23:44:32       2    0.00    0.00   42.68    0.00    0.00   21.95    0.00    0.00    0.00   35.37
23:44:32       3    0.00    0.00    0.00    0.00    0.00    0.00    0.00    0.00    0.00  100.00

23:44:32     CPU    %usr   %nice    %sys %iowait    %irq   %soft  %steal  %guest  %gnice   %idle
23:44:33     all    0.83    0.00   19.01    0.00    0.00   10.19    0.00    0.00    0.00   69.97
23:44:33       0    1.20    0.00   44.58    0.00    0.00   24.10    0.00    0.00    0.00   30.12
23:44:33       1    0.00    0.00    0.00    0.00    0.00    0.00    0.00    0.00    0.00  100.00
23:44:33       2    2.47    0.00   39.51    0.00    0.00   20.99    0.00    0.00    0.00   37.04
23:44:33       3    0.00    0.00    0.00    0.00    0.00    0.00    0.00    0.00    0.00  100.00

23:44:33     CPU    %usr   %nice    %sys %iowait    %irq   %soft  %steal  %guest  %gnice   %idle
23:44:34     all    0.83    0.00   19.01    0.00    0.00   10.47    0.00    0.00    0.00   69.70
23:44:34       0    1.20    0.00   43.37    0.00    0.00   24.10    0.00    0.00    0.00   31.33
23:44:34       1    1.01    0.00    0.00    0.00    0.00    0.00    0.00    0.00    0.00   98.99
23:44:34       2    1.22    0.00   40.24    0.00    0.00   21.95    0.00    0.00    0.00   36.59
23:44:34       3    0.00    0.00    0.00    0.00    0.00    0.00    0.00    0.00    0.00  100.00

23:44:34     CPU    %usr   %nice    %sys %iowait    %irq   %soft  %steal  %guest  %gnice   %idle
23:44:35     all    0.54    0.00   20.54    0.00    0.00   10.27    0.00    0.00    0.00   68.65
23:44:35       0    1.16    0.00   44.19    0.00    0.00   25.58    0.00    0.00    0.00   29.07
23:44:35       1    0.00    0.00    1.00    0.00    0.00    0.00    0.00    0.00    0.00   99.00
23:44:35       2    1.19    0.00   44.05    0.00    0.00   19.05    0.00    0.00    0.00   35.71
23:44:35       3    0.00    0.00    0.00    0.00    0.00    0.00    0.00    0.00    0.00  100.00

23:44:35     CPU    %usr   %nice    %sys %iowait    %irq   %soft  %steal  %guest  %gnice   %idle
23:44:36     all    0.82    0.55   20.05    0.00    0.00   10.16    0.00    0.00    0.00   68.41
23:44:36       0    0.00    1.19   42.86    0.00    0.00   23.81    0.00    0.00    0.00   32.14
23:44:36       1    1.01    1.01    0.00    0.00    0.00    0.00    0.00    0.00    0.00   97.98
23:44:36       2    2.44    0.00   39.02    0.00    0.00   20.73    0.00    0.00    0.00   37.80
23:44:36       3    0.00    0.00    5.05    0.00    0.00    0.00    0.00    0.00    0.00   94.95

23:44:36     CPU    %usr   %nice    %sys %iowait    %irq   %soft  %steal  %guest  %gnice   %idle
23:44:37     all    1.10    0.00   19.51    0.00    0.00    9.62    0.00    0.00    0.00   69.78
23:44:37       0    1.19    0.00   46.43    0.00    0.00   20.24    0.00    0.00    0.00   32.14
23:44:37       1    1.01    0.00    1.01    0.00    0.00    0.00    0.00    0.00    0.00   97.98
23:44:37       2    1.23    0.00   38.27    0.00    0.00   22.22    0.00    0.00    0.00   38.27
23:44:37       3    1.00    0.00    0.00    0.00    0.00    0.00    0.00    0.00    0.00   99.00

23:44:37     CPU    %usr   %nice    %sys %iowait    %irq   %soft  %steal  %guest  %gnice   %idle
23:44:38     all    0.82    0.00   20.44    0.00    0.00   10.08    0.00    0.00    0.00   68.66
23:44:38       0    1.18    0.00   47.06    0.00    0.00   22.35    0.00    0.00    0.00   29.41
23:44:38       1    1.00    0.00    0.00    0.00    0.00    0.00    0.00    0.00    0.00   99.00
23:44:38       2    1.20    0.00   42.17    0.00    0.00   21.69    0.00    0.00    0.00   34.94
23:44:38       3    0.00    0.00    0.00    0.00    0.00    0.00    0.00    0.00    0.00  100.00

23:44:38     CPU    %usr   %nice    %sys %iowait    %irq   %soft  %steal  %guest  %gnice   %idle
23:44:39     all    0.55    0.00   20.55    0.00    0.00    9.32    0.00    0.00    0.00   69.59
23:44:39       0    1.19    0.00   47.62    0.00    0.00   20.24    0.00    0.00    0.00   30.95
23:44:39       1    0.00    0.00    0.00    0.00    0.00    0.00    0.00    0.00    0.00  100.00
23:44:39       2    1.20    0.00   42.17    0.00    0.00   20.48    0.00    0.00    0.00   36.14
23:44:39       3    0.00    0.00    0.00    0.00    0.00    0.00    0.00    0.00    0.00  100.00

23:44:39     CPU    %usr   %nice    %sys %iowait    %irq   %soft  %steal  %guest  %gnice   %idle
23:44:40     all    2.22    0.00   19.67    0.00    0.00   10.25    0.00    0.00    0.00   67.87
23:44:40       0    1.20    0.00   44.58    0.00    0.00   22.89    0.00    0.00    0.00   31.33
23:44:40       1    3.06    0.00    1.02    0.00    0.00    0.00    0.00    0.00    0.00   95.92
23:44:40       2    1.23    0.00   38.27    0.00    0.00   22.22    0.00    0.00    0.00   38.27
23:44:40       3    3.03    0.00    2.02    0.00    0.00    0.00    0.00    0.00    0.00   94.95

23:44:40     CPU    %usr   %nice    %sys %iowait    %irq   %soft  %steal  %guest  %gnice   %idle
23:44:41     all    1.36    0.00   20.33    0.00    0.00    9.49    0.00    0.00    0.00   68.83
23:44:41       0    2.33    0.00   46.51    0.00    0.00   20.93    0.00    0.00    0.00   30.23
23:44:41       1    1.00    0.00    1.00    0.00    0.00    0.00    0.00    0.00    0.00   98.00
23:44:41       2    2.38    0.00   40.48    0.00    0.00   20.24    0.00    0.00    0.00   36.90
23:44:41       3    0.00    0.00    0.00    0.00    0.00    0.00    0.00    0.00    0.00  100.00

23:44:41     CPU    %usr   %nice    %sys %iowait    %irq   %soft  %steal  %guest  %gnice   %idle
23:44:42     all    0.55    0.55   19.28    0.00    0.00   10.47    0.00    0.00    0.00   69.15
23:44:42       0    1.19    0.00   42.86    0.00    0.00   26.19    0.00    0.00    0.00   29.76
23:44:42       1    0.00    0.00    0.00    0.00    0.00    0.00    0.00    0.00    0.00  100.00
23:44:42       2    1.27    0.00   41.77    0.00    0.00   20.25    0.00    0.00    0.00   36.71
23:44:42       3    0.00    1.98    0.99    0.00    0.00    0.00    0.00    0.00    0.00   97.03

23:44:42     CPU    %usr   %nice    %sys %iowait    %irq   %soft  %steal  %guest  %gnice   %idle
23:44:43     all    1.90    0.00   19.84    0.00    0.00   10.87    0.00    0.00    0.00   67.39
23:44:43       0    1.16    0.00   46.51    0.00    0.00   23.26    0.00    0.00    0.00   29.07
23:44:43       1    1.01    0.00    0.00    0.00    0.00    0.00    0.00    0.00    0.00   98.99
23:44:43       2    1.20    0.00   39.76    0.00    0.00   24.10    0.00    0.00    0.00   34.94
23:44:43       3    4.00    0.00    0.00    0.00    0.00    0.00    0.00    0.00    0.00   96.00

23:44:43     CPU    %usr   %nice    %sys %iowait    %irq   %soft  %steal  %guest  %gnice   %idle
23:44:44     all    0.55    0.00   19.01    0.00    0.00   10.47    0.00    0.00    0.00   69.97
23:44:44       0    1.20    0.00   43.37    0.00    0.00   24.10    0.00    0.00    0.00   31.33
23:44:44       1    0.00    0.00    0.00    0.00    0.00    0.00    0.00    0.00    0.00  100.00
23:44:44       2    1.23    0.00   40.74    0.00    0.00   22.22    0.00    0.00    0.00   35.80
23:44:44       3    0.00    0.00    0.00    0.00    0.00    0.00    0.00    0.00    0.00  100.00

23:44:44     CPU    %usr   %nice    %sys %iowait    %irq   %soft  %steal  %guest  %gnice   %idle
23:44:45     all    0.55    0.00   18.68    0.00    0.00   10.16    0.00    0.00    0.00   70.60
23:44:45       0    1.16    0.00   44.19    0.00    0.00   23.26    0.00    0.00    0.00   31.40
23:44:45       1    0.00    0.00    0.00    0.00    0.00    0.00    0.00    0.00    0.00  100.00
23:44:45       2    1.25    0.00   37.50    0.00    0.00   21.25    0.00    0.00    0.00   40.00
23:44:45       3    0.00    0.00    0.00    0.00    0.00    0.00    0.00    0.00    0.00  100.00
