Linux 7.0.0-31-generic (ubuntu) 	09/10/26 	_aarch64_	(4 CPU)

23:41:26     CPU    %usr   %nice    %sys %iowait    %irq   %soft  %steal  %guest  %gnice   %idle
23:41:27     all    0.55    0.00   20.55    0.00    0.00    9.59    0.00    0.00    0.00   69.32
23:41:27       0    1.16    0.00   46.51    0.00    0.00   22.09    0.00    0.00    0.00   30.23
23:41:27       1    0.00    0.00    1.01    0.00    0.00    0.00    0.00    0.00    0.00   98.99
23:41:27       2    1.23    0.00   41.98    0.00    0.00   19.75    0.00    0.00    0.00   37.04
23:41:27       3    0.00    0.00    0.00    0.00    0.00    0.00    0.00    0.00    0.00  100.00

23:41:27     CPU    %usr   %nice    %sys %iowait    %irq   %soft  %steal  %guest  %gnice   %idle
23:41:28     all    0.82    0.00   20.22    0.00    0.00   10.11    0.00    0.00    0.00   68.85
23:41:28       0    1.16    0.00   46.51    0.00    0.00   23.26    0.00    0.00    0.00   29.07
23:41:28       1    0.00    0.00    0.00    0.00    0.00    0.00    0.00    0.00    0.00  100.00
23:41:28       2    1.23    0.00   41.98    0.00    0.00   20.99    0.00    0.00    0.00   35.80
23:41:28       3    1.00    0.00    0.00    0.00    0.00    0.00    0.00    0.00    0.00   99.00

23:41:28     CPU    %usr   %nice    %sys %iowait    %irq   %soft  %steal  %guest  %gnice   %idle
23:41:29     all    1.35    0.00   20.54    0.00    0.00    9.46    0.00    0.00    0.00   68.65
23:41:29       0    1.16    0.00   48.84    0.00    0.00   20.93    0.00    0.00    0.00   29.07
23:41:29       1    1.00    0.00    0.00    0.00    0.00    0.00    0.00    0.00    0.00   99.00
23:41:29       2    2.41    0.00   40.96    0.00    0.00   20.48    0.00    0.00    0.00   36.14
23:41:29       3    0.99    0.00    0.00    0.00    0.00    0.00    0.00    0.00    0.00   99.01

23:41:29     CPU    %usr   %nice    %sys %iowait    %irq   %soft  %steal  %guest  %gnice   %idle
23:41:30     all    0.55    0.00   19.67    0.00    0.00   10.38    0.00    0.00    0.00   69.40
23:41:30       0    1.20    0.00   44.58    0.00    0.00   22.89    0.00    0.00    0.00   31.33
23:41:30       1    0.00    0.00    0.00    0.00    0.00    0.00    0.00    0.00    0.00  100.00
23:41:30       2    1.18    0.00   41.18    0.00    0.00   22.35    0.00    0.00    0.00   35.29
23:41:30       3    0.00    0.00    0.00    0.00    0.00    0.00    0.00    0.00    0.00  100.00

23:41:30     CPU    %usr   %nice    %sys %iowait    %irq   %soft  %steal  %guest  %gnice   %idle
23:41:31     all    1.37    0.00   19.95    0.00    0.00    9.84    0.00    0.00    0.00   68.85
23:41:31       0    1.19    0.00   45.24    0.00    0.00   23.81    0.00    0.00    0.00   29.76
23:41:31       1    1.00    0.00    0.00    0.00    0.00    0.00    0.00    0.00    0.00   99.00
23:41:31       2    1.22    0.00   42.68    0.00    0.00   19.51    0.00    0.00    0.00   36.59
23:41:31       3    2.00    0.00    0.00    0.00    0.00    0.00    0.00    0.00    0.00   98.00

23:41:31     CPU    %usr   %nice    %sys %iowait    %irq   %soft  %steal  %guest  %gnice   %idle
23:41:32     all    0.55    0.00   19.83    0.00    0.00    9.92    0.00    0.00    0.00   69.70
23:41:32       0    1.16    0.00   46.51    0.00    0.00   23.26    0.00    0.00    0.00   29.07
23:41:32       1    0.00    0.00    0.00    0.00    0.00    0.00    0.00    0.00    0.00  100.00
23:41:32       2    1.28    0.00   41.03    0.00    0.00   20.51    0.00    0.00    0.00   37.18
23:41:32       3    0.00    0.00    0.00    0.00    0.00    0.00    0.00    0.00    0.00  100.00

23:41:32     CPU    %usr   %nice    %sys %iowait    %irq   %soft  %steal  %guest  %gnice   %idle
23:41:33     all    0.28    0.00   17.73    0.00    0.00   11.63    0.00    0.00    0.00   70.36
23:41:33       0    0.00    0.00   42.68    0.00    0.00   26.83    0.00    0.00    0.00   30.49
23:41:33       1    0.00    0.00    0.00    0.00    0.00    0.00    0.00    0.00    0.00  100.00
23:41:33       2    1.23    0.00   35.80    0.00    0.00   24.69    0.00    0.00    0.00   38.27
23:41:33       3    0.00    0.00    0.00    0.00    0.00    0.00    0.00    0.00    0.00  100.00

23:41:33     CPU    %usr   %nice    %sys %iowait    %irq   %soft  %steal  %guest  %gnice   %idle
23:41:34     all    0.82    0.00   19.35    0.00    0.00   10.35    0.00    0.00    0.00   69.48
23:41:34       0    1.16    0.00   43.02    0.00    0.00   25.58    0.00    0.00    0.00   30.23
23:41:34       1    0.00    0.00    0.00    0.00    0.00    0.00    0.00    0.00    0.00  100.00
23:41:34       2    1.23    0.00   41.98    0.00    0.00   19.75    0.00    0.00    0.00   37.04
23:41:34       3    0.99    0.00    0.00    0.00    0.00    0.00    0.00    0.00    0.00   99.01

23:41:34     CPU    %usr   %nice    %sys %iowait    %irq   %soft  %steal  %guest  %gnice   %idle
23:41:35     all    1.37    0.55   18.31    0.00    0.00   10.66    0.00    0.00    0.00   69.13
23:41:35       0    2.35    0.00   41.18    0.00    0.00   25.88    0.00    0.00    0.00   30.59
23:41:35       1    0.00    1.01    0.00    0.00    0.00    0.00    0.00    0.00    0.00   98.99
23:41:35       2    2.47    0.00   38.27    0.00    0.00   20.99    0.00    0.00    0.00   38.27
23:41:35       3    0.99    0.99    0.99    0.00    0.00    0.00    0.00    0.00    0.00   97.03

23:41:35     CPU    %usr   %nice    %sys %iowait    %irq   %soft  %steal  %guest  %gnice   %idle
23:41:36     all    1.10    0.00   18.63    0.00    0.00   10.68    0.00    0.00    0.00   69.59
23:41:36       0    1.18    0.00   44.71    0.00    0.00   23.53    0.00    0.00    0.00   30.59
23:41:36       1    1.00    0.00    0.00    0.00    0.00    0.00    0.00    0.00    0.00   99.00
23:41:36       2    2.47    0.00   37.04    0.00    0.00   23.46    0.00    0.00    0.00   37.04
23:41:36       3    0.00    0.00    0.00    0.00    0.00    0.00    0.00    0.00    0.00  100.00

23:41:36     CPU    %usr   %nice    %sys %iowait    %irq   %soft  %steal  %guest  %gnice   %idle
23:41:37     all    0.27    0.00   19.51    0.00    0.00   10.16    0.00    0.00    0.00   70.05
23:41:37       0    0.00    0.00   47.56    0.00    0.00   21.95    0.00    0.00    0.00   30.49
23:41:37       1    0.00    0.00    0.00    0.00    0.00    0.00    0.00    0.00    0.00  100.00
23:41:37       2    1.22    0.00   39.02    0.00    0.00   23.17    0.00    0.00    0.00   36.59
23:41:37       3    0.00    0.00    0.00    0.00    0.00    0.00    0.00    0.00    0.00  100.00

23:41:37     CPU    %usr   %nice    %sys %iowait    %irq   %soft  %steal  %guest  %gnice   %idle
23:41:38     all    1.37    0.00   18.58    0.00    0.00   10.66    0.00    0.00    0.00   69.40
23:41:38       0    2.33    0.00   39.53    0.00    0.00   27.91    0.00    0.00    0.00   30.23
23:41:38       1    0.00    0.00    0.00    0.00    0.00    0.00    0.00    0.00    0.00  100.00
23:41:38       2    2.47    0.00   41.98    0.00    0.00   18.52    0.00    0.00    0.00   37.04
23:41:38       3    1.00    0.00    0.00    0.00    0.00    0.00    0.00    0.00    0.00   99.00

23:41:38     CPU    %usr   %nice    %sys %iowait    %irq   %soft  %steal  %guest  %gnice   %idle
23:41:39     all    0.82    0.00   18.58    0.00    0.00   11.20    0.00    0.00    0.00   69.40
23:41:39       0    1.15    0.00   44.83    0.00    0.00   24.14    0.00    0.00    0.00   29.89
23:41:39       1    1.01    0.00    0.00    0.00    0.00    0.00    0.00    0.00    0.00   98.99
23:41:39       2    1.25    0.00   36.25    0.00    0.00   25.00    0.00    0.00    0.00   37.50
23:41:39       3    0.00    0.00    0.00    0.00    0.00    0.00    0.00    0.00    0.00  100.00

23:41:39     CPU    %usr   %nice    %sys %iowait    %irq   %soft  %steal  %guest  %gnice   %idle
23:41:40     all    0.82    0.00   18.68    0.00    0.00   10.71    0.00    0.00    0.00   69.78
23:41:40       0    1.20    0.00   44.58    0.00    0.00   24.10    0.00    0.00    0.00   30.12
23:41:40       1    0.00    0.00    0.00    0.00    0.00    0.00    0.00    0.00    0.00  100.00
23:41:40       2    1.22    0.00   37.80    0.00    0.00   23.17    0.00    0.00    0.00   37.80
23:41:40       3    1.00    0.00    0.00    0.00    0.00    0.00    0.00    0.00    0.00   99.00

23:41:40     CPU    %usr   %nice    %sys %iowait    %irq   %soft  %steal  %guest  %gnice   %idle
23:41:41     all    0.54    0.00   19.84    0.27    0.00    9.78    0.00    0.00    0.00   69.57
23:41:41       0    1.18    0.00   44.71    0.00    0.00   22.35    0.00    0.00    0.00   31.76
23:41:41       1    0.00    0.00    0.99    0.99    0.00    0.00    0.00    0.00    0.00   98.02
23:41:41       2    1.22    0.00   41.46    0.00    0.00   20.73    0.00    0.00    0.00   36.59
23:41:41       3    0.00    0.00    0.00    0.00    0.00    0.00    0.00    0.00    0.00  100.00

23:41:41     CPU    %usr   %nice    %sys %iowait    %irq   %soft  %steal  %guest  %gnice   %idle
23:41:42     all    0.82    0.27   19.62    0.00    0.00   10.08    0.00    0.00    0.00   69.21
23:41:42       0    1.19    0.00   44.05    0.00    0.00   23.81    0.00    0.00    0.00   30.95
23:41:42       1    1.01    0.00    0.00    0.00    0.00    0.00    0.00    0.00    0.00   98.99
23:41:42       2    1.19    1.19   40.48    0.00    0.00   20.24    0.00    0.00    0.00   36.90
23:41:42       3    0.00    0.00    1.00    0.00    0.00    0.00    0.00    0.00    0.00   99.00

23:41:42     CPU    %usr   %nice    %sys %iowait    %irq   %soft  %steal  %guest  %gnice   %idle
23:41:43     all    0.55    0.00   19.73    0.00    0.00   10.14    0.00    0.00    0.00   69.59
23:41:43       0    1.16    0.00   45.35    0.00    0.00   23.26    0.00    0.00    0.00   30.23
23:41:43       1    0.00    0.00    0.00    0.00    0.00    0.00    0.00    0.00    0.00  100.00
23:41:43       2    1.23    0.00   40.74    0.00    0.00   20.99    0.00    0.00    0.00   37.04
23:41:43       3    0.00    0.00    0.00    0.00    0.00    0.00    0.00    0.00    0.00  100.00

23:41:43     CPU    %usr   %nice    %sys %iowait    %irq   %soft  %steal  %guest  %gnice   %idle
23:41:44     all    0.82    0.00   19.23    0.00    0.00    9.62    0.00    0.00    0.00   70.33
23:41:44       0    1.19    0.00   44.05    0.00    0.00   22.62    0.00    0.00    0.00   32.14
23:41:44       1    0.00    0.00    0.00    0.00    0.00    0.00    0.00    0.00    0.00  100.00
23:41:44       2    1.23    0.00   40.74    0.00    0.00   19.75    0.00    0.00    0.00   38.27
23:41:44       3    0.99    0.00    0.00    0.00    0.00    0.00    0.00    0.00    0.00   99.01
