Linux 7.0.0-31-generic (ubuntu) 	09/10/26 	_aarch64_	(4 CPU)

23:41:06     CPU    %usr   %nice    %sys %iowait    %irq   %soft  %steal  %guest  %gnice   %idle
23:41:07     all    1.31    0.00   33.68    0.00    0.00    7.57    0.00    0.00    0.00   57.44
23:41:07       0    2.02    0.00   71.72    0.00    0.00   26.26    0.00    0.00    0.00    0.00
23:41:07       1    0.00    0.00    0.00    0.00    0.00    0.00    0.00    0.00    0.00  100.00
23:41:07       2    3.53    0.00   68.24    0.00    0.00    3.53    0.00    0.00    0.00   24.71
23:41:07       3    0.00    0.00    0.00    0.00    0.00    0.00    0.00    0.00    0.00  100.00

23:41:07     CPU    %usr   %nice    %sys %iowait    %irq   %soft  %steal  %guest  %gnice   %idle
23:41:08     all    1.04    0.00   34.11    0.26    0.00    7.81    0.00    0.00    0.00   56.77
23:41:08       0    1.98    0.00   72.28    0.00    0.00   25.74    0.00    0.00    0.00    0.00
23:41:08       1    0.00    0.00    0.00    0.00    0.00    0.00    0.00    0.00    0.00  100.00
23:41:08       2    1.20    0.00   69.88    0.00    0.00    4.82    0.00    0.00    0.00   24.10
23:41:08       3    0.99    0.00    0.00    0.99    0.00    0.00    0.00    0.00    0.00   98.02

23:41:08     CPU    %usr   %nice    %sys %iowait    %irq   %soft  %steal  %guest  %gnice   %idle
23:41:09     all    0.52    0.00   34.38    0.00    0.00    8.14    0.00    0.00    0.00   56.96
23:41:09       0    1.00    0.00   72.00    0.00    0.00   27.00    0.00    0.00    0.00    0.00
23:41:09       1    0.00    0.00    0.00    0.00    0.00    0.00    0.00    0.00    0.00  100.00
23:41:09       2    1.20    0.00   71.08    0.00    0.00    4.82    0.00    0.00    0.00   22.89
23:41:09       3    0.00    0.00    0.00    0.00    0.00    0.00    0.00    0.00    0.00  100.00

23:41:09     CPU    %usr   %nice    %sys %iowait    %irq   %soft  %steal  %guest  %gnice   %idle
23:41:10     all    2.09    0.00   33.68    0.00    0.00    7.83    0.00    0.00    0.00   56.40
23:41:10       0    2.02    0.00   71.72    0.00    0.00   26.26    0.00    0.00    0.00    0.00
23:41:10       1    1.00    0.00    0.00    0.00    0.00    0.00    0.00    0.00    0.00   99.00
23:41:10       2    1.19    0.00   69.05    0.00    0.00    4.76    0.00    0.00    0.00   25.00
23:41:10       3    4.00    0.00    0.00    0.00    0.00    0.00    0.00    0.00    0.00   96.00

23:41:10     CPU    %usr   %nice    %sys %iowait    %irq   %soft  %steal  %guest  %gnice   %idle
23:41:11     all    1.04    0.00   34.72    0.00    0.00    7.51    0.00    0.00    0.00   56.74
23:41:11       0    1.98    0.00   74.26    0.00    0.00   23.76    0.00    0.00    0.00    0.00
23:41:11       1    0.00    0.00    0.00    0.00    0.00    0.00    0.00    0.00    0.00  100.00
23:41:11       2    2.33    0.00   68.60    0.00    0.00    5.81    0.00    0.00    0.00   23.26
23:41:11       3    0.00    0.00    0.00    0.00    0.00    0.00    0.00    0.00    0.00  100.00

23:41:11     CPU    %usr   %nice    %sys %iowait    %irq   %soft  %steal  %guest  %gnice   %idle
23:41:12     all    1.04    0.00   33.94    0.00    0.00    8.09    0.00    0.00    0.00   56.92
23:41:12       0    1.01    0.00   70.71    0.00    0.00   28.28    0.00    0.00    0.00    0.00
23:41:12       1    0.00    0.00    1.00    0.00    0.00    0.00    0.00    0.00    0.00   99.00
23:41:12       2    2.41    0.00   69.88    0.00    0.00    3.61    0.00    0.00    0.00   24.10
23:41:12       3    0.99    0.00    0.99    0.00    0.00    0.00    0.00    0.00    0.00   98.02

23:41:12     CPU    %usr   %nice    %sys %iowait    %irq   %soft  %steal  %guest  %gnice   %idle
23:41:13     all    1.29    0.00   33.59    0.00    0.00    8.27    0.00    0.00    0.00   56.85
23:41:13       0    2.94    0.00   69.61    0.00    0.00   27.45    0.00    0.00    0.00    0.00
23:41:13       1    0.99    0.00    0.00    0.00    0.00    0.00    0.00    0.00    0.00   99.01
23:41:13       2    1.19    0.00   70.24    0.00    0.00    4.76    0.00    0.00    0.00   23.81
23:41:13       3    0.00    0.00    0.00    0.00    0.00    0.00    0.00    0.00    0.00  100.00

23:41:13     CPU    %usr   %nice    %sys %iowait    %irq   %soft  %steal  %guest  %gnice   %idle
23:41:14     all    0.79    0.00   34.55    0.00    0.00    7.59    0.00    0.00    0.00   57.07
23:41:14       0    1.00    0.00   73.00    0.00    0.00   26.00    0.00    0.00    0.00    0.00
23:41:14       1    0.00    0.00    0.00    0.00    0.00    0.00    0.00    0.00    0.00  100.00
23:41:14       2    2.38    0.00   70.24    0.00    0.00    3.57    0.00    0.00    0.00   23.81
23:41:14       3    0.00    0.00    0.00    0.00    0.00    0.00    0.00    0.00    0.00  100.00

23:41:14     CPU    %usr   %nice    %sys %iowait    %irq   %soft  %steal  %guest  %gnice   %idle
23:41:15     all    0.78    0.00   34.55    0.26    0.00    7.53    0.00    0.00    0.00   56.88
23:41:15       0    1.01    0.00   73.74    0.00    0.00   25.25    0.00    0.00    0.00    0.00
23:41:15       1    0.00    0.00    0.00    1.00    0.00    0.00    0.00    0.00    0.00   99.00
23:41:15       2    2.33    0.00   69.77    0.00    0.00    4.65    0.00    0.00    0.00   23.26
23:41:15       3    0.00    0.00    0.00    0.00    0.00    0.00    0.00    0.00    0.00  100.00

23:41:15     CPU    %usr   %nice    %sys %iowait    %irq   %soft  %steal  %guest  %gnice   %idle
23:41:16     all    1.04    0.00   34.03    0.00    0.00    8.05    0.00    0.00    0.00   56.88
23:41:16       0    2.00    0.00   71.00    0.00    0.00   27.00    0.00    0.00    0.00    0.00
23:41:16       1    0.00    0.00    0.00    0.00    0.00    0.00    0.00    0.00    0.00  100.00
23:41:16       2    1.18    0.00   70.59    0.00    0.00    4.71    0.00    0.00    0.00   23.53
23:41:16       3    1.00    0.00    0.00    0.00    0.00    0.00    0.00    0.00    0.00   99.00

23:41:16     CPU    %usr   %nice    %sys %iowait    %irq   %soft  %steal  %guest  %gnice   %idle
23:41:17     all    0.52    0.00   35.32    0.00    0.00    7.27    0.00    0.00    0.00   56.88
23:41:17       0    1.00    0.00   75.00    0.00    0.00   24.00    0.00    0.00    0.00    0.00
23:41:17       1    0.00    0.00    0.00    0.00    0.00    0.00    0.00    0.00    0.00  100.00
23:41:17       2    1.16    0.00   70.93    0.00    0.00    4.65    0.00    0.00    0.00   23.26
23:41:17       3    0.00    0.00    0.00    0.00    0.00    0.00    0.00    0.00    0.00  100.00

23:41:17     CPU    %usr   %nice    %sys %iowait    %irq   %soft  %steal  %guest  %gnice   %idle
23:41:18     all    1.30    0.00   34.90    0.00    0.00    7.03    0.00    0.00    0.00   56.77
23:41:18       0    2.00    0.00   75.00    0.00    0.00   23.00    0.00    0.00    0.00    0.00
23:41:18       1    1.00    0.00    0.00    0.00    0.00    0.00    0.00    0.00    0.00   99.00
23:41:18       2    2.38    0.00   70.24    0.00    0.00    4.76    0.00    0.00    0.00   22.62
23:41:18       3    0.00    0.00    0.00    0.00    0.00    0.00    0.00    0.00    0.00  100.00

23:41:18     CPU    %usr   %nice    %sys %iowait    %irq   %soft  %steal  %guest  %gnice   %idle
23:41:19     all    0.52    0.00   34.29    0.00    0.00    8.12    0.00    0.00    0.00   57.07
23:41:19       0    1.00    0.00   72.00    0.00    0.00   27.00    0.00    0.00    0.00    0.00
23:41:19       1    0.00    0.00    0.00    0.00    0.00    0.00    0.00    0.00    0.00  100.00
23:41:19       2    1.19    0.00   70.24    0.00    0.00    4.76    0.00    0.00    0.00   23.81
23:41:19       3    0.00    0.00    0.00    0.00    0.00    0.00    0.00    0.00    0.00  100.00

23:41:19     CPU    %usr   %nice    %sys %iowait    %irq   %soft  %steal  %guest  %gnice   %idle
23:41:20     all    0.78    0.00   34.46    0.00    0.00    7.83    0.00    0.00    0.00   56.92
23:41:20       0    1.98    0.00   72.28    0.00    0.00   25.74    0.00    0.00    0.00    0.00
23:41:20       1    0.00    0.00    0.00    0.00    0.00    0.00    0.00    0.00    0.00  100.00
23:41:20       2    1.19    0.00   70.24    0.00    0.00    4.76    0.00    0.00    0.00   23.81
23:41:20       3    0.00    0.00    0.00    0.00    0.00    0.00    0.00    0.00    0.00  100.00

23:41:20     CPU    %usr   %nice    %sys %iowait    %irq   %soft  %steal  %guest  %gnice   %idle
23:41:21     all    1.30    0.00   33.42    0.00    0.00    8.29    0.00    0.00    0.00   56.99
23:41:21       0    1.01    0.00   71.72    0.00    0.00   27.27    0.00    0.00    0.00    0.00
23:41:21       1    0.99    0.00    0.00    0.00    0.00    0.00    0.00    0.00    0.00   99.01
23:41:21       2    2.35    0.00   68.24    0.00    0.00    5.88    0.00    0.00    0.00   23.53
23:41:21       3    0.99    0.00    0.00    0.00    0.00    0.00    0.00    0.00    0.00   99.01

23:41:21     CPU    %usr   %nice    %sys %iowait    %irq   %soft  %steal  %guest  %gnice   %idle
23:41:22     all    0.78    0.00   35.42    0.00    0.00    7.29    0.00    0.00    0.00   56.51
23:41:22       0    0.99    0.00   75.25    0.00    0.00   23.76    0.00    0.00    0.00    0.00
23:41:22       1    0.00    0.00    0.00    0.00    0.00    0.00    0.00    0.00    0.00  100.00
23:41:22       2    2.35    0.00   70.59    0.00    0.00    4.71    0.00    0.00    0.00   22.35
23:41:22       3    0.00    0.00    0.00    0.00    0.00    0.00    0.00    0.00    0.00  100.00

23:41:22     CPU    %usr   %nice    %sys %iowait    %irq   %soft  %steal  %guest  %gnice   %idle
23:41:23     all    1.55    0.00   34.02    0.00    0.00    7.99    0.00    0.00    0.00   56.44
23:41:23       0    1.98    0.00   72.28    0.00    0.00   25.74    0.00    0.00    0.00    0.00
23:41:23       1    0.99    0.00    0.99    0.00    0.00    0.00    0.00    0.00    0.00   98.02
23:41:23       2    2.35    0.00   68.24    0.00    0.00    5.88    0.00    0.00    0.00   23.53
23:41:23       3    0.99    0.00    0.00    0.00    0.00    0.00    0.00    0.00    0.00   99.01

23:41:23     CPU    %usr   %nice    %sys %iowait    %irq   %soft  %steal  %guest  %gnice   %idle
23:41:24     all    1.56    0.00   34.90    0.00    0.00    7.03    0.00    0.00    0.00   56.51
23:41:24       0    1.01    0.00   74.75    0.00    0.00   23.23    0.00    0.00    0.00    1.01
23:41:24       1    1.01    0.00    0.00    0.00    0.00    0.00    0.00    0.00    0.00   98.99
23:41:24       2    2.30    0.00   68.97    0.00    0.00    4.60    0.00    0.00    0.00   24.14
23:41:24       3    2.02    0.00    0.00    0.00    0.00    0.00    0.00    0.00    0.00   97.98
