Linux 7.0.0-31-generic (ubuntu) 	09/10/26 	_aarch64_	(4 CPU)

23:40:05     CPU    %usr   %nice    %sys %iowait    %irq   %soft  %steal  %guest  %gnice   %idle
23:40:06     all    0.81    0.00   20.00    0.27    0.00   10.27    0.00    0.00    0.00   68.65
23:40:06       0    1.14    0.00   44.32    0.00    0.00   25.00    0.00    0.00    0.00   29.55
23:40:06       1    0.00    0.00    0.00    1.00    0.00    0.00    0.00    0.00    0.00   99.00
23:40:06       2    2.41    0.00   42.17    0.00    0.00   19.28    0.00    0.00    0.00   36.14
23:40:06       3    0.00    0.00    0.00    0.00    0.00    0.00    0.00    0.00    0.00  100.00

23:40:06     CPU    %usr   %nice    %sys %iowait    %irq   %soft  %steal  %guest  %gnice   %idle
23:40:07     all    0.82    0.00   19.29    0.00    0.00   10.33    0.00    0.00    0.00   69.57
23:40:07       0    1.20    0.00   44.58    0.00    0.00   22.89    0.00    0.00    0.00   31.33
23:40:07       1    0.00    0.00    0.00    0.00    0.00    0.00    0.00    0.00    0.00  100.00
23:40:07       2    1.19    0.00   40.48    0.00    0.00   22.62    0.00    0.00    0.00   35.71
23:40:07       3    0.99    0.00    0.00    0.00    0.00    0.00    0.00    0.00    0.00   99.01

23:40:07     CPU    %usr   %nice    %sys %iowait    %irq   %soft  %steal  %guest  %gnice   %idle
23:40:08     all    0.55    0.00   20.05    0.00    0.00   10.16    0.00    0.00    0.00   69.23
23:40:08       0    1.22    0.00   45.12    0.00    0.00   23.17    0.00    0.00    0.00   30.49
23:40:08       1    0.00    0.00    0.00    0.00    0.00    0.00    0.00    0.00    0.00  100.00
23:40:08       2    1.19    0.00   42.86    0.00    0.00   21.43    0.00    0.00    0.00   34.52
23:40:08       3    0.00    0.00    0.00    0.00    0.00    0.00    0.00    0.00    0.00  100.00

23:40:08     CPU    %usr   %nice    %sys %iowait    %irq   %soft  %steal  %guest  %gnice   %idle
23:40:09     all    1.65    0.00   19.01    0.00    0.00   10.47    0.00    0.00    0.00   68.87
23:40:09       0    1.19    0.00   42.86    0.00    0.00   23.81    0.00    0.00    0.00   32.14
23:40:09       1    3.00    0.00    2.00    0.00    0.00    0.00    0.00    0.00    0.00   95.00
23:40:09       2    1.23    0.00   38.27    0.00    0.00   22.22    0.00    0.00    0.00   38.27
23:40:09       3    1.02    0.00    0.00    0.00    0.00    0.00    0.00    0.00    0.00   98.98

23:40:09     CPU    %usr   %nice    %sys %iowait    %irq   %soft  %steal  %guest  %gnice   %idle
23:40:10     all    2.19    0.00   19.40    0.00    0.00   10.38    0.00    0.00    0.00   68.03
23:40:10       0    1.16    0.00   44.19    0.00    0.00   24.42    0.00    0.00    0.00   30.23
23:40:10       1    2.02    0.00    0.00    0.00    0.00    0.00    0.00    0.00    0.00   97.98
23:40:10       2    2.47    0.00   38.27    0.00    0.00   20.99    0.00    0.00    0.00   38.27
23:40:10       3    3.00    0.00    2.00    0.00    0.00    0.00    0.00    0.00    0.00   95.00

23:40:10     CPU    %usr   %nice    %sys %iowait    %irq   %soft  %steal  %guest  %gnice   %idle
23:40:11     all    1.92    0.00   19.73    0.00    0.00    9.86    0.00    0.00    0.00   68.49
23:40:11       0    1.15    0.00   43.68    0.00    0.00   25.29    0.00    0.00    0.00   29.89
23:40:11       1    3.03    0.00    1.01    0.00    0.00    0.00    0.00    0.00    0.00   95.96
23:40:11       2    2.53    0.00   41.77    0.00    0.00   17.72    0.00    0.00    0.00   37.97
23:40:11       3    1.00    0.00    0.00    0.00    0.00    0.00    0.00    0.00    0.00   99.00

23:40:11     CPU    %usr   %nice    %sys %iowait    %irq   %soft  %steal  %guest  %gnice   %idle
23:40:12     all    0.82    0.00   19.07    0.00    0.00   10.63    0.00    0.00    0.00   69.48
23:40:12       0    2.27    0.00   43.18    0.00    0.00   25.00    0.00    0.00    0.00   29.55
23:40:12       1    0.00    0.00    0.00    0.00    0.00    0.00    0.00    0.00    0.00  100.00
23:40:12       2    1.25    0.00   40.00    0.00    0.00   21.25    0.00    0.00    0.00   37.50
23:40:12       3    0.00    0.00    0.00    0.00    0.00    0.00    0.00    0.00    0.00  100.00

23:40:12     CPU    %usr   %nice    %sys %iowait    %irq   %soft  %steal  %guest  %gnice   %idle
23:40:13     all    0.00    0.00   18.84    0.00    0.00   10.80    0.00    0.00    0.00   70.36
23:40:13       0    0.00    0.00   44.58    0.00    0.00   24.10    0.00    0.00    0.00   31.33
23:40:13       1    0.00    0.00    0.00    0.00    0.00    0.00    0.00    0.00    0.00  100.00
23:40:13       2    0.00    0.00   38.75    0.00    0.00   23.75    0.00    0.00    0.00   37.50
23:40:13       3    0.00    0.00    0.00    0.00    0.00    0.00    0.00    0.00    0.00  100.00

23:40:13     CPU    %usr   %nice    %sys %iowait    %irq   %soft  %steal  %guest  %gnice   %idle
23:40:14     all    1.10    0.00   19.45    0.00    0.00   10.68    0.00    0.00    0.00   68.77
23:40:14       0    2.35    0.00   43.53    0.00    0.00   24.71    0.00    0.00    0.00   29.41
23:40:14       1    1.01    0.00    0.00    0.00    0.00    0.00    0.00    0.00    0.00   98.99
23:40:14       2    1.22    0.00   41.46    0.00    0.00   21.95    0.00    0.00    0.00   35.37
23:40:14       3    0.00    0.00    0.00    0.00    0.00    0.00    0.00    0.00    0.00  100.00

23:40:14     CPU    %usr   %nice    %sys %iowait    %irq   %soft  %steal  %guest  %gnice   %idle
23:40:15     all    0.55    0.00   19.13    0.00    0.00   10.66    0.00    0.00    0.00   69.67
23:40:15       0    0.00    0.00   43.90    0.00    0.00   24.39    0.00    0.00    0.00   31.71
23:40:15       1    0.00    0.00    1.00    0.00    0.00    0.00    0.00    0.00    0.00   99.00
23:40:15       2    2.38    0.00   39.29    0.00    0.00   22.62    0.00    0.00    0.00   35.71
23:40:15       3    0.00    0.00    0.00    0.00    0.00    0.00    0.00    0.00    0.00  100.00

23:40:15     CPU    %usr   %nice    %sys %iowait    %irq   %soft  %steal  %guest  %gnice   %idle
23:40:16     all    0.82    0.00   19.73    0.00    0.00   10.41    0.00    0.00    0.00   69.04
23:40:16       0    0.00    0.00   45.78    0.00    0.00   24.10    0.00    0.00    0.00   30.12
23:40:16       1    1.01    0.00    0.00    0.00    0.00    0.00    0.00    0.00    0.00   98.99
23:40:16       2    1.20    0.00   40.96    0.00    0.00   21.69    0.00    0.00    0.00   36.14
23:40:16       3    1.00    0.00    0.00    0.00    0.00    0.00    0.00    0.00    0.00   99.00

23:40:16     CPU    %usr   %nice    %sys %iowait    %irq   %soft  %steal  %guest  %gnice   %idle
23:40:17     all    0.55    0.00   19.73    0.00    0.00   10.41    0.00    0.00    0.00   69.32
23:40:17       0    1.19    0.00   44.05    0.00    0.00   25.00    0.00    0.00    0.00   29.76
23:40:17       1    0.00    0.00    0.00    0.00    0.00    0.00    0.00    0.00    0.00  100.00
23:40:17       2    1.20    0.00   42.17    0.00    0.00   20.48    0.00    0.00    0.00   36.14
23:40:17       3    0.00    0.00    0.00    0.00    0.00    0.00    0.00    0.00    0.00  100.00

23:40:17     CPU    %usr   %nice    %sys %iowait    %irq   %soft  %steal  %guest  %gnice   %idle
23:40:18     all    1.08    0.00   20.81    0.00    0.00    9.73    0.00    0.00    0.00   68.38
23:40:18       0    1.16    0.00   46.51    0.00    0.00   22.09    0.00    0.00    0.00   30.23
23:40:18       1    1.00    0.00    0.00    0.00    0.00    0.00    0.00    0.00    0.00   99.00
23:40:18       2    1.20    0.00   43.37    0.00    0.00   20.48    0.00    0.00    0.00   34.94
23:40:18       3    0.99    0.00    0.99    0.00    0.00    0.00    0.00    0.00    0.00   98.02

23:40:18     CPU    %usr   %nice    %sys %iowait    %irq   %soft  %steal  %guest  %gnice   %idle
23:40:19     all    0.82    0.00   18.36    0.00    0.00   11.23    0.00    0.00    0.00   69.59
23:40:19       0    1.16    0.00   43.02    0.00    0.00   25.58    0.00    0.00    0.00   30.23
23:40:19       1    0.00    0.00    0.00    0.00    0.00    0.00    0.00    0.00    0.00  100.00
23:40:19       2    1.23    0.00   37.04    0.00    0.00   23.46    0.00    0.00    0.00   38.27
23:40:19       3    1.00    0.00    0.00    0.00    0.00    0.00    0.00    0.00    0.00   99.00

23:40:19     CPU    %usr   %nice    %sys %iowait    %irq   %soft  %steal  %guest  %gnice   %idle
23:40:20     all    0.82    0.00   19.23    0.00    0.00   10.16    0.00    0.00    0.00   69.78
23:40:20       0    1.18    0.00   45.88    0.00    0.00   22.35    0.00    0.00    0.00   30.59
23:40:20       1    1.00    0.00    0.00    0.00    0.00    0.00    0.00    0.00    0.00   99.00
23:40:20       2    1.27    0.00   39.24    0.00    0.00   22.78    0.00    0.00    0.00   36.71
23:40:20       3    0.00    0.00    0.00    0.00    0.00    0.00    0.00    0.00    0.00  100.00

23:40:20     CPU    %usr   %nice    %sys %iowait    %irq   %soft  %steal  %guest  %gnice   %idle
23:40:21     all    1.09    0.00   19.07    0.00    0.00   10.90    0.00    0.00    0.00   68.94
23:40:21       0    1.18    0.00   42.35    0.00    0.00   25.88    0.00    0.00    0.00   30.59
23:40:21       1    1.01    0.00    0.00    0.00    0.00    0.00    0.00    0.00    0.00   98.99
23:40:21       2    2.38    0.00   40.48    0.00    0.00   21.43    0.00    0.00    0.00   35.71
23:40:21       3    0.00    0.00    0.00    0.00    0.00    0.00    0.00    0.00    0.00  100.00

23:40:21     CPU    %usr   %nice    %sys %iowait    %irq   %soft  %steal  %guest  %gnice   %idle
23:40:22     all    0.28    0.00   18.18    0.00    0.00   11.57    0.00    0.00    0.00   69.97
23:40:22       0    1.19    0.00   41.67    0.00    0.00   26.19    0.00    0.00    0.00   30.95
23:40:22       1    0.00    0.00    0.00    0.00    0.00    0.00    0.00    0.00    0.00  100.00
23:40:22       2    0.00    0.00   38.27    0.00    0.00   24.69    0.00    0.00    0.00   37.04
23:40:22       3    0.00    0.00    0.00    0.00    0.00    0.00    0.00    0.00    0.00  100.00

23:40:22     CPU    %usr   %nice    %sys %iowait    %irq   %soft  %steal  %guest  %gnice   %idle
23:40:23     all    1.09    0.00   17.98    0.00    0.00   11.17    0.00    0.00    0.00   69.75
23:40:23       0    1.19    0.00   40.48    0.00    0.00   26.19    0.00    0.00    0.00   32.14
23:40:23       1    1.00    0.00    1.00    0.00    0.00    0.00    0.00    0.00    0.00   98.00
23:40:23       2    1.20    0.00   37.35    0.00    0.00   22.89    0.00    0.00    0.00   38.55
23:40:23       3    1.00    0.00    0.00    0.00    0.00    0.00    0.00    0.00    0.00   99.00
