Linux 7.0.0-31-generic (ubuntu) 	09/10/26 	_aarch64_	(4 CPU)

23:44:47     CPU    %usr   %nice    %sys %iowait    %irq   %soft  %steal  %guest  %gnice   %idle
23:44:48     all    0.79    0.00   33.25    0.00    0.00    8.12    0.00    0.00    0.00   57.85
23:44:48       0    1.02    0.00   71.43    0.00    0.00   24.49    0.00    0.00    0.00    3.06
23:44:48       1    0.00    0.00    0.00    0.00    0.00    0.00    0.00    0.00    0.00  100.00
23:44:48       2    2.33    0.00   66.28    0.00    0.00    8.14    0.00    0.00    0.00   23.26
23:44:48       3    0.00    0.00    0.00    0.00    0.00    0.00    0.00    0.00    0.00  100.00

23:44:48     CPU    %usr   %nice    %sys %iowait    %irq   %soft  %steal  %guest  %gnice   %idle
23:44:49     all    1.06    0.00   32.80    0.00    0.00    7.67    0.00    0.00    0.00   58.47
23:44:49       0    2.04    0.00   70.41    0.00    0.00   23.47    0.00    0.00    0.00    4.08
23:44:49       1    0.00    0.00    0.00    0.00    0.00    0.00    0.00    0.00    0.00  100.00
23:44:49       2    1.23    0.00   67.90    0.00    0.00    7.41    0.00    0.00    0.00   23.46
23:44:49       3    1.00    0.00    0.00    0.00    0.00    0.00    0.00    0.00    0.00   99.00

23:44:49     CPU    %usr   %nice    %sys %iowait    %irq   %soft  %steal  %guest  %gnice   %idle
23:44:50     all    0.52    0.00   33.25    0.00    0.00    8.12    0.00    0.00    0.00   58.12
23:44:50       0    1.02    0.00   71.43    0.00    0.00   24.49    0.00    0.00    0.00    3.06
23:44:50       1    0.00    0.00    0.00    0.00    0.00    0.00    0.00    0.00    0.00  100.00
23:44:50       2    1.18    0.00   67.06    0.00    0.00    8.24    0.00    0.00    0.00   23.53
23:44:50       3    0.00    0.00    0.00    0.00    0.00    0.00    0.00    0.00    0.00  100.00

23:44:50     CPU    %usr   %nice    %sys %iowait    %irq   %soft  %steal  %guest  %gnice   %idle
23:44:51     all    1.85    0.00   31.66    0.00    0.00    8.44    0.00    0.00    0.00   58.05
23:44:51       0    2.04    0.00   67.35    0.00    0.00   26.53    0.00    0.00    0.00    4.08
23:44:51       1    2.00    0.00    0.00    0.00    0.00    0.00    0.00    0.00    0.00   98.00
23:44:51       2    2.44    0.00   64.63    0.00    0.00    7.32    0.00    0.00    0.00   25.61
23:44:51       3    1.01    0.00    1.01    0.00    0.00    0.00    0.00    0.00    0.00   97.98

23:44:51     CPU    %usr   %nice    %sys %iowait    %irq   %soft  %steal  %guest  %gnice   %idle
23:44:52     all    0.78    0.00   33.16    0.00    0.00    8.36    0.00    0.00    0.00   57.70
23:44:52       0    1.02    0.00   69.39    0.00    0.00   25.51    0.00    0.00    0.00    4.08
23:44:52       1    0.00    0.00    1.00    0.00    0.00    0.00    0.00    0.00    0.00   99.00
23:44:52       2    1.18    0.00   68.24    0.00    0.00    8.24    0.00    0.00    0.00   22.35
23:44:52       3    1.00    0.00    0.00    0.00    0.00    0.00    0.00    0.00    0.00   99.00

23:44:52     CPU    %usr   %nice    %sys %iowait    %irq   %soft  %steal  %guest  %gnice   %idle
23:44:53     all    0.79    0.00   32.28    0.00    0.00    8.66    0.00    0.00    0.00   58.27
23:44:53       0    1.02    0.00   68.37    0.00    0.00   27.55    0.00    0.00    0.00    3.06
23:44:53       1    0.00    0.00    0.00    0.00    0.00    0.00    0.00    0.00    0.00  100.00
23:44:53       2    2.38    0.00   66.67    0.00    0.00    7.14    0.00    0.00    0.00   23.81
23:44:53       3    0.00    0.00    0.00    0.00    0.00    0.00    0.00    0.00    0.00  100.00

23:44:53     CPU    %usr   %nice    %sys %iowait    %irq   %soft  %steal  %guest  %gnice   %idle
23:44:54     all    0.79    0.00   33.33    0.00    0.00    7.61    0.00    0.00    0.00   58.27
23:44:54       0    2.04    0.00   69.39    0.00    0.00   24.49    0.00    0.00    0.00    4.08
23:44:54       1    0.00    0.00    0.00    0.00    0.00    0.00    0.00    0.00    0.00  100.00
23:44:54       2    1.19    0.00   70.24    0.00    0.00    5.95    0.00    0.00    0.00   22.62
23:44:54       3    0.00    0.00    0.00    0.00    0.00    0.00    0.00    0.00    0.00  100.00

23:44:54     CPU    %usr   %nice    %sys %iowait    %irq   %soft  %steal  %guest  %gnice   %idle
23:44:55     all    1.05    0.00   32.72    0.00    0.00    8.12    0.00    0.00    0.00   58.12
23:44:55       0    1.01    0.00   69.70    0.00    0.00   26.26    0.00    0.00    0.00    3.03
23:44:55       1    1.00    0.00    0.00    0.00    0.00    0.00    0.00    0.00    0.00   99.00
23:44:55       2    2.38    0.00   66.67    0.00    0.00    5.95    0.00    0.00    0.00   25.00
23:44:55       3    0.00    0.00    0.00    0.00    0.00    0.00    0.00    0.00    0.00  100.00

23:44:55     CPU    %usr   %nice    %sys %iowait    %irq   %soft  %steal  %guest  %gnice   %idle
23:44:56     all    0.79    0.26   32.45    0.00    0.00    7.92    0.00    0.00    0.00   58.58
23:44:56       0    1.03    0.00   68.04    0.00    0.00   25.77    0.00    0.00    0.00    5.15
23:44:56       1    0.00    0.00    0.00    0.00    0.00    0.00    0.00    0.00    0.00  100.00
23:44:56       2    1.22    0.00   69.51    0.00    0.00    6.10    0.00    0.00    0.00   23.17
23:44:56       3    0.99    0.99    0.00    0.00    0.00    0.00    0.00    0.00    0.00   98.02

23:44:56     CPU    %usr   %nice    %sys %iowait    %irq   %soft  %steal  %guest  %gnice   %idle
23:44:57     all    1.05    0.00   32.28    0.00    0.00    8.14    0.00    0.00    0.00   58.53
23:44:57       0    2.04    0.00   69.39    0.00    0.00   24.49    0.00    0.00    0.00    4.08
23:44:57       1    0.00    0.00    0.00    0.00    0.00    0.00    0.00    0.00    0.00  100.00
23:44:57       2    2.35    0.00   64.71    0.00    0.00    8.24    0.00    0.00    0.00   24.71
23:44:57       3    0.00    0.00    0.00    0.00    0.00    0.00    0.00    0.00    0.00  100.00

23:44:57     CPU    %usr   %nice    %sys %iowait    %irq   %soft  %steal  %guest  %gnice   %idle
23:44:58     all    0.52    0.00   33.42    0.26    0.00    7.83    0.00    0.00    0.00   57.96
23:44:58       0    1.02    0.00   71.43    0.00    0.00   24.49    0.00    0.00    0.00    3.06
23:44:58       1    0.00    0.00    0.00    1.00    0.00    0.00    0.00    0.00    0.00   99.00
23:44:58       2    1.18    0.00   68.24    0.00    0.00    7.06    0.00    0.00    0.00   23.53
23:44:58       3    0.00    0.00    0.00    0.00    0.00    0.00    0.00    0.00    0.00  100.00

23:44:58     CPU    %usr   %nice    %sys %iowait    %irq   %soft  %steal  %guest  %gnice   %idle
23:44:59     all    1.58    0.00   32.63    0.00    0.00    7.37    0.00    0.00    0.00   58.42
23:44:59       0    1.03    0.00   73.20    0.00    0.00   21.65    0.00    0.00    0.00    4.12
23:44:59       1    1.01    0.00    0.00    0.00    0.00    0.00    0.00    0.00    0.00   98.99
23:44:59       2    3.57    0.00   63.10    0.00    0.00    8.33    0.00    0.00    0.00   25.00
23:44:59       3    1.00    0.00    0.00    0.00    0.00    0.00    0.00    0.00    0.00   99.00

23:44:59     CPU    %usr   %nice    %sys %iowait    %irq   %soft  %steal  %guest  %gnice   %idle
23:45:00     all    1.06    0.00   31.03    0.00    0.00    9.28    0.00    0.00    0.00   58.62
23:45:00       0    1.03    0.00   67.01    0.00    0.00   27.84    0.00    0.00    0.00    4.12
23:45:00       1    1.00    0.00    1.00    0.00    0.00    0.00    0.00    0.00    0.00   98.00
23:45:00       2    1.23    0.00   62.96    0.00    0.00    9.88    0.00    0.00    0.00   25.93
23:45:00       3    1.01    0.00    0.00    0.00    0.00    0.00    0.00    0.00    0.00   98.99

23:45:00     CPU    %usr   %nice    %sys %iowait    %irq   %soft  %steal  %guest  %gnice   %idle
23:45:01     all    1.05    0.00   31.84    0.00    0.00    8.42    0.00    0.00    0.00   58.68
23:45:01       0    2.02    0.00   68.69    0.00    0.00   25.25    0.00    0.00    0.00    4.04
23:45:01       1    0.00    0.00    0.00    0.00    0.00    0.00    0.00    0.00    0.00  100.00
23:45:01       2    1.22    0.00   64.63    0.00    0.00    8.54    0.00    0.00    0.00   25.61
23:45:01       3    1.00    0.00    0.00    0.00    0.00    0.00    0.00    0.00    0.00   99.00

23:45:01     CPU    %usr   %nice    %sys %iowait    %irq   %soft  %steal  %guest  %gnice   %idle
23:45:02     all    0.80    0.00   30.67    0.00    0.00    8.80    0.00    0.00    0.00   59.73
23:45:02       0    1.04    0.00   66.67    0.00    0.00   28.12    0.00    0.00    0.00    4.17
23:45:02       1    0.00    0.00    0.00    0.00    0.00    0.00    0.00    0.00    0.00  100.00
23:45:02       2    2.50    0.00   63.75    0.00    0.00    7.50    0.00    0.00    0.00   26.25
23:45:02       3    0.00    0.00    0.00    0.00    0.00    0.00    0.00    0.00    0.00  100.00

23:45:02     CPU    %usr   %nice    %sys %iowait    %irq   %soft  %steal  %guest  %gnice   %idle
23:45:03     all    1.05    0.00   33.16    0.26    0.00    7.63    0.00    0.00    0.00   57.89
23:45:03       0    1.02    0.00   72.45    0.00    0.00   23.47    0.00    0.00    0.00    3.06
23:45:03       1    1.00    0.00    0.00    0.00    0.00    0.00    0.00    0.00    0.00   99.00
23:45:03       2    2.44    0.00   67.07    0.00    0.00    7.32    0.00    0.00    0.00   23.17
23:45:03       3    0.00    0.00    0.00    1.00    0.00    0.00    0.00    0.00    0.00   99.00

23:45:03     CPU    %usr   %nice    %sys %iowait    %irq   %soft  %steal  %guest  %gnice   %idle
23:45:04     all    1.83    0.00   32.20    0.00    0.00    8.12    0.00    0.00    0.00   57.85
23:45:04       0    2.02    0.00   66.67    0.00    0.00   26.26    0.00    0.00    0.00    5.05
23:45:04       1    1.01    0.00    0.00    0.00    0.00    0.00    0.00    0.00    0.00   98.99
23:45:04       2    2.35    0.00   67.06    0.00    0.00    5.88    0.00    0.00    0.00   24.71
23:45:04       3    2.02    0.00    0.00    0.00    0.00    0.00    0.00    0.00    0.00   97.98

23:45:04     CPU    %usr   %nice    %sys %iowait    %irq   %soft  %steal  %guest  %gnice   %idle
23:45:05     all    1.05    0.00   33.51    0.00    0.00    7.59    0.00    0.00    0.00   57.85
23:45:05       0    2.04    0.00   71.43    0.00    0.00   23.47    0.00    0.00    0.00    3.06
23:45:05       1    0.00    0.00    0.00    0.00    0.00    0.00    0.00    0.00    0.00  100.00
23:45:05       2    2.35    0.00   68.24    0.00    0.00    7.06    0.00    0.00    0.00   22.35
23:45:05       3    0.00    0.00    0.00    0.00    0.00    0.00    0.00    0.00    0.00  100.00
