Linux 7.0.0-31-generic (ubuntu) 	09/10/26 	_aarch64_	(4 CPU)

23:43:47     CPU    %usr   %nice    %sys %iowait    %irq   %soft  %steal  %guest  %gnice   %idle
23:43:48     all    1.30    0.00   33.77    0.00    0.00    7.53    0.00    0.00    0.00   57.40
23:43:48       0    1.02    0.00   72.45    0.00    0.00   22.45    0.00    0.00    0.00    4.08
23:43:48       1    0.00    0.00    0.00    0.00    0.00    0.00    0.00    0.00    0.00  100.00
23:43:48       2    2.27    0.00   67.05    0.00    0.00    7.95    0.00    0.00    0.00   22.73
23:43:48       3    2.00    0.00    0.00    0.00    0.00    0.00    0.00    0.00    0.00   98.00

23:43:48     CPU    %usr   %nice    %sys %iowait    %irq   %soft  %steal  %guest  %gnice   %idle
23:43:49     all    0.79    0.00   33.25    0.00    0.00    7.85    0.00    0.00    0.00   58.12
23:43:49       0    2.02    0.00   69.70    0.00    0.00   24.24    0.00    0.00    0.00    4.04
23:43:49       1    0.00    0.00    0.00    0.00    0.00    0.00    0.00    0.00    0.00  100.00
23:43:49       2    1.19    0.00   69.05    0.00    0.00    7.14    0.00    0.00    0.00   22.62
23:43:49       3    0.00    0.00    0.00    0.00    0.00    0.00    0.00    0.00    0.00  100.00

23:43:49     CPU    %usr   %nice    %sys %iowait    %irq   %soft  %steal  %guest  %gnice   %idle
23:43:50     all    1.83    0.00   32.38    0.00    0.00    8.36    0.00    0.00    0.00   57.44
23:43:50       0    1.03    0.00   69.07    0.00    0.00   25.77    0.00    0.00    0.00    4.12
23:43:50       1    1.00    0.00    0.00    0.00    0.00    0.00    0.00    0.00    0.00   99.00
23:43:50       2    2.33    0.00   66.28    0.00    0.00    8.14    0.00    0.00    0.00   23.26
23:43:50       3    3.00    0.00    0.00    0.00    0.00    0.00    0.00    0.00    0.00   97.00

23:43:50     CPU    %usr   %nice    %sys %iowait    %irq   %soft  %steal  %guest  %gnice   %idle
23:43:51     all    0.78    0.00   33.94    0.00    0.00    7.83    0.00    0.00    0.00   57.44
23:43:51       0    1.02    0.00   71.43    0.00    0.00   23.47    0.00    0.00    0.00    4.08
23:43:51       1    0.00    0.00    0.00    0.00    0.00    0.00    0.00    0.00    0.00  100.00
23:43:51       2    2.30    0.00   68.97    0.00    0.00    8.05    0.00    0.00    0.00   20.69
23:43:51       3    0.00    0.00    0.00    0.00    0.00    0.00    0.00    0.00    0.00  100.00

23:43:51     CPU    %usr   %nice    %sys %iowait    %irq   %soft  %steal  %guest  %gnice   %idle
23:43:52     all    1.31    0.00   32.90    0.00    0.00    7.57    0.00    0.00    0.00   58.22
23:43:52       0    2.02    0.00   69.70    0.00    0.00   24.24    0.00    0.00    0.00    4.04
23:43:52       1    0.99    0.00    0.99    0.00    0.00    0.00    0.00    0.00    0.00   98.02
23:43:52       2    2.41    0.00   67.47    0.00    0.00    6.02    0.00    0.00    0.00   24.10
23:43:52       3    0.00    0.00    0.00    0.00    0.00    0.00    0.00    0.00    0.00  100.00

23:43:52     CPU    %usr   %nice    %sys %iowait    %irq   %soft  %steal  %guest  %gnice   %idle
23:43:53     all    1.05    0.00   33.42    0.00    0.00    7.89    0.00    0.00    0.00   57.63
23:43:53       0    1.02    0.00   70.41    0.00    0.00   25.51    0.00    0.00    0.00    3.06
23:43:53       1    0.00    0.00    0.00    0.00    0.00    0.00    0.00    0.00    0.00  100.00
23:43:53       2    2.38    0.00   69.05    0.00    0.00    5.95    0.00    0.00    0.00   22.62
23:43:53       3    1.01    0.00    0.00    0.00    0.00    0.00    0.00    0.00    0.00   98.99

23:43:53     CPU    %usr   %nice    %sys %iowait    %irq   %soft  %steal  %guest  %gnice   %idle
23:43:54     all    1.30    0.00   32.81    0.00    0.00    7.55    0.00    0.00    0.00   58.33
23:43:54       0    2.02    0.00   69.70    0.00    0.00   24.24    0.00    0.00    0.00    4.04
23:43:54       1    0.00    0.00    0.00    0.00    0.00    0.00    0.00    0.00    0.00  100.00
23:43:54       2    2.38    0.00   67.86    0.00    0.00    5.95    0.00    0.00    0.00   23.81
23:43:54       3    0.99    0.00    0.00    0.00    0.00    0.00    0.00    0.00    0.00   99.01

23:43:54     CPU    %usr   %nice    %sys %iowait    %irq   %soft  %steal  %guest  %gnice   %idle
23:43:55     all    0.27    0.00   33.42    0.00    0.00    8.22    0.00    0.00    0.00   58.09
23:43:55       0    0.00    0.00   70.41    0.00    0.00   26.53    0.00    0.00    0.00    3.06
23:43:55       1    0.00    0.00    0.00    0.00    0.00    0.00    0.00    0.00    0.00  100.00
23:43:55       2    1.22    0.00   69.51    0.00    0.00    6.10    0.00    0.00    0.00   23.17
23:43:55       3    0.00    0.00    0.00    0.00    0.00    0.00    0.00    0.00    0.00  100.00

23:43:55     CPU    %usr   %nice    %sys %iowait    %irq   %soft  %steal  %guest  %gnice   %idle
23:43:56     all    1.04    0.00   32.90    0.00    0.00    8.29    0.00    0.00    0.00   57.77
23:43:56       0    2.02    0.00   69.70    0.00    0.00   25.25    0.00    0.00    0.00    3.03
23:43:56       1    0.99    0.00    0.00    0.00    0.00    0.00    0.00    0.00    0.00   99.01
23:43:56       2    1.18    0.00   67.06    0.00    0.00    8.24    0.00    0.00    0.00   23.53
23:43:56       3    0.00    0.00    0.99    0.00    0.00    0.00    0.00    0.00    0.00   99.01

23:43:56     CPU    %usr   %nice    %sys %iowait    %irq   %soft  %steal  %guest  %gnice   %idle
23:43:57     all    1.31    0.00   32.28    0.00    0.00    8.66    0.00    0.00    0.00   57.74
23:43:57       0    1.02    0.00   69.39    0.00    0.00   26.53    0.00    0.00    0.00    3.06
23:43:57       1    0.00    0.00    0.00    0.00    0.00    0.00    0.00    0.00    0.00  100.00
23:43:57       2    2.35    0.00   64.71    0.00    0.00    8.24    0.00    0.00    0.00   24.71
23:43:57       3    2.02    0.00    0.00    0.00    0.00    0.00    0.00    0.00    0.00   97.98

23:43:57     CPU    %usr   %nice    %sys %iowait    %irq   %soft  %steal  %guest  %gnice   %idle
23:43:58     all    0.78    0.00   34.20    0.00    0.00    7.51    0.00    0.00    0.00   57.51
23:43:58       0    1.01    0.00   72.73    0.00    0.00   23.23    0.00    0.00    0.00    3.03
23:43:58       1    0.00    0.00    0.99    0.00    0.00    0.00    0.00    0.00    0.00   99.01
23:43:58       2    2.33    0.00   68.60    0.00    0.00    6.98    0.00    0.00    0.00   22.09
23:43:58       3    0.00    0.00    0.00    0.00    0.00    0.00    0.00    0.00    0.00  100.00

23:43:58     CPU    %usr   %nice    %sys %iowait    %irq   %soft  %steal  %guest  %gnice   %idle
23:43:59     all    0.79    0.00   33.42    0.00    0.00    7.63    0.00    0.00    0.00   58.16
23:43:59       0    1.02    0.00   71.43    0.00    0.00   24.49    0.00    0.00    0.00    3.06
23:43:59       1    0.00    0.00    0.00    0.00    0.00    0.00    0.00    0.00    0.00  100.00
23:43:59       2    2.38    0.00   67.86    0.00    0.00    5.95    0.00    0.00    0.00   23.81
23:43:59       3    0.00    0.00    0.00    0.00    0.00    0.00    0.00    0.00    0.00  100.00

23:43:59     CPU    %usr   %nice    %sys %iowait    %irq   %soft  %steal  %guest  %gnice   %idle
23:44:00     all    1.56    0.00   32.99    0.00    0.00    8.57    0.00    0.00    0.00   56.88
23:44:00       0    1.01    0.00   69.70    0.00    0.00   26.26    0.00    0.00    0.00    3.03
23:44:00       1    2.02    0.00    0.00    0.00    0.00    0.00    0.00    0.00    0.00   97.98
23:44:00       2    2.30    0.00   66.67    0.00    0.00    8.05    0.00    0.00    0.00   22.99
23:44:00       3    1.00    0.00    0.00    0.00    0.00    0.00    0.00    0.00    0.00   99.00

23:44:00     CPU    %usr   %nice    %sys %iowait    %irq   %soft  %steal  %guest  %gnice   %idle
23:44:01     all    1.05    0.26   33.25    0.00    0.00    7.59    0.00    0.00    0.00   57.85
23:44:01       0    2.04    0.00   69.39    0.00    0.00   24.49    0.00    0.00    0.00    4.08
23:44:01       1    0.99    0.99    0.00    0.00    0.00    0.00    0.00    0.00    0.00   98.02
23:44:01       2    1.19    0.00   70.24    0.00    0.00    5.95    0.00    0.00    0.00   22.62
23:44:01       3    0.00    0.00    0.00    0.00    0.00    0.00    0.00    0.00    0.00  100.00

23:44:01     CPU    %usr   %nice    %sys %iowait    %irq   %soft  %steal  %guest  %gnice   %idle
23:44:02     all    0.79    0.00   32.19    0.00    0.00    7.92    0.00    0.00    0.00   59.10
23:44:02       0    1.04    0.00   70.83    0.00    0.00   25.00    0.00    0.00    0.00    3.12
23:44:02       1    0.00    0.00    0.00    0.00    0.00    0.00    0.00    0.00    0.00  100.00
23:44:02       2    2.41    0.00   65.06    0.00    0.00    7.23    0.00    0.00    0.00   25.30
23:44:02       3    0.00    0.00    0.00    0.00    0.00    0.00    0.00    0.00    0.00  100.00

23:44:02     CPU    %usr   %nice    %sys %iowait    %irq   %soft  %steal  %guest  %gnice   %idle
23:44:03     all    0.79    0.00   32.55    0.00    0.00    8.92    0.00    0.00    0.00   57.74
23:44:03       0    1.00    0.00   69.00    0.00    0.00   27.00    0.00    0.00    0.00    3.00
23:44:03       1    1.01    0.00    0.00    0.00    0.00    0.00    0.00    0.00    0.00   98.99
23:44:03       2    1.20    0.00   66.27    0.00    0.00    8.43    0.00    0.00    0.00   24.10
23:44:03       3    0.00    0.00    0.00    0.00    0.00    0.00    0.00    0.00    0.00  100.00

23:44:03     CPU    %usr   %nice    %sys %iowait    %irq   %soft  %steal  %guest  %gnice   %idle
23:44:04     all    1.04    0.00   33.42    0.00    0.00    7.83    0.00    0.00    0.00   57.70
23:44:04       0    2.04    0.00   70.41    0.00    0.00   24.49    0.00    0.00    0.00    3.06
23:44:04       1    1.00    0.00    0.00    0.00    0.00    0.00    0.00    0.00    0.00   99.00
23:44:04       2    1.18    0.00   69.41    0.00    0.00    7.06    0.00    0.00    0.00   22.35
23:44:04       3    0.00    0.00    0.00    0.00    0.00    0.00    0.00    0.00    0.00  100.00

23:44:04     CPU    %usr   %nice    %sys %iowait    %irq   %soft  %steal  %guest  %gnice   %idle
23:44:05     all    1.32    0.00   32.63    0.00    0.00    7.63    0.00    0.00    0.00   58.42
23:44:05       0    1.03    0.00   68.04    0.00    0.00   25.77    0.00    0.00    0.00    5.15
23:44:05       1    0.00    0.00    0.00    0.00    0.00    0.00    0.00    0.00    0.00  100.00
23:44:05       2    3.53    0.00   68.24    0.00    0.00    4.71    0.00    0.00    0.00   23.53
23:44:05       3    1.01    0.00    0.00    0.00    0.00    0.00    0.00    0.00    0.00   98.99
