Linux 7.0.0-31-generic (ubuntu) 	09/10/26 	_aarch64_	(4 CPU)

23:40:46     CPU    %usr   %nice    %sys %iowait    %irq   %soft  %steal  %guest  %gnice   %idle
23:40:47     all    1.31    0.00   32.64    0.00    0.00    8.09    0.00    0.00    0.00   57.96
23:40:47       0    2.02    0.00   70.71    0.00    0.00   23.23    0.00    0.00    0.00    4.04
23:40:47       1    2.00    0.00    0.00    0.00    0.00    0.00    0.00    0.00    0.00   98.00
23:40:47       2    1.18    0.00   64.71    0.00    0.00    9.41    0.00    0.00    0.00   24.71
23:40:47       3    0.00    0.00    0.00    0.00    0.00    0.00    0.00    0.00    0.00  100.00

23:40:47     CPU    %usr   %nice    %sys %iowait    %irq   %soft  %steal  %guest  %gnice   %idle
23:40:48     all    0.53    0.00   31.83    0.00    0.00    9.02    0.00    0.00    0.00   58.62
23:40:48       0    1.04    0.00   68.75    0.00    0.00   27.08    0.00    0.00    0.00    3.12
23:40:48       1    0.00    0.00    0.00    0.00    0.00    0.00    0.00    0.00    0.00  100.00
23:40:48       2    1.22    0.00   64.63    0.00    0.00    9.76    0.00    0.00    0.00   24.39
23:40:48       3    0.00    0.00    1.00    0.00    0.00    0.00    0.00    0.00    0.00   99.00

23:40:48     CPU    %usr   %nice    %sys %iowait    %irq   %soft  %steal  %guest  %gnice   %idle
23:40:49     all    1.04    0.00   33.16    0.00    0.00    7.57    0.00    0.00    0.00   58.22
23:40:49       0    2.04    0.00   70.41    0.00    0.00   23.47    0.00    0.00    0.00    4.08
23:40:49       1    0.00    0.00    0.00    0.00    0.00    0.00    0.00    0.00    0.00  100.00
23:40:49       2    2.33    0.00   67.44    0.00    0.00    6.98    0.00    0.00    0.00   23.26
23:40:49       3    0.00    0.00    0.00    0.00    0.00    0.00    0.00    0.00    0.00  100.00

23:40:49     CPU    %usr   %nice    %sys %iowait    %irq   %soft  %steal  %guest  %gnice   %idle
23:40:50     all    1.56    0.00   32.99    0.00    0.00    7.53    0.00    0.00    0.00   57.92
23:40:50       0    1.03    0.00   71.13    0.00    0.00   23.71    0.00    0.00    0.00    4.12
23:40:50       1    0.98    0.00    0.98    0.00    0.00    0.00    0.00    0.00    0.00   98.04
23:40:50       2    3.49    0.00   66.28    0.00    0.00    6.98    0.00    0.00    0.00   23.26
23:40:50       3    1.00    0.00    0.00    0.00    0.00    0.00    0.00    0.00    0.00   99.00

23:40:50     CPU    %usr   %nice    %sys %iowait    %irq   %soft  %steal  %guest  %gnice   %idle
23:40:51     all    0.78    0.00   33.68    0.00    0.00    8.09    0.00    0.00    0.00   57.44
23:40:51       0    2.00    0.00   71.00    0.00    0.00   24.00    0.00    0.00    0.00    3.00
23:40:51       1    0.00    0.00    0.00    0.00    0.00    0.00    0.00    0.00    0.00  100.00
23:40:51       2    1.18    0.00   68.24    0.00    0.00    8.24    0.00    0.00    0.00   22.35
23:40:51       3    0.00    0.00    0.00    0.00    0.00    0.00    0.00    0.00    0.00  100.00

23:40:51     CPU    %usr   %nice    %sys %iowait    %irq   %soft  %steal  %guest  %gnice   %idle
23:40:52     all    1.57    0.00   33.51    0.00    0.00    7.33    0.00    0.00    0.00   57.59
23:40:52       0    1.03    0.00   72.16    0.00    0.00   22.68    0.00    0.00    0.00    4.12
23:40:52       1    1.02    0.00    0.00    0.00    0.00    0.00    0.00    0.00    0.00   98.98
23:40:52       2    2.33    0.00   67.44    0.00    0.00    6.98    0.00    0.00    0.00   23.26
23:40:52       3    1.98    0.00    0.00    0.00    0.00    0.00    0.00    0.00    0.00   98.02

23:40:52     CPU    %usr   %nice    %sys %iowait    %irq   %soft  %steal  %guest  %gnice   %idle
23:40:53     all    0.79    0.00   33.60    0.00    0.00    7.35    0.00    0.00    0.00   58.27
23:40:53       0    1.01    0.00   72.73    0.00    0.00   23.23    0.00    0.00    0.00    3.03
23:40:53       1    0.99    0.00    0.00    0.00    0.00    0.00    0.00    0.00    0.00   99.01
23:40:53       2    1.22    0.00   68.29    0.00    0.00    6.10    0.00    0.00    0.00   24.39
23:40:53       3    0.00    0.00    0.00    0.00    0.00    0.00    0.00    0.00    0.00  100.00

23:40:53     CPU    %usr   %nice    %sys %iowait    %irq   %soft  %steal  %guest  %gnice   %idle
23:40:54     all    0.79    0.26   31.05    0.00    0.00    8.42    0.00    0.00    0.00   59.47
23:40:54       0    1.03    0.00   68.04    0.00    0.00   25.77    0.00    0.00    0.00    5.15
23:40:54       1    0.00    0.99    0.99    0.00    0.00    0.00    0.00    0.00    0.00   98.02
23:40:54       2    1.23    0.00   62.96    0.00    0.00    8.64    0.00    0.00    0.00   27.16
23:40:54       3    0.99    0.00    0.00    0.00    0.00    0.00    0.00    0.00    0.00   99.01

23:40:54     CPU    %usr   %nice    %sys %iowait    %irq   %soft  %steal  %guest  %gnice   %idle
23:40:55     all    1.04    0.00   33.94    0.00    0.00    7.57    0.00    0.00    0.00   57.44
23:40:55       0    3.06    0.00   71.43    0.00    0.00   22.45    0.00    0.00    0.00    3.06
23:40:55       1    0.00    0.00    0.00    0.00    0.00    0.00    0.00    0.00    0.00  100.00
23:40:55       2    1.16    0.00   68.60    0.00    0.00    8.14    0.00    0.00    0.00   22.09
23:40:55       3    0.00    0.00    1.00    0.00    0.00    0.00    0.00    0.00    0.00   99.00

23:40:55     CPU    %usr   %nice    %sys %iowait    %irq   %soft  %steal  %guest  %gnice   %idle
23:40:56     all    0.53    0.00   32.89    0.00    0.00    7.89    0.00    0.00    0.00   58.68
23:40:56       0    1.02    0.00   71.43    0.00    0.00   23.47    0.00    0.00    0.00    4.08
23:40:56       1    0.00    0.00    0.00    0.00    0.00    0.00    0.00    0.00    0.00  100.00
23:40:56       2    1.20    0.00   66.27    0.00    0.00    8.43    0.00    0.00    0.00   24.10
23:40:56       3    0.00    0.00    0.00    0.00    0.00    0.00    0.00    0.00    0.00  100.00

23:40:56     CPU    %usr   %nice    %sys %iowait    %irq   %soft  %steal  %guest  %gnice   %idle
23:40:57     all    6.54    0.00   31.15    0.00    0.00    7.33    0.00    0.00    0.00   54.97
23:40:57       0    3.12    0.00   66.67    0.00    0.00   22.92    0.00    0.00    0.00    7.29
23:40:57       1    8.08    0.00    0.00    0.00    0.00    0.00    0.00    0.00    0.00   91.92
23:40:57       2    6.90    0.00   63.22    0.00    0.00    6.90    0.00    0.00    0.00   22.99
23:40:57       3    8.00    0.00    0.00    0.00    0.00    0.00    0.00    0.00    0.00   92.00

23:40:57     CPU    %usr   %nice    %sys %iowait    %irq   %soft  %steal  %guest  %gnice   %idle
23:40:58     all    2.63    0.00   33.16    0.00    0.00    8.16    0.00    0.00    0.00   56.05
23:40:58       0    1.03    0.00   70.10    0.00    0.00   25.77    0.00    0.00    0.00    3.09
23:40:58       1    6.00    0.00    0.00    0.00    0.00    0.00    0.00    0.00    0.00   94.00
23:40:58       2    1.19    0.00   69.05    0.00    0.00    7.14    0.00    0.00    0.00   22.62
23:40:58       3    2.02    0.00    0.00    0.00    0.00    0.00    0.00    0.00    0.00   97.98

23:40:58     CPU    %usr   %nice    %sys %iowait    %irq   %soft  %steal  %guest  %gnice   %idle
23:40:59     all    1.31    0.00   32.02    0.00    0.00    8.14    0.00    0.00    0.00   58.53
23:40:59       0    2.04    0.00   68.37    0.00    0.00   26.53    0.00    0.00    0.00    3.06
23:40:59       1    0.00    0.00    0.00    0.00    0.00    0.00    0.00    0.00    0.00  100.00
23:40:59       2    2.41    0.00   66.27    0.00    0.00    6.02    0.00    0.00    0.00   25.30
23:40:59       3    0.99    0.00    0.00    0.00    0.00    0.00    0.00    0.00    0.00   99.01

23:40:59     CPU    %usr   %nice    %sys %iowait    %irq   %soft  %steal  %guest  %gnice   %idle
23:41:00     all    1.57    0.00   33.16    0.00    0.00    8.09    0.00    0.00    0.00   57.18
23:41:00       0    1.02    0.00   69.39    0.00    0.00   25.51    0.00    0.00    0.00    4.08
23:41:00       1    1.00    0.00    0.00    0.00    0.00    0.00    0.00    0.00    0.00   99.00
23:41:00       2    1.18    0.00   68.24    0.00    0.00    7.06    0.00    0.00    0.00   23.53
23:41:00       3    3.00    0.00    1.00    0.00    0.00    0.00    0.00    0.00    0.00   96.00

23:41:00     CPU    %usr   %nice    %sys %iowait    %irq   %soft  %steal  %guest  %gnice   %idle
23:41:01     all    0.53    0.00   33.25    0.00    0.00    7.92    0.00    0.00    0.00   58.31
23:41:01       0    1.03    0.00   68.04    0.00    0.00   26.80    0.00    0.00    0.00    4.12
23:41:01       1    0.00    0.00    1.00    0.00    0.00    0.00    0.00    0.00    0.00   99.00
23:41:01       2    1.20    0.00   71.08    0.00    0.00    4.82    0.00    0.00    0.00   22.89
23:41:01       3    0.00    0.00    0.00    0.00    0.00    0.00    0.00    0.00    0.00  100.00

23:41:01     CPU    %usr   %nice    %sys %iowait    %irq   %soft  %steal  %guest  %gnice   %idle
23:41:02     all    1.04    0.00   32.90    0.00    0.00    8.09    0.00    0.00    0.00   57.96
23:41:02       0    1.03    0.00   71.13    0.00    0.00   24.74    0.00    0.00    0.00    3.09
23:41:02       1    1.00    0.00    0.00    0.00    0.00    0.00    0.00    0.00    0.00   99.00
23:41:02       2    2.33    0.00   66.28    0.00    0.00    8.14    0.00    0.00    0.00   23.26
23:41:02       3    0.00    0.00    0.00    0.00    0.00    0.00    0.00    0.00    0.00  100.00

23:41:02     CPU    %usr   %nice    %sys %iowait    %irq   %soft  %steal  %guest  %gnice   %idle
23:41:03     all    0.78    0.00   33.42    0.00    0.00    7.83    0.00    0.00    0.00   57.96
23:41:03       0    1.00    0.00   69.00    0.00    0.00   26.00    0.00    0.00    0.00    4.00
23:41:03       1    0.00    0.00    0.00    0.00    0.00    0.00    0.00    0.00    0.00  100.00
23:41:03       2    2.35    0.00   69.41    0.00    0.00    4.71    0.00    0.00    0.00   23.53
23:41:03       3    0.00    0.00    0.00    0.00    0.00    0.00    0.00    0.00    0.00  100.00

23:41:03     CPU    %usr   %nice    %sys %iowait    %irq   %soft  %steal  %guest  %gnice   %idle
23:41:04     all    1.05    0.00   33.07    0.00    0.00    7.61    0.00    0.00    0.00   58.27
23:41:04       0    1.02    0.00   71.43    0.00    0.00   23.47    0.00    0.00    0.00    4.08
23:41:04       1    0.00    0.00    0.00    0.00    0.00    0.00    0.00    0.00    0.00  100.00
23:41:04       2    2.38    0.00   66.67    0.00    0.00    7.14    0.00    0.00    0.00   23.81
23:41:04       3    1.00    0.00    0.00    0.00    0.00    0.00    0.00    0.00    0.00   99.00
