Linux 7.0.0-31-generic (ubuntu) 	09/10/26 	_aarch64_	(4 CPU)

23:43:07     CPU    %usr   %nice    %sys %iowait    %irq   %soft  %steal  %guest  %gnice   %idle
23:43:08     all    1.32    0.00   33.95    0.00    0.00    7.63    0.00    0.00    0.00   57.11
23:43:08       0    1.00    0.00   74.00    0.00    0.00   25.00    0.00    0.00    0.00    0.00
23:43:08       1    1.00    0.00    0.00    0.00    0.00    0.00    0.00    0.00    0.00   99.00
23:43:08       2    2.50    0.00   68.75    0.00    0.00    5.00    0.00    0.00    0.00   23.75
23:43:08       3    1.00    0.00    0.00    0.00    0.00    0.00    0.00    0.00    0.00   99.00

23:43:08     CPU    %usr   %nice    %sys %iowait    %irq   %soft  %steal  %guest  %gnice   %idle
23:43:09     all    1.05    0.00   33.68    0.00    0.00    8.16    0.00    0.00    0.00   57.11
23:43:09       0    1.00    0.00   72.00    0.00    0.00   27.00    0.00    0.00    0.00    0.00
23:43:09       1    1.00    0.00    0.00    0.00    0.00    0.00    0.00    0.00    0.00   99.00
23:43:09       2    2.50    0.00   68.75    0.00    0.00    5.00    0.00    0.00    0.00   23.75
23:43:09       3    0.00    0.00    1.00    0.00    0.00    0.00    0.00    0.00    0.00   99.00

23:43:09     CPU    %usr   %nice    %sys %iowait    %irq   %soft  %steal  %guest  %gnice   %idle
23:43:10     all    1.30    0.00   33.77    0.00    0.00    8.05    0.00    0.00    0.00   56.88
23:43:10       0    2.97    0.00   71.29    0.00    0.00   25.74    0.00    0.00    0.00    0.00
23:43:10       1    0.00    0.00    0.00    0.00    0.00    0.00    0.00    0.00    0.00  100.00
23:43:10       2    2.35    0.00   68.24    0.00    0.00    5.88    0.00    0.00    0.00   23.53
23:43:10       3    0.00    0.00    0.00    0.00    0.00    0.00    0.00    0.00    0.00  100.00

23:43:10     CPU    %usr   %nice    %sys %iowait    %irq   %soft  %steal  %guest  %gnice   %idle
23:43:11     all    2.59    0.00   34.46    0.00    0.00    7.51    0.00    0.00    0.00   55.44
23:43:11       0    2.00    0.00   73.00    0.00    0.00   25.00    0.00    0.00    0.00    0.00
23:43:11       1    6.00    0.00    0.00    0.00    0.00    0.00    0.00    0.00    0.00   94.00
23:43:11       2    1.18    0.00   70.59    0.00    0.00    4.71    0.00    0.00    0.00   23.53
23:43:11       3    0.99    0.00    0.00    0.00    0.00    0.00    0.00    0.00    0.00   99.01

23:43:11     CPU    %usr   %nice    %sys %iowait    %irq   %soft  %steal  %guest  %gnice   %idle
23:43:12     all    1.04    0.00   34.81    0.00    0.00    7.27    0.00    0.00    0.00   56.88
23:43:12       0    1.98    0.00   73.27    0.00    0.00   24.75    0.00    0.00    0.00    0.00
23:43:12       1    0.00    0.00    0.00    0.00    0.00    0.00    0.00    0.00    0.00  100.00
23:43:12       2    2.35    0.00   70.59    0.00    0.00    3.53    0.00    0.00    0.00   23.53
23:43:12       3    0.00    0.00    0.00    0.00    0.00    0.00    0.00    0.00    0.00  100.00

23:43:12     CPU    %usr   %nice    %sys %iowait    %irq   %soft  %steal  %guest  %gnice   %idle
23:43:13     all    0.78    0.00   33.94    0.00    0.00    8.55    0.00    0.00    0.00   56.74
23:43:13       0    1.00    0.00   72.00    0.00    0.00   27.00    0.00    0.00    0.00    0.00
23:43:13       1    0.00    0.00    0.00    0.00    0.00    0.00    0.00    0.00    0.00  100.00
23:43:13       2    2.30    0.00   67.82    0.00    0.00    6.90    0.00    0.00    0.00   22.99
23:43:13       3    0.00    0.00    0.00    0.00    0.00    0.00    0.00    0.00    0.00  100.00

23:43:13     CPU    %usr   %nice    %sys %iowait    %irq   %soft  %steal  %guest  %gnice   %idle
23:43:14     all    1.04    0.00   33.85    0.00    0.00    8.07    0.00    0.00    0.00   57.03
23:43:14       0    0.99    0.00   71.29    0.00    0.00   27.72    0.00    0.00    0.00    0.00
23:43:14       1    0.99    0.00    0.00    0.00    0.00    0.00    0.00    0.00    0.00   99.01
23:43:14       2    1.23    0.00   71.60    0.00    0.00    3.70    0.00    0.00    0.00   23.46
23:43:14       3    0.99    0.00    0.00    0.00    0.00    0.00    0.00    0.00    0.00   99.01

23:43:14     CPU    %usr   %nice    %sys %iowait    %irq   %soft  %steal  %guest  %gnice   %idle
23:43:15     all    1.04    0.00   34.97    0.00    0.00    7.51    0.00    0.00    0.00   56.48
23:43:15       0    2.00    0.00   73.00    0.00    0.00   25.00    0.00    0.00    0.00    0.00
23:43:15       1    0.00    0.00    1.00    0.00    0.00    0.00    0.00    0.00    0.00   99.00
23:43:15       2    2.30    0.00   70.11    0.00    0.00    4.60    0.00    0.00    0.00   22.99
23:43:15       3    0.00    0.00    0.00    0.00    0.00    0.00    0.00    0.00    0.00  100.00

23:43:15     CPU    %usr   %nice    %sys %iowait    %irq   %soft  %steal  %guest  %gnice   %idle
23:43:16     all    0.52    0.00   34.55    0.00    0.00    7.59    0.00    0.00    0.00   57.33
23:43:16       0    1.00    0.00   73.00    0.00    0.00   26.00    0.00    0.00    0.00    0.00
23:43:16       1    0.00    0.00    0.00    0.00    0.00    0.00    0.00    0.00    0.00  100.00
23:43:16       2    1.20    0.00   71.08    0.00    0.00    3.61    0.00    0.00    0.00   24.10
23:43:16       3    0.00    0.00    0.00    0.00    0.00    0.00    0.00    0.00    0.00  100.00

23:43:16     CPU    %usr   %nice    %sys %iowait    %irq   %soft  %steal  %guest  %gnice   %idle
23:43:17     all    1.55    0.00   34.20    0.00    0.00    8.03    0.00    0.00    0.00   56.22
23:43:17       0    1.00    0.00   73.00    0.00    0.00   26.00    0.00    0.00    0.00    0.00
23:43:17       1    0.99    0.00    0.00    0.00    0.00    0.00    0.00    0.00    0.00   99.01
23:43:17       2    1.18    0.00   69.41    0.00    0.00    5.88    0.00    0.00    0.00   23.53
23:43:17       3    3.00    0.00    0.00    0.00    0.00    0.00    0.00    0.00    0.00   97.00

23:43:17     CPU    %usr   %nice    %sys %iowait    %irq   %soft  %steal  %guest  %gnice   %idle
23:43:18     all    0.78    0.00   34.64    0.00    0.00    7.55    0.00    0.00    0.00   57.03
23:43:18       0    1.00    0.00   74.00    0.00    0.00   25.00    0.00    0.00    0.00    0.00
23:43:18       1    0.00    0.00    0.00    0.00    0.00    0.00    0.00    0.00    0.00  100.00
23:43:18       2    2.35    0.00   69.41    0.00    0.00    4.71    0.00    0.00    0.00   23.53
23:43:18       3    0.00    0.00    0.00    0.00    0.00    0.00    0.00    0.00    0.00  100.00

23:43:18     CPU    %usr   %nice    %sys %iowait    %irq   %soft  %steal  %guest  %gnice   %idle
23:43:19     all    0.52    0.00   34.38    0.00    0.00    7.81    0.00    0.00    0.00   57.29
23:43:19       0    0.99    0.00   73.27    0.00    0.00   25.74    0.00    0.00    0.00    0.00
23:43:19       1    0.00    0.00    0.00    0.00    0.00    0.00    0.00    0.00    0.00  100.00
23:43:19       2    1.20    0.00   69.88    0.00    0.00    4.82    0.00    0.00    0.00   24.10
23:43:19       3    0.00    0.00    0.00    0.00    0.00    0.00    0.00    0.00    0.00  100.00

23:43:19     CPU    %usr   %nice    %sys %iowait    %irq   %soft  %steal  %guest  %gnice   %idle
23:43:20     all    1.57    0.00   33.51    0.00    0.00    7.85    0.00    0.00    0.00   57.07
23:43:20       0    2.00    0.00   72.00    0.00    0.00   26.00    0.00    0.00    0.00    0.00
23:43:20       1    0.00    0.00    0.00    0.00    0.00    0.00    0.00    0.00    0.00  100.00
23:43:20       2    3.61    0.00   67.47    0.00    0.00    4.82    0.00    0.00    0.00   24.10
23:43:20       3    1.00    0.00    0.00    0.00    0.00    0.00    0.00    0.00    0.00   99.00

23:43:20     CPU    %usr   %nice    %sys %iowait    %irq   %soft  %steal  %guest  %gnice   %idle
23:43:21     all    1.03    0.00   35.14    0.00    0.00    7.49    0.00    0.00    0.00   56.33
23:43:21       0    2.00    0.00   73.00    0.00    0.00   25.00    0.00    0.00    0.00    0.00
23:43:21       1    0.00    0.00    0.00    0.00    0.00    0.00    0.00    0.00    0.00  100.00
23:43:21       2    2.30    0.00   71.26    0.00    0.00    4.60    0.00    0.00    0.00   21.84
23:43:21       3    0.00    0.00    0.99    0.00    0.00    0.00    0.00    0.00    0.00   99.01

23:43:21     CPU    %usr   %nice    %sys %iowait    %irq   %soft  %steal  %guest  %gnice   %idle
23:43:22     all    0.78    0.00   34.29    0.00    0.00    8.31    0.00    0.00    0.00   56.62
23:43:22       0    1.00    0.00   72.00    0.00    0.00   27.00    0.00    0.00    0.00    0.00
23:43:22       1    1.00    0.00    0.00    0.00    0.00    0.00    0.00    0.00    0.00   99.00
23:43:22       2    1.16    0.00   69.77    0.00    0.00    5.81    0.00    0.00    0.00   23.26
23:43:22       3    0.00    0.00    0.00    0.00    0.00    0.00    0.00    0.00    0.00  100.00

23:43:22     CPU    %usr   %nice    %sys %iowait    %irq   %soft  %steal  %guest  %gnice   %idle
23:43:23     all    0.78    0.00   33.59    0.26    0.00    8.33    0.00    0.00    0.00   57.03
23:43:23       0    0.99    0.00   71.29    0.00    0.00   27.72    0.00    0.00    0.00    0.00
23:43:23       1    0.00    0.00    0.00    0.99    0.00    0.00    0.00    0.00    0.00   99.01
23:43:23       2    2.44    0.00   69.51    0.00    0.00    4.88    0.00    0.00    0.00   23.17
23:43:23       3    0.00    0.00    0.00    0.00    0.00    0.00    0.00    0.00    0.00  100.00

23:43:23     CPU    %usr   %nice    %sys %iowait    %irq   %soft  %steal  %guest  %gnice   %idle
23:43:24     all    1.05    0.00   34.03    0.00    0.00    7.85    0.00    0.00    0.00   57.07
23:43:24       0    1.01    0.00   73.74    0.00    0.00   25.25    0.00    0.00    0.00    0.00
23:43:24       1    0.00    0.00    0.00    0.00    0.00    0.00    0.00    0.00    0.00  100.00
23:43:24       2    2.38    0.00   67.86    0.00    0.00    5.95    0.00    0.00    0.00   23.81
23:43:24       3    1.00    0.00    0.00    0.00    0.00    0.00    0.00    0.00    0.00   99.00
