Linux 7.0.0-31-generic (ubuntu) 	09/10/26 	_aarch64_	(4 CPU)

23:41:46     CPU    %usr   %nice    %sys %iowait    %irq   %soft  %steal  %guest  %gnice   %idle
23:41:47     all    0.78    0.00   34.81    0.00    0.00    8.05    0.00    0.00    0.00   56.36
23:41:47       0    0.00    0.00   73.74    0.00    0.00   26.26    0.00    0.00    0.00    0.00
23:41:47       1    0.00    0.00    0.00    0.00    0.00    0.00    0.00    0.00    0.00  100.00
23:41:47       2    2.30    0.00   68.97    0.00    0.00    5.75    0.00    0.00    0.00   22.99
23:41:47       3    1.00    0.00    1.00    0.00    0.00    0.00    0.00    0.00    0.00   98.00

23:41:47     CPU    %usr   %nice    %sys %iowait    %irq   %soft  %steal  %guest  %gnice   %idle
23:41:48     all    1.55    0.00   34.37    0.00    0.00    7.75    0.00    0.00    0.00   56.33
23:41:48       0    1.98    0.00   72.28    0.00    0.00   25.74    0.00    0.00    0.00    0.00
23:41:48       1    1.00    0.00    0.00    0.00    0.00    0.00    0.00    0.00    0.00   99.00
23:41:48       2    2.35    0.00   70.59    0.00    0.00    4.71    0.00    0.00    0.00   22.35
23:41:48       3    0.99    0.00    0.00    0.00    0.00    0.00    0.00    0.00    0.00   99.01

23:41:48     CPU    %usr   %nice    %sys %iowait    %irq   %soft  %steal  %guest  %gnice   %idle
23:41:49     all    0.78    0.00   34.29    0.00    0.00    8.57    0.00    0.00    0.00   56.36
23:41:49       0    1.00    0.00   72.00    0.00    0.00   27.00    0.00    0.00    0.00    0.00
23:41:49       1    0.00    0.00    1.00    0.00    0.00    0.00    0.00    0.00    0.00   99.00
23:41:49       2    2.33    0.00   68.60    0.00    0.00    6.98    0.00    0.00    0.00   22.09
23:41:49       3    0.00    0.00    0.00    0.00    0.00    0.00    0.00    0.00    0.00  100.00

23:41:49     CPU    %usr   %nice    %sys %iowait    %irq   %soft  %steal  %guest  %gnice   %idle
23:41:50     all    0.53    0.00   34.30    0.00    0.00    7.65    0.00    0.00    0.00   57.52
23:41:50       0    1.00    0.00   73.00    0.00    0.00   26.00    0.00    0.00    0.00    0.00
23:41:50       1    0.00    0.00    0.00    0.00    0.00    0.00    0.00    0.00    0.00  100.00
23:41:50       2    1.23    0.00   70.37    0.00    0.00    3.70    0.00    0.00    0.00   24.69
23:41:50       3    0.00    0.00    0.00    0.00    0.00    0.00    0.00    0.00    0.00  100.00

23:41:50     CPU    %usr   %nice    %sys %iowait    %irq   %soft  %steal  %guest  %gnice   %idle
23:41:51     all    1.30    0.00   34.55    0.00    0.00    7.79    0.00    0.00    0.00   56.36
23:41:51       0    1.00    0.00   73.00    0.00    0.00   26.00    0.00    0.00    0.00    0.00
23:41:51       1    1.00    0.00    0.00    0.00    0.00    0.00    0.00    0.00    0.00   99.00
23:41:51       2    2.35    0.00   70.59    0.00    0.00    4.71    0.00    0.00    0.00   22.35
23:41:51       3    1.00    0.00    0.00    0.00    0.00    0.00    0.00    0.00    0.00   99.00

23:41:51     CPU    %usr   %nice    %sys %iowait    %irq   %soft  %steal  %guest  %gnice   %idle
23:41:52     all    1.04    0.00   34.99    0.00    0.00    7.05    0.00    0.00    0.00   56.92
23:41:52       0    1.01    0.00   74.75    0.00    0.00   24.24    0.00    0.00    0.00    0.00
23:41:52       1    0.00    0.00    0.00    0.00    0.00    0.00    0.00    0.00    0.00  100.00
23:41:52       2    1.19    0.00   71.43    0.00    0.00    3.57    0.00    0.00    0.00   23.81
23:41:52       3    2.00    0.00    0.00    0.00    0.00    0.00    0.00    0.00    0.00   98.00

23:41:52     CPU    %usr   %nice    %sys %iowait    %irq   %soft  %steal  %guest  %gnice   %idle
23:41:53     all    0.78    0.00   34.55    0.00    0.00    8.05    0.00    0.00    0.00   56.62
23:41:53       0    1.00    0.00   72.00    0.00    0.00   27.00    0.00    0.00    0.00    0.00
23:41:53       1    0.00    0.00    0.00    0.00    0.00    0.00    0.00    0.00    0.00  100.00
23:41:53       2    2.33    0.00   69.77    0.00    0.00    4.65    0.00    0.00    0.00   23.26
23:41:53       3    0.00    0.00    1.00    0.00    0.00    0.00    0.00    0.00    0.00   99.00

23:41:53     CPU    %usr   %nice    %sys %iowait    %irq   %soft  %steal  %guest  %gnice   %idle
23:41:54     all    1.04    0.00   34.38    0.00    0.00    7.81    0.00    0.00    0.00   56.77
23:41:54       0    2.00    0.00   72.00    0.00    0.00   26.00    0.00    0.00    0.00    0.00
23:41:54       1    1.00    0.00    0.00    0.00    0.00    0.00    0.00    0.00    0.00   99.00
23:41:54       2    1.19    0.00   71.43    0.00    0.00    4.76    0.00    0.00    0.00   22.62
23:41:54       3    0.00    0.00    0.00    0.00    0.00    0.00    0.00    0.00    0.00  100.00

23:41:54     CPU    %usr   %nice    %sys %iowait    %irq   %soft  %steal  %guest  %gnice   %idle
23:41:55     all    1.29    0.00   35.14    0.00    0.00    6.98    0.00    0.00    0.00   56.59
23:41:55       0    1.96    0.00   74.51    0.00    0.00   23.53    0.00    0.00    0.00    0.00
23:41:55       1    0.00    0.00    1.00    0.00    0.00    0.00    0.00    0.00    0.00   99.00
23:41:55       2    2.38    0.00   70.24    0.00    0.00    3.57    0.00    0.00    0.00   23.81
23:41:55       3    0.99    0.00    0.00    0.00    0.00    0.00    0.00    0.00    0.00   99.01

23:41:55     CPU    %usr   %nice    %sys %iowait    %irq   %soft  %steal  %guest  %gnice   %idle
23:41:56     all    0.78    0.00   34.46    0.00    0.00    7.57    0.00    0.00    0.00   57.18
23:41:56       0    1.00    0.00   74.00    0.00    0.00   25.00    0.00    0.00    0.00    0.00
23:41:56       1    0.00    0.00    0.00    0.00    0.00    0.00    0.00    0.00    0.00  100.00
23:41:56       2    2.41    0.00   68.67    0.00    0.00    4.82    0.00    0.00    0.00   24.10
23:41:56       3    0.00    0.00    1.00    0.00    0.00    0.00    0.00    0.00    0.00   99.00

23:41:56     CPU    %usr   %nice    %sys %iowait    %irq   %soft  %steal  %guest  %gnice   %idle
23:41:57     all    1.55    0.00   33.94    0.00    0.00    8.55    0.00    0.00    0.00   55.96
23:41:57       0    2.00    0.00   71.00    0.00    0.00   27.00    0.00    0.00    0.00    0.00
23:41:57       1    1.01    0.00    0.00    0.00    0.00    0.00    0.00    0.00    0.00   98.99
23:41:57       2    3.41    0.00   68.18    0.00    0.00    6.82    0.00    0.00    0.00   21.59
23:41:57       3    0.00    0.00    0.00    0.00    0.00    0.00    0.00    0.00    0.00  100.00

23:41:57     CPU    %usr   %nice    %sys %iowait    %irq   %soft  %steal  %guest  %gnice   %idle
23:41:58     all    0.78    0.00   33.33    0.00    0.00    8.59    0.00    0.00    0.00   57.29
23:41:58       0    1.00    0.00   72.00    0.00    0.00   27.00    0.00    0.00    0.00    0.00
23:41:58       1    0.00    0.00    0.00    0.00    0.00    0.00    0.00    0.00    0.00  100.00
23:41:58       2    2.38    0.00   66.67    0.00    0.00    7.14    0.00    0.00    0.00   23.81
23:41:58       3    0.00    0.00    0.00    0.00    0.00    0.00    0.00    0.00    0.00  100.00

23:41:58     CPU    %usr   %nice    %sys %iowait    %irq   %soft  %steal  %guest  %gnice   %idle
23:41:59     all    0.79    0.00   34.21    0.00    0.00    7.63    0.00    0.00    0.00   57.37
23:41:59       0    1.00    0.00   73.00    0.00    0.00   26.00    0.00    0.00    0.00    0.00
23:41:59       1    1.00    0.00    0.00    0.00    0.00    0.00    0.00    0.00    0.00   99.00
23:41:59       2    1.23    0.00   70.37    0.00    0.00    3.70    0.00    0.00    0.00   24.69
23:41:59       3    0.00    0.00    0.00    0.00    0.00    0.00    0.00    0.00    0.00  100.00

23:41:59     CPU    %usr   %nice    %sys %iowait    %irq   %soft  %steal  %guest  %gnice   %idle
23:42:00     all    1.30    0.00   34.55    0.00    0.00    7.79    0.00    0.00    0.00   56.36
23:42:00       0    1.00    0.00   74.00    0.00    0.00   25.00    0.00    0.00    0.00    0.00
23:42:00       1    0.00    0.00    0.00    0.00    0.00    0.00    0.00    0.00    0.00  100.00
23:42:00       2    2.33    0.00   68.60    0.00    0.00    5.81    0.00    0.00    0.00   23.26
23:42:00       3    2.00    0.00    0.00    0.00    0.00    0.00    0.00    0.00    0.00   98.00

23:42:00     CPU    %usr   %nice    %sys %iowait    %irq   %soft  %steal  %guest  %gnice   %idle
23:42:01     all    0.78    0.00   34.46    0.00    0.00    8.29    0.00    0.00    0.00   56.48
23:42:01       0    1.00    0.00   72.00    0.00    0.00   27.00    0.00    0.00    0.00    0.00
23:42:01       1    0.00    0.00    0.00    0.00    0.00    0.00    0.00    0.00    0.00  100.00
23:42:01       2    2.30    0.00   70.11    0.00    0.00    5.75    0.00    0.00    0.00   21.84
23:42:01       3    0.00    0.00    0.00    0.00    0.00    0.00    0.00    0.00    0.00  100.00

23:42:01     CPU    %usr   %nice    %sys %iowait    %irq   %soft  %steal  %guest  %gnice   %idle
23:42:02     all    0.79    0.00   33.77    0.00    0.00    8.12    0.00    0.00    0.00   57.33
23:42:02       0    2.00    0.00   72.00    0.00    0.00   26.00    0.00    0.00    0.00    0.00
23:42:02       1    0.00    0.00    0.00    0.00    0.00    0.00    0.00    0.00    0.00  100.00
23:42:02       2    1.20    0.00   68.67    0.00    0.00    6.02    0.00    0.00    0.00   24.10
23:42:02       3    0.00    0.00    0.00    0.00    0.00    0.00    0.00    0.00    0.00  100.00

23:42:02     CPU    %usr   %nice    %sys %iowait    %irq   %soft  %steal  %guest  %gnice   %idle
23:42:03     all    0.78    0.00   33.85    0.00    0.00    8.07    0.00    0.00    0.00   57.29
23:42:03       0    0.99    0.00   72.28    0.00    0.00   26.73    0.00    0.00    0.00    0.00
23:42:03       1    0.99    0.00    0.00    0.00    0.00    0.00    0.00    0.00    0.00   99.01
23:42:03       2    1.22    0.00   69.51    0.00    0.00    4.88    0.00    0.00    0.00   24.39
23:42:03       3    0.00    0.00    0.00    0.00    0.00    0.00    0.00    0.00    0.00  100.00

23:42:03     CPU    %usr   %nice    %sys %iowait    %irq   %soft  %steal  %guest  %gnice   %idle
23:42:04     all    1.82    0.00   33.07    0.00    0.00    8.07    0.00    0.00    0.00   57.03
23:42:04       0    2.00    0.00   68.00    0.00    0.00   28.00    0.00    0.00    0.00    2.00
23:42:04       1    2.02    0.00    0.00    0.00    0.00    0.00    0.00    0.00    0.00   97.98
23:42:04       2    2.35    0.00   69.41    0.00    0.00    3.53    0.00    0.00    0.00   24.71
23:42:04       3    1.00    0.00    0.00    0.00    0.00    0.00    0.00    0.00    0.00   99.00
