Linux 7.0.0-31-generic (ubuntu) 	09/10/26 	_aarch64_	(4 CPU)

23:45:27     CPU    %usr   %nice    %sys %iowait    %irq   %soft  %steal  %guest  %gnice   %idle
23:45:28     all    1.04    0.00   34.90    0.00    0.00    7.29    0.00    0.00    0.00   56.77
23:45:28       0    2.00    0.00   74.00    0.00    0.00   24.00    0.00    0.00    0.00    0.00
23:45:28       1    0.00    0.00    0.00    0.00    0.00    0.00    0.00    0.00    0.00  100.00
23:45:28       2    2.35    0.00   70.59    0.00    0.00    4.71    0.00    0.00    0.00   22.35
23:45:28       3    0.00    0.00    0.00    0.00    0.00    0.00    0.00    0.00    0.00  100.00

23:45:28     CPU    %usr   %nice    %sys %iowait    %irq   %soft  %steal  %guest  %gnice   %idle
23:45:29     all    1.29    0.00   34.79    0.00    0.00    8.25    0.00    0.00    0.00   55.67
23:45:29       0    1.98    0.00   71.29    0.00    0.00   26.73    0.00    0.00    0.00    0.00
23:45:29       1    0.00    0.00    1.00    0.00    0.00    0.00    0.00    0.00    0.00   99.00
23:45:29       2    1.15    0.00   71.26    0.00    0.00    5.75    0.00    0.00    0.00   21.84
23:45:29       3    2.00    0.00    0.00    0.00    0.00    0.00    0.00    0.00    0.00   98.00

23:45:29     CPU    %usr   %nice    %sys %iowait    %irq   %soft  %steal  %guest  %gnice   %idle
23:45:30     all    0.79    0.00   34.12    0.00    0.00    7.87    0.00    0.00    0.00   57.22
23:45:30       0    1.01    0.00   71.72    0.00    0.00   27.27    0.00    0.00    0.00    0.00
23:45:30       1    0.00    0.00    0.00    0.00    0.00    0.00    0.00    0.00    0.00  100.00
23:45:30       2    2.38    0.00   70.24    0.00    0.00    3.57    0.00    0.00    0.00   23.81
23:45:30       3    0.00    0.00    0.00    0.00    0.00    0.00    0.00    0.00    0.00  100.00

23:45:30     CPU    %usr   %nice    %sys %iowait    %irq   %soft  %steal  %guest  %gnice   %idle
23:45:31     all    0.79    0.00   33.77    0.00    0.00    8.38    0.00    0.00    0.00   57.07
23:45:31       0    1.98    0.00   70.30    0.00    0.00   27.72    0.00    0.00    0.00    0.00
23:45:31       1    0.00    0.00    0.00    0.00    0.00    0.00    0.00    0.00    0.00  100.00
23:45:31       2    1.22    0.00   70.73    0.00    0.00    4.88    0.00    0.00    0.00   23.17
23:45:31       3    0.00    0.00    0.00    0.00    0.00    0.00    0.00    0.00    0.00  100.00

23:45:31     CPU    %usr   %nice    %sys %iowait    %irq   %soft  %steal  %guest  %gnice   %idle
23:45:32     all    1.30    0.00   33.77    0.00    0.00    8.05    0.00    0.00    0.00   56.88
23:45:32       0    2.02    0.00   70.71    0.00    0.00   27.27    0.00    0.00    0.00    0.00
23:45:32       1    1.00    0.00    0.00    0.00    0.00    0.00    0.00    0.00    0.00   99.00
23:45:32       2    2.33    0.00   69.77    0.00    0.00    4.65    0.00    0.00    0.00   23.26
23:45:32       3    0.00    0.00    0.00    0.00    0.00    0.00    0.00    0.00    0.00  100.00

23:45:32     CPU    %usr   %nice    %sys %iowait    %irq   %soft  %steal  %guest  %gnice   %idle
23:45:33     all    1.05    0.00   34.12    0.00    0.00    8.14    0.00    0.00    0.00   56.69
23:45:33       0    1.00    0.00   72.00    0.00    0.00   27.00    0.00    0.00    0.00    0.00
23:45:33       1    0.00    0.00    0.00    0.00    0.00    0.00    0.00    0.00    0.00  100.00
23:45:33       2    2.41    0.00   69.88    0.00    0.00    4.82    0.00    0.00    0.00   22.89
23:45:33       3    1.01    0.00    0.00    0.00    0.00    0.00    0.00    0.00    0.00   98.99

23:45:33     CPU    %usr   %nice    %sys %iowait    %irq   %soft  %steal  %guest  %gnice   %idle
23:45:34     all    1.04    0.00   34.90    0.00    0.00    7.55    0.00    0.00    0.00   56.51
23:45:34       0    2.00    0.00   73.00    0.00    0.00   25.00    0.00    0.00    0.00    0.00
23:45:34       1    0.00    0.00    0.00    0.00    0.00    0.00    0.00    0.00    0.00  100.00
23:45:34       2    1.18    0.00   71.76    0.00    0.00    4.71    0.00    0.00    0.00   22.35
23:45:34       3    1.00    0.00    0.00    0.00    0.00    0.00    0.00    0.00    0.00   99.00

23:45:34     CPU    %usr   %nice    %sys %iowait    %irq   %soft  %steal  %guest  %gnice   %idle
23:45:35     all    0.52    0.00   34.81    0.00    0.00    7.79    0.00    0.00    0.00   56.88
23:45:35       0    1.00    0.00   73.00    0.00    0.00   26.00    0.00    0.00    0.00    0.00
23:45:35       1    0.00    0.00    0.00    0.00    0.00    0.00    0.00    0.00    0.00  100.00
23:45:35       2    1.16    0.00   70.93    0.00    0.00    4.65    0.00    0.00    0.00   23.26
23:45:35       3    0.00    0.00    0.00    0.00    0.00    0.00    0.00    0.00    0.00  100.00

23:45:35     CPU    %usr   %nice    %sys %iowait    %irq   %soft  %steal  %guest  %gnice   %idle
23:45:36     all    1.30    0.00   34.55    0.00    0.00    8.05    0.00    0.00    0.00   56.10
23:45:36       0    2.00    0.00   71.00    0.00    0.00   27.00    0.00    0.00    0.00    0.00
23:45:36       1    1.00    0.00    0.00    0.00    0.00    0.00    0.00    0.00    0.00   99.00
23:45:36       2    2.33    0.00   70.93    0.00    0.00    4.65    0.00    0.00    0.00   22.09
23:45:36       3    0.00    0.00    1.01    0.00    0.00    0.00    0.00    0.00    0.00   98.99

23:45:36     CPU    %usr   %nice    %sys %iowait    %irq   %soft  %steal  %guest  %gnice   %idle
23:45:37     all    0.52    0.00   34.73    0.00    0.00    8.09    0.00    0.00    0.00   56.66
23:45:37       0    1.00    0.00   73.00    0.00    0.00   26.00    0.00    0.00    0.00    0.00
23:45:37       1    0.00    0.00    0.00    0.00    0.00    0.00    0.00    0.00    0.00  100.00
23:45:37       2    1.18    0.00   70.59    0.00    0.00    5.88    0.00    0.00    0.00   22.35
23:45:37       3    0.00    0.00    0.00    0.00    0.00    0.00    0.00    0.00    0.00  100.00

23:45:37     CPU    %usr   %nice    %sys %iowait    %irq   %soft  %steal  %guest  %gnice   %idle
23:45:38     all    0.79    0.00   34.55    0.00    0.00    7.59    0.00    0.00    0.00   57.07
23:45:38       0    1.01    0.00   73.74    0.00    0.00   25.25    0.00    0.00    0.00    0.00
23:45:38       1    0.99    0.00    0.99    0.00    0.00    0.00    0.00    0.00    0.00   98.02
23:45:38       2    1.22    0.00   70.73    0.00    0.00    4.88    0.00    0.00    0.00   23.17
23:45:38       3    0.00    0.00    0.00    0.00    0.00    0.00    0.00    0.00    0.00  100.00

23:45:38     CPU    %usr   %nice    %sys %iowait    %irq   %soft  %steal  %guest  %gnice   %idle
23:45:39     all    0.78    0.00   34.38    0.00    0.00    8.33    0.00    0.00    0.00   56.51
23:45:39       0    0.98    0.00   72.55    0.00    0.00   26.47    0.00    0.00    0.00    0.00
23:45:39       1    0.00    0.00    0.00    0.00    0.00    0.00    0.00    0.00    0.00  100.00
23:45:39       2    2.38    0.00   69.05    0.00    0.00    5.95    0.00    0.00    0.00   22.62
23:45:39       3    0.00    0.00    0.00    0.00    0.00    0.00    0.00    0.00    0.00  100.00

23:45:39     CPU    %usr   %nice    %sys %iowait    %irq   %soft  %steal  %guest  %gnice   %idle
23:45:40     all    1.03    0.00   34.37    0.00    0.00    7.75    0.00    0.00    0.00   56.85
23:45:40       0    2.00    0.00   71.00    0.00    0.00   27.00    0.00    0.00    0.00    0.00
23:45:40       1    0.00    0.00    0.00    0.00    0.00    0.00    0.00    0.00    0.00  100.00
23:45:40       2    2.30    0.00   71.26    0.00    0.00    3.45    0.00    0.00    0.00   22.99
23:45:40       3    0.00    0.00    0.00    0.00    0.00    0.00    0.00    0.00    0.00  100.00

23:45:40     CPU    %usr   %nice    %sys %iowait    %irq   %soft  %steal  %guest  %gnice   %idle
23:45:41     all    0.78    0.00   34.99    0.26    0.00    7.31    0.00    0.00    0.00   56.66
23:45:41       0    1.01    0.00   74.75    0.00    0.00   24.24    0.00    0.00    0.00    0.00
23:45:41       1    0.00    0.00    0.00    0.00    0.00    0.00    0.00    0.00    0.00  100.00
23:45:41       2    2.35    0.00   70.59    0.00    0.00    4.71    0.00    0.00    0.00   22.35
23:45:41       3    0.00    0.00    0.00    1.00    0.00    0.00    0.00    0.00    0.00   99.00

23:45:41     CPU    %usr   %nice    %sys %iowait    %irq   %soft  %steal  %guest  %gnice   %idle
23:45:42     all    1.57    0.26   34.73    0.00    0.00    7.57    0.00    0.00    0.00   55.87
23:45:42       0    1.00    0.00   73.00    0.00    0.00   26.00    0.00    0.00    0.00    0.00
23:45:42       1    0.00    0.00    0.00    0.00    0.00    0.00    0.00    0.00    0.00  100.00
23:45:42       2    1.20    0.00   72.29    0.00    0.00    3.61    0.00    0.00    0.00   22.89
23:45:42       3    3.96    0.99    0.00    0.00    0.00    0.00    0.00    0.00    0.00   95.05

23:45:42     CPU    %usr   %nice    %sys %iowait    %irq   %soft  %steal  %guest  %gnice   %idle
23:45:43     all    1.30    0.00   35.16    0.00    0.00    7.03    0.00    0.00    0.00   56.51
23:45:43       0    1.98    0.00   74.26    0.00    0.00   23.76    0.00    0.00    0.00    0.00
23:45:43       1    1.00    0.00    0.00    0.00    0.00    0.00    0.00    0.00    0.00   99.00
23:45:43       2    2.38    0.00   71.43    0.00    0.00    3.57    0.00    0.00    0.00   22.62
23:45:43       3    0.00    0.00    0.00    0.00    0.00    0.00    0.00    0.00    0.00  100.00

23:45:43     CPU    %usr   %nice    %sys %iowait    %irq   %soft  %steal  %guest  %gnice   %idle
23:45:44     all    0.78    0.00   34.97    0.00    0.00    7.51    0.00    0.00    0.00   56.74
23:45:44       0    1.00    0.00   75.00    0.00    0.00   24.00    0.00    0.00    0.00    0.00
23:45:44       1    0.00    0.00    0.00    0.00    0.00    0.00    0.00    0.00    0.00  100.00
23:45:44       2    2.33    0.00   69.77    0.00    0.00    5.81    0.00    0.00    0.00   22.09
23:45:44       3    0.00    0.00    0.00    0.00    0.00    0.00    0.00    0.00    0.00  100.00

23:45:44     CPU    %usr   %nice    %sys %iowait    %irq   %soft  %steal  %guest  %gnice   %idle
23:45:45     all    0.78    0.00   34.46    0.00    0.00    7.83    0.00    0.00    0.00   56.92
23:45:45       0    1.01    0.00   71.72    0.00    0.00   27.27    0.00    0.00    0.00    0.00
23:45:45       1    0.00    0.00    0.00    0.00    0.00    0.00    0.00    0.00    0.00  100.00
23:45:45       2    1.20    0.00   72.29    0.00    0.00    3.61    0.00    0.00    0.00   22.89
23:45:45       3    0.98    0.00    0.98    0.00    0.00    0.00    0.00    0.00    0.00   98.04
