Linux 7.0.0-31-generic (ubuntu) 	09/10/26 	_aarch64_	(4 CPU)

23:44:07     CPU    %usr   %nice    %sys %iowait    %irq   %soft  %steal  %guest  %gnice   %idle
23:44:08     all    0.78    0.00   35.58    0.00    0.00    7.01    0.00    0.00    0.00   56.62
23:44:08       0    2.00    0.00   74.00    0.00    0.00   24.00    0.00    0.00    0.00    0.00
23:44:08       1    0.00    0.00    0.00    0.00    0.00    0.00    0.00    0.00    0.00  100.00
23:44:08       2    1.16    0.00   73.26    0.00    0.00    3.49    0.00    0.00    0.00   22.09
23:44:08       3    0.00    0.00    0.00    0.00    0.00    0.00    0.00    0.00    0.00  100.00

23:44:08     CPU    %usr   %nice    %sys %iowait    %irq   %soft  %steal  %guest  %gnice   %idle
23:44:09     all    1.05    0.00   34.03    0.00    0.00    8.12    0.00    0.00    0.00   56.81
23:44:09       0    1.01    0.00   72.73    0.00    0.00   26.26    0.00    0.00    0.00    0.00
23:44:09       1    1.00    0.00    0.00    0.00    0.00    0.00    0.00    0.00    0.00   99.00
23:44:09       2    1.20    0.00   69.88    0.00    0.00    6.02    0.00    0.00    0.00   22.89
23:44:09       3    1.00    0.00    0.00    0.00    0.00    0.00    0.00    0.00    0.00   99.00

23:44:09     CPU    %usr   %nice    %sys %iowait    %irq   %soft  %steal  %guest  %gnice   %idle
23:44:10     all    2.59    0.00   33.94    0.26    0.00    7.51    0.00    0.00    0.00   55.70
23:44:10       0    1.98    0.00   72.28    0.00    0.00   24.75    0.00    0.00    0.00    0.99
23:44:10       1    0.99    0.00    0.00    0.99    0.00    0.00    0.00    0.00    0.00   98.02
23:44:10       2    2.38    0.00   69.05    0.00    0.00    4.76    0.00    0.00    0.00   23.81
23:44:10       3    5.00    0.00    0.00    0.00    0.00    0.00    0.00    0.00    0.00   95.00

23:44:10     CPU    %usr   %nice    %sys %iowait    %irq   %soft  %steal  %guest  %gnice   %idle
23:44:11     all    0.78    0.00   33.42    0.00    0.00    8.62    0.00    0.00    0.00   57.18
23:44:11       0    1.00    0.00   70.00    0.00    0.00   29.00    0.00    0.00    0.00    0.00
23:44:11       1    1.00    0.00    0.00    0.00    0.00    0.00    0.00    0.00    0.00   99.00
23:44:11       2    1.20    0.00   69.88    0.00    0.00    4.82    0.00    0.00    0.00   24.10
23:44:11       3    0.00    0.00    0.00    0.00    0.00    0.00    0.00    0.00    0.00  100.00

23:44:11     CPU    %usr   %nice    %sys %iowait    %irq   %soft  %steal  %guest  %gnice   %idle
23:44:12     all    1.04    0.00   33.59    0.00    0.00    8.07    0.00    0.00    0.00   57.29
23:44:12       0    1.98    0.00   71.29    0.00    0.00   26.73    0.00    0.00    0.00    0.00
23:44:12       1    0.00    0.00    0.00    0.00    0.00    0.00    0.00    0.00    0.00  100.00
23:44:12       2    2.41    0.00   68.67    0.00    0.00    4.82    0.00    0.00    0.00   24.10
23:44:12       3    0.00    0.00    0.00    0.00    0.00    0.00    0.00    0.00    0.00  100.00

23:44:12     CPU    %usr   %nice    %sys %iowait    %irq   %soft  %steal  %guest  %gnice   %idle
23:44:13     all    0.78    0.00   34.29    0.00    0.00    8.31    0.00    0.00    0.00   56.62
23:44:13       0    2.00    0.00   71.00    0.00    0.00   27.00    0.00    0.00    0.00    0.00
23:44:13       1    0.00    0.00    1.00    0.00    0.00    0.00    0.00    0.00    0.00   99.00
23:44:13       2    1.16    0.00   69.77    0.00    0.00    5.81    0.00    0.00    0.00   23.26
23:44:13       3    0.00    0.00    0.00    0.00    0.00    0.00    0.00    0.00    0.00  100.00

23:44:13     CPU    %usr   %nice    %sys %iowait    %irq   %soft  %steal  %guest  %gnice   %idle
23:44:14     all    0.52    0.00   34.73    0.00    0.00    7.57    0.00    0.00    0.00   57.18
23:44:14       0    0.00    0.00   74.75    0.00    0.00   25.25    0.00    0.00    0.00    0.00
23:44:14       1    0.00    0.00    0.00    0.00    0.00    0.00    0.00    0.00    0.00  100.00
23:44:14       2    2.38    0.00   70.24    0.00    0.00    4.76    0.00    0.00    0.00   22.62
23:44:14       3    0.00    0.00    0.00    0.00    0.00    0.00    0.00    0.00    0.00  100.00

23:44:14     CPU    %usr   %nice    %sys %iowait    %irq   %soft  %steal  %guest  %gnice   %idle
23:44:15     all    1.04    0.00   33.59    0.00    0.00    8.33    0.00    0.00    0.00   57.03
23:44:15       0    1.96    0.00   69.61    0.00    0.00   28.43    0.00    0.00    0.00    0.00
23:44:15       1    0.00    0.00    0.00    0.00    0.00    0.00    0.00    0.00    0.00  100.00
23:44:15       2    1.22    0.00   69.51    0.00    0.00    3.66    0.00    0.00    0.00   25.61
23:44:15       3    0.99    0.00    0.99    0.00    0.00    0.00    0.00    0.00    0.00   98.02

23:44:15     CPU    %usr   %nice    %sys %iowait    %irq   %soft  %steal  %guest  %gnice   %idle
23:44:16     all    1.83    0.00   32.90    0.00    0.00    8.36    0.00    0.00    0.00   56.92
23:44:16       0    2.02    0.00   69.70    0.00    0.00   27.27    0.00    0.00    0.00    1.01
23:44:16       1    1.00    0.00    0.00    0.00    0.00    0.00    0.00    0.00    0.00   99.00
23:44:16       2    2.38    0.00   67.86    0.00    0.00    5.95    0.00    0.00    0.00   23.81
23:44:16       3    2.00    0.00    0.00    0.00    0.00    0.00    0.00    0.00    0.00   98.00

23:44:16     CPU    %usr   %nice    %sys %iowait    %irq   %soft  %steal  %guest  %gnice   %idle
23:44:17     all    0.78    0.00   35.25    0.00    0.00    7.31    0.00    0.00    0.00   56.66
23:44:17       0    1.00    0.00   74.00    0.00    0.00   25.00    0.00    0.00    0.00    0.00
23:44:17       1    0.00    0.00    0.00    0.00    0.00    0.00    0.00    0.00    0.00  100.00
23:44:17       2    2.35    0.00   71.76    0.00    0.00    3.53    0.00    0.00    0.00   22.35
23:44:17       3    0.00    0.00    0.00    0.00    0.00    0.00    0.00    0.00    0.00  100.00

23:44:17     CPU    %usr   %nice    %sys %iowait    %irq   %soft  %steal  %guest  %gnice   %idle
23:44:18     all    0.52    0.00   33.85    0.00    0.00    8.33    0.00    0.00    0.00   57.29
23:44:18       0    0.99    0.00   72.28    0.00    0.00   26.73    0.00    0.00    0.00    0.00
23:44:18       1    0.00    0.00    0.00    0.00    0.00    0.00    0.00    0.00    0.00  100.00
23:44:18       2    1.20    0.00   68.67    0.00    0.00    6.02    0.00    0.00    0.00   24.10
23:44:18       3    0.00    0.00    0.00    0.00    0.00    0.00    0.00    0.00    0.00  100.00

23:44:18     CPU    %usr   %nice    %sys %iowait    %irq   %soft  %steal  %guest  %gnice   %idle
23:44:19     all    1.04    0.00   35.06    0.00    0.00    7.53    0.00    0.00    0.00   56.36
23:44:19       0    1.01    0.00   74.75    0.00    0.00   24.24    0.00    0.00    0.00    0.00
23:44:19       1    1.00    0.00    0.00    0.00    0.00    0.00    0.00    0.00    0.00   99.00
23:44:19       2    1.16    0.00   70.93    0.00    0.00    5.81    0.00    0.00    0.00   22.09
23:44:19       3    1.00    0.00    0.00    0.00    0.00    0.00    0.00    0.00    0.00   99.00

23:44:19     CPU    %usr   %nice    %sys %iowait    %irq   %soft  %steal  %guest  %gnice   %idle
23:44:20     all    1.04    0.00   33.42    0.00    0.00    8.36    0.00    0.00    0.00   57.18
23:44:20       0    2.00    0.00   70.00    0.00    0.00   28.00    0.00    0.00    0.00    0.00
23:44:20       1    1.00    0.00    0.00    0.00    0.00    0.00    0.00    0.00    0.00   99.00
23:44:20       2    1.20    0.00   69.88    0.00    0.00    4.82    0.00    0.00    0.00   24.10
23:44:20       3    0.00    0.00    0.00    0.00    0.00    0.00    0.00    0.00    0.00  100.00

23:44:20     CPU    %usr   %nice    %sys %iowait    %irq   %soft  %steal  %guest  %gnice   %idle
23:44:21     all    0.78    0.00   35.66    0.00    0.00    7.24    0.00    0.00    0.00   56.33
23:44:21       0    0.99    0.00   74.26    0.00    0.00   23.76    0.00    0.00    0.00    0.99
23:44:21       1    0.00    0.00    1.00    0.00    0.00    0.00    0.00    0.00    0.00   99.00
23:44:21       2    2.30    0.00   71.26    0.00    0.00    4.60    0.00    0.00    0.00   21.84
23:44:21       3    0.00    0.00    0.00    0.00    0.00    0.00    0.00    0.00    0.00  100.00

23:44:21     CPU    %usr   %nice    %sys %iowait    %irq   %soft  %steal  %guest  %gnice   %idle
23:44:22     all    0.78    0.00   34.20    0.26    0.00    8.03    0.00    0.00    0.00   56.74
23:44:22       0    1.01    0.00   71.72    0.00    0.00   27.27    0.00    0.00    0.00    0.00
23:44:22       1    0.00    0.00    0.00    0.00    0.00    0.00    0.00    0.00    0.00  100.00
23:44:22       2    1.15    0.00   70.11    0.00    0.00    4.60    0.00    0.00    0.00   24.14
23:44:22       3    0.99    0.00    0.00    0.99    0.00    0.00    0.00    0.00    0.00   98.02

23:44:22     CPU    %usr   %nice    %sys %iowait    %irq   %soft  %steal  %guest  %gnice   %idle
23:44:23     all    1.04    0.00   34.97    0.00    0.00    7.77    0.00    0.00    0.00   56.22
23:44:23       0    0.99    0.00   73.27    0.00    0.00   25.74    0.00    0.00    0.00    0.00
23:44:23       1    1.00    0.00    0.00    0.00    0.00    0.00    0.00    0.00    0.00   99.00
23:44:23       2    2.33    0.00   70.93    0.00    0.00    4.65    0.00    0.00    0.00   22.09
23:44:23       3    0.00    0.00    0.00    0.00    0.00    0.00    0.00    0.00    0.00  100.00

23:44:23     CPU    %usr   %nice    %sys %iowait    %irq   %soft  %steal  %guest  %gnice   %idle
23:44:24     all    0.78    0.00   34.90    0.00    0.00    7.55    0.00    0.00    0.00   56.77
23:44:24       0    1.01    0.00   73.74    0.00    0.00   25.25    0.00    0.00    0.00    0.00
23:44:24       1    0.00    0.00    0.00    0.00    0.00    0.00    0.00    0.00    0.00  100.00
23:44:24       2    1.18    0.00   71.76    0.00    0.00    4.71    0.00    0.00    0.00   22.35
23:44:24       3    0.99    0.00    0.00    0.00    0.00    0.00    0.00    0.00    0.00   99.01
