Linux 7.0.0-31-generic (ubuntu) 	09/10/26 	_aarch64_	(4 CPU)

23:45:07     CPU    %usr   %nice    %sys %iowait    %irq   %soft  %steal  %guest  %gnice   %idle
23:45:08     all    0.79    0.00   35.17    0.00    0.00    7.35    0.00    0.00    0.00   56.69
23:45:08       0    1.02    0.00   74.49    0.00    0.00   24.49    0.00    0.00    0.00    0.00
23:45:08       1    0.00    0.00    0.00    0.00    0.00    0.00    0.00    0.00    0.00  100.00
23:45:08       2    2.33    0.00   70.93    0.00    0.00    4.65    0.00    0.00    0.00   22.09
23:45:08       3    0.00    0.00    0.00    0.00    0.00    0.00    0.00    0.00    0.00  100.00

23:45:08     CPU    %usr   %nice    %sys %iowait    %irq   %soft  %steal  %guest  %gnice   %idle
23:45:09     all    1.83    0.00   33.68    0.00    0.00    8.09    0.00    0.00    0.00   56.40
23:45:09       0    1.98    0.00   71.29    0.00    0.00   26.73    0.00    0.00    0.00    0.00
23:45:09       1    1.00    0.00    0.00    0.00    0.00    0.00    0.00    0.00    0.00   99.00
23:45:09       2    2.44    0.00   69.51    0.00    0.00    4.88    0.00    0.00    0.00   23.17
23:45:09       3    2.00    0.00    0.00    0.00    0.00    0.00    0.00    0.00    0.00   98.00

23:45:09     CPU    %usr   %nice    %sys %iowait    %irq   %soft  %steal  %guest  %gnice   %idle
23:45:10     all    1.30    0.00   33.68    0.00    0.00    8.29    0.00    0.00    0.00   56.74
23:45:10       0    0.99    0.00   71.29    0.00    0.00   26.73    0.00    0.00    0.00    0.99
23:45:10       1    2.00    0.00    0.00    0.00    0.00    0.00    0.00    0.00    0.00   98.00
23:45:10       2    2.35    0.00   68.24    0.00    0.00    5.88    0.00    0.00    0.00   23.53
23:45:10       3    0.00    0.00    0.00    0.00    0.00    0.00    0.00    0.00    0.00  100.00

23:45:10     CPU    %usr   %nice    %sys %iowait    %irq   %soft  %steal  %guest  %gnice   %idle
23:45:11     all    1.32    0.00   33.95    0.00    0.00    8.16    0.00    0.00    0.00   56.58
23:45:11       0    1.01    0.00   71.72    0.00    0.00   27.27    0.00    0.00    0.00    0.00
23:45:11       1    1.01    0.00    0.00    0.00    0.00    0.00    0.00    0.00    0.00   98.99
23:45:11       2    2.41    0.00   69.88    0.00    0.00    4.82    0.00    0.00    0.00   22.89
23:45:11       3    1.01    0.00    0.00    0.00    0.00    0.00    0.00    0.00    0.00   98.99

23:45:11     CPU    %usr   %nice    %sys %iowait    %irq   %soft  %steal  %guest  %gnice   %idle
23:45:12     all    0.78    0.00   33.68    0.00    0.00    8.09    0.00    0.00    0.00   57.44
23:45:12       0    2.00    0.00   71.00    0.00    0.00   27.00    0.00    0.00    0.00    0.00
23:45:12       1    0.00    0.00    0.00    0.00    0.00    0.00    0.00    0.00    0.00  100.00
23:45:12       2    1.22    0.00   69.51    0.00    0.00    4.88    0.00    0.00    0.00   24.39
23:45:12       3    0.00    0.00    0.99    0.00    0.00    0.00    0.00    0.00    0.00   99.01

23:45:12     CPU    %usr   %nice    %sys %iowait    %irq   %soft  %steal  %guest  %gnice   %idle
23:45:13     all    1.04    0.00   34.29    0.00    0.00    8.05    0.00    0.00    0.00   56.62
23:45:13       0    2.00    0.00   72.00    0.00    0.00   26.00    0.00    0.00    0.00    0.00
23:45:13       1    0.00    0.00    0.99    0.00    0.00    0.00    0.00    0.00    0.00   99.01
23:45:13       2    2.35    0.00   69.41    0.00    0.00    5.88    0.00    0.00    0.00   22.35
23:45:13       3    0.00    0.00    0.00    0.00    0.00    0.00    0.00    0.00    0.00  100.00

23:45:13     CPU    %usr   %nice    %sys %iowait    %irq   %soft  %steal  %guest  %gnice   %idle
23:45:14     all    1.05    0.00   33.33    0.00    0.00    8.14    0.00    0.00    0.00   57.48
23:45:14       0    1.00    0.00   70.00    0.00    0.00   28.00    0.00    0.00    0.00    1.00
23:45:14       1    0.00    0.00    0.00    0.00    0.00    0.00    0.00    0.00    0.00  100.00
23:45:14       2    2.44    0.00   69.51    0.00    0.00    3.66    0.00    0.00    0.00   24.39
23:45:14       3    0.99    0.00    0.00    0.00    0.00    0.00    0.00    0.00    0.00   99.01

23:45:14     CPU    %usr   %nice    %sys %iowait    %irq   %soft  %steal  %guest  %gnice   %idle
23:45:15     all    0.52    0.26   35.66    0.00    0.00    7.49    0.00    0.00    0.00   56.07
23:45:15       0    1.00    0.00   76.00    0.00    0.00   23.00    0.00    0.00    0.00    0.00
23:45:15       1    0.00    0.00    0.00    0.00    0.00    0.00    0.00    0.00    0.00  100.00
23:45:15       2    1.14    0.00   70.45    0.00    0.00    6.82    0.00    0.00    0.00   21.59
23:45:15       3    0.00    1.00    0.00    0.00    0.00    0.00    0.00    0.00    0.00   99.00

23:45:15     CPU    %usr   %nice    %sys %iowait    %irq   %soft  %steal  %guest  %gnice   %idle
23:45:16     all    1.84    0.00   33.86    0.00    0.00    7.61    0.00    0.00    0.00   56.69
23:45:16       0    3.00    0.00   71.00    0.00    0.00   26.00    0.00    0.00    0.00    0.00
23:45:16       1    1.00    0.00    1.00    0.00    0.00    0.00    0.00    0.00    0.00   98.00
23:45:16       2    2.44    0.00   69.51    0.00    0.00    3.66    0.00    0.00    0.00   24.39
23:45:16       3    1.01    0.00    0.00    0.00    0.00    0.00    0.00    0.00    0.00   98.99

23:45:16     CPU    %usr   %nice    %sys %iowait    %irq   %soft  %steal  %guest  %gnice   %idle
23:45:17     all    1.06    0.00   33.51    0.00    0.00    8.18    0.00    0.00    0.00   57.26
23:45:17       0    1.00    0.00   72.00    0.00    0.00   27.00    0.00    0.00    0.00    0.00
23:45:17       1    0.00    0.00    0.00    0.00    0.00    0.00    0.00    0.00    0.00  100.00
23:45:17       2    2.50    0.00   68.75    0.00    0.00    5.00    0.00    0.00    0.00   23.75
23:45:17       3    1.00    0.00    0.00    0.00    0.00    0.00    0.00    0.00    0.00   99.00

23:45:17     CPU    %usr   %nice    %sys %iowait    %irq   %soft  %steal  %guest  %gnice   %idle
23:45:18     all    0.78    0.00   34.20    0.00    0.00    7.83    0.00    0.00    0.00   57.18
23:45:18       0    1.98    0.00   72.28    0.00    0.00   24.75    0.00    0.00    0.00    0.99
23:45:18       1    0.00    0.00    0.00    0.00    0.00    0.00    0.00    0.00    0.00  100.00
23:45:18       2    1.18    0.00   68.24    0.00    0.00    5.88    0.00    0.00    0.00   24.71
23:45:18       3    0.00    0.00    0.00    0.00    0.00    0.00    0.00    0.00    0.00  100.00

23:45:18     CPU    %usr   %nice    %sys %iowait    %irq   %soft  %steal  %guest  %gnice   %idle
23:45:19     all    1.04    0.00   33.59    0.00    0.00    8.33    0.00    0.00    0.00   57.03
23:45:19       0    1.01    0.00   70.71    0.00    0.00   28.28    0.00    0.00    0.00    0.00
23:45:19       1    0.00    0.00    0.00    0.00    0.00    0.00    0.00    0.00    0.00  100.00
23:45:19       2    2.35    0.00   69.41    0.00    0.00    4.71    0.00    0.00    0.00   23.53
23:45:19       3    0.99    0.00    0.00    0.00    0.00    0.00    0.00    0.00    0.00   99.01

23:45:19     CPU    %usr   %nice    %sys %iowait    %irq   %soft  %steal  %guest  %gnice   %idle
23:45:20     all    0.52    0.00   34.73    0.00    0.00    7.57    0.00    0.00    0.00   57.18
23:45:20       0    0.99    0.00   73.27    0.00    0.00   25.74    0.00    0.00    0.00    0.00
23:45:20       1    0.00    0.00    0.00    0.00    0.00    0.00    0.00    0.00    0.00  100.00
23:45:20       2    1.22    0.00   71.95    0.00    0.00    3.66    0.00    0.00    0.00   23.17
23:45:20       3    0.00    0.00    0.00    0.00    0.00    0.00    0.00    0.00    0.00  100.00

23:45:20     CPU    %usr   %nice    %sys %iowait    %irq   %soft  %steal  %guest  %gnice   %idle
23:45:21     all    1.04    0.00   33.94    0.00    0.00    8.36    0.00    0.00    0.00   56.66
23:45:21       0    1.00    0.00   72.00    0.00    0.00   27.00    0.00    0.00    0.00    0.00
23:45:21       1    1.01    0.00    0.00    0.00    0.00    0.00    0.00    0.00    0.00   98.99
23:45:21       2    2.35    0.00   68.24    0.00    0.00    5.88    0.00    0.00    0.00   23.53
23:45:21       3    0.00    0.00    0.00    0.00    0.00    0.00    0.00    0.00    0.00  100.00

23:45:21     CPU    %usr   %nice    %sys %iowait    %irq   %soft  %steal  %guest  %gnice   %idle
23:45:22     all    0.78    0.00   34.29    0.26    0.00    8.05    0.00    0.00    0.00   56.62
23:45:22       0    1.00    0.00   71.00    0.00    0.00   27.00    0.00    0.00    0.00    1.00
23:45:22       1    1.00    0.00    0.00    0.00    0.00    0.00    0.00    0.00    0.00   99.00
23:45:22       2    1.18    0.00   71.76    0.00    0.00    4.71    0.00    0.00    0.00   22.35
23:45:22       3    0.00    0.00    0.00    1.00    0.00    0.00    0.00    0.00    0.00   99.00

23:45:22     CPU    %usr   %nice    %sys %iowait    %irq   %soft  %steal  %guest  %gnice   %idle
23:45:23     all    1.04    0.00   33.85    0.00    0.00    8.33    0.00    0.00    0.00   56.77
23:45:23       0    1.00    0.00   72.00    0.00    0.00   27.00    0.00    0.00    0.00    0.00
23:45:23       1    0.00    0.00    1.00    0.00    0.00    0.00    0.00    0.00    0.00   99.00
23:45:23       2    2.38    0.00   67.86    0.00    0.00    5.95    0.00    0.00    0.00   23.81
23:45:23       3    1.00    0.00    0.00    0.00    0.00    0.00    0.00    0.00    0.00   99.00

23:45:23     CPU    %usr   %nice    %sys %iowait    %irq   %soft  %steal  %guest  %gnice   %idle
23:45:24     all    0.78    0.00   33.94    0.00    0.00    8.09    0.00    0.00    0.00   57.18
23:45:24       0    1.01    0.00   71.72    0.00    0.00   27.27    0.00    0.00    0.00    0.00
23:45:24       1    0.00    0.00    0.00    0.00    0.00    0.00    0.00    0.00    0.00  100.00
23:45:24       2    2.38    0.00   70.24    0.00    0.00    4.76    0.00    0.00    0.00   22.62
23:45:24       3    0.00    0.00    0.00    0.00    0.00    0.00    0.00    0.00    0.00  100.00

23:45:24     CPU    %usr   %nice    %sys %iowait    %irq   %soft  %steal  %guest  %gnice   %idle
23:45:25     all    1.29    0.00   34.63    0.00    0.00    7.75    0.00    0.00    0.00   56.33
23:45:25       0    1.96    0.00   70.59    0.00    0.00   26.47    0.00    0.00    0.00    0.98
23:45:25       1    1.00    0.00    0.00    0.00    0.00    0.00    0.00    0.00    0.00   99.00
23:45:25       2    2.35    0.00   71.76    0.00    0.00    3.53    0.00    0.00    0.00   22.35
23:45:25       3    0.00    0.00    1.00    0.00    0.00    0.00    0.00    0.00    0.00   99.00
