Linux 7.0.0-31-generic (ubuntu) 	09/10/26 	_aarch64_	(4 CPU)

23:42:46     CPU    %usr   %nice    %sys %iowait    %irq   %soft  %steal  %guest  %gnice   %idle
23:42:47     all    1.30    0.00   34.03    0.00    0.00    7.53    0.00    0.00    0.00   57.14
23:42:47       0    2.00    0.00   73.00    0.00    0.00   24.00    0.00    0.00    0.00    1.00
23:42:47       1    1.00    0.00    0.00    0.00    0.00    0.00    0.00    0.00    0.00   99.00
23:42:47       2    2.35    0.00   68.24    0.00    0.00    5.88    0.00    0.00    0.00   23.53
23:42:47       3    0.00    0.00    0.00    0.00    0.00    0.00    0.00    0.00    0.00  100.00

23:42:47     CPU    %usr   %nice    %sys %iowait    %irq   %soft  %steal  %guest  %gnice   %idle
23:42:48     all    0.79    0.00   34.55    0.00    0.00    7.85    0.00    0.00    0.00   56.81
23:42:48       0    2.00    0.00   72.00    0.00    0.00   26.00    0.00    0.00    0.00    0.00
23:42:48       1    0.00    0.00    0.00    0.00    0.00    0.00    0.00    0.00    0.00  100.00
23:42:48       2    1.20    0.00   71.08    0.00    0.00    4.82    0.00    0.00    0.00   22.89
23:42:48       3    0.00    0.00    1.00    0.00    0.00    0.00    0.00    0.00    0.00   99.00

23:42:48     CPU    %usr   %nice    %sys %iowait    %irq   %soft  %steal  %guest  %gnice   %idle
23:42:49     all    1.03    0.00   35.14    0.00    0.00    7.49    0.00    0.00    0.00   56.33
23:42:49       0    0.99    0.00   74.26    0.00    0.00   24.75    0.00    0.00    0.00    0.00
23:42:49       1    0.00    0.00    0.00    0.00    0.00    0.00    0.00    0.00    0.00  100.00
23:42:49       2    1.16    0.00   70.93    0.00    0.00    4.65    0.00    0.00    0.00   23.26
23:42:49       3    2.00    0.00    0.00    0.00    0.00    0.00    0.00    0.00    0.00   98.00

23:42:49     CPU    %usr   %nice    %sys %iowait    %irq   %soft  %steal  %guest  %gnice   %idle
23:42:50     all    1.54    0.00   34.45    0.00    0.00    7.71    0.00    0.00    0.00   56.30
23:42:50       0    1.01    0.00   73.74    0.00    0.00   25.25    0.00    0.00    0.00    0.00
23:42:50       1    1.00    0.00    0.00    0.00    0.00    0.00    0.00    0.00    0.00   99.00
23:42:50       2    3.37    0.00   68.54    0.00    0.00    5.62    0.00    0.00    0.00   22.47
23:42:50       3    0.99    0.00    0.00    0.00    0.00    0.00    0.00    0.00    0.00   99.01

23:42:50     CPU    %usr   %nice    %sys %iowait    %irq   %soft  %steal  %guest  %gnice   %idle
23:42:51     all    0.52    0.00   35.25    0.00    0.00    7.31    0.00    0.00    0.00   56.92
23:42:51       0    0.99    0.00   75.25    0.00    0.00   22.77    0.00    0.00    0.00    0.99
23:42:51       1    0.00    0.00    0.00    0.00    0.00    0.00    0.00    0.00    0.00  100.00
23:42:51       2    1.19    0.00   70.24    0.00    0.00    5.95    0.00    0.00    0.00   22.62
23:42:51       3    0.00    0.00    0.00    0.00    0.00    0.00    0.00    0.00    0.00  100.00

23:42:51     CPU    %usr   %nice    %sys %iowait    %irq   %soft  %steal  %guest  %gnice   %idle
23:42:52     all    1.03    0.00   34.37    0.26    0.00    7.75    0.00    0.00    0.00   56.59
23:42:52       0    1.00    0.00   73.00    0.00    0.00   26.00    0.00    0.00    0.00    0.00
23:42:52       1    0.99    0.00    0.00    0.99    0.00    0.00    0.00    0.00    0.00   98.02
23:42:52       2    2.33    0.00   69.77    0.00    0.00    4.65    0.00    0.00    0.00   23.26
23:42:52       3    0.00    0.00    0.00    0.00    0.00    0.00    0.00    0.00    0.00  100.00

23:42:52     CPU    %usr   %nice    %sys %iowait    %irq   %soft  %steal  %guest  %gnice   %idle
23:42:53     all    0.79    0.00   34.04    0.00    0.00    7.65    0.00    0.00    0.00   57.52
23:42:53       0    2.02    0.00   72.73    0.00    0.00   25.25    0.00    0.00    0.00    0.00
23:42:53       1    0.00    0.00    0.00    0.00    0.00    0.00    0.00    0.00    0.00  100.00
23:42:53       2    1.22    0.00   69.51    0.00    0.00    4.88    0.00    0.00    0.00   24.39
23:42:53       3    0.00    0.00    0.00    0.00    0.00    0.00    0.00    0.00    0.00  100.00

23:42:53     CPU    %usr   %nice    %sys %iowait    %irq   %soft  %steal  %guest  %gnice   %idle
23:42:54     all    1.30    0.00   33.59    0.00    0.00    8.59    0.00    0.00    0.00   56.51
23:42:54       0    0.99    0.00   71.29    0.00    0.00   27.72    0.00    0.00    0.00    0.00
23:42:54       1    1.00    0.00    0.00    0.00    0.00    0.00    0.00    0.00    0.00   99.00
23:42:54       2    2.41    0.00   68.67    0.00    0.00    6.02    0.00    0.00    0.00   22.89
23:42:54       3    1.00    0.00    0.00    0.00    0.00    0.00    0.00    0.00    0.00   99.00

23:42:54     CPU    %usr   %nice    %sys %iowait    %irq   %soft  %steal  %guest  %gnice   %idle
23:42:55     all    0.52    0.00   34.38    0.00    0.00    8.07    0.00    0.00    0.00   57.03
23:42:55       0    0.00    0.00   72.00    0.00    0.00   27.00    0.00    0.00    0.00    1.00
23:42:55       1    0.00    0.00    2.00    0.00    0.00    0.00    0.00    0.00    0.00   98.00
23:42:55       2    2.38    0.00   69.05    0.00    0.00    4.76    0.00    0.00    0.00   23.81
23:42:55       3    0.00    0.00    0.00    0.00    0.00    0.00    0.00    0.00    0.00  100.00

23:42:55     CPU    %usr   %nice    %sys %iowait    %irq   %soft  %steal  %guest  %gnice   %idle
23:42:56     all    1.04    0.00   34.38    0.00    0.00    7.81    0.00    0.00    0.00   56.77
23:42:56       0    1.98    0.00   73.27    0.00    0.00   24.75    0.00    0.00    0.00    0.00
23:42:56       1    0.00    0.00    0.00    0.00    0.00    0.00    0.00    0.00    0.00  100.00
23:42:56       2    2.35    0.00   68.24    0.00    0.00    5.88    0.00    0.00    0.00   23.53
23:42:56       3    0.00    0.00    0.00    0.00    0.00    0.00    0.00    0.00    0.00  100.00

23:42:56     CPU    %usr   %nice    %sys %iowait    %irq   %soft  %steal  %guest  %gnice   %idle
23:42:57     all    0.78    0.00   34.46    0.00    0.00    7.57    0.00    0.00    0.00   57.18
23:42:57       0    1.01    0.00   72.73    0.00    0.00   26.26    0.00    0.00    0.00    0.00
23:42:57       1    0.00    0.00    0.00    0.00    0.00    0.00    0.00    0.00    0.00  100.00
23:42:57       2    2.35    0.00   70.59    0.00    0.00    3.53    0.00    0.00    0.00   23.53
23:42:57       3    0.00    0.00    0.00    0.00    0.00    0.00    0.00    0.00    0.00  100.00

23:42:57     CPU    %usr   %nice    %sys %iowait    %irq   %soft  %steal  %guest  %gnice   %idle
23:42:58     all    1.05    0.00   33.60    0.00    0.00    7.87    0.00    0.00    0.00   57.48
23:42:58       0    2.00    0.00   71.00    0.00    0.00   27.00    0.00    0.00    0.00    0.00
23:42:58       1    1.00    0.00    0.00    0.00    0.00    0.00    0.00    0.00    0.00   99.00
23:42:58       2    1.23    0.00   70.37    0.00    0.00    3.70    0.00    0.00    0.00   24.69
23:42:58       3    0.00    0.00    0.00    0.00    0.00    0.00    0.00    0.00    0.00  100.00

23:42:58     CPU    %usr   %nice    %sys %iowait    %irq   %soft  %steal  %guest  %gnice   %idle
23:42:59     all    1.03    0.00   34.11    0.00    0.00    8.01    0.00    0.00    0.00   56.85
23:42:59       0    1.00    0.00   72.00    0.00    0.00   27.00    0.00    0.00    0.00    0.00
23:42:59       1    0.00    0.00    0.00    0.00    0.00    0.00    0.00    0.00    0.00  100.00
23:42:59       2    2.33    0.00   69.77    0.00    0.00    4.65    0.00    0.00    0.00   23.26
23:42:59       3    0.99    0.00    0.00    0.00    0.00    0.00    0.00    0.00    0.00   99.01

23:42:59     CPU    %usr   %nice    %sys %iowait    %irq   %soft  %steal  %guest  %gnice   %idle
23:43:00     all    2.33    0.00   34.63    0.00    0.00    7.75    0.00    0.00    0.00   55.30
23:43:00       0    2.94    0.00   70.59    0.00    0.00   25.49    0.00    0.00    0.00    0.98
23:43:00       1    1.00    0.00    1.00    0.00    0.00    0.00    0.00    0.00    0.00   98.00
23:43:00       2    2.35    0.00   70.59    0.00    0.00    4.71    0.00    0.00    0.00   22.35
23:43:00       3    3.00    0.00    1.00    0.00    0.00    0.00    0.00    0.00    0.00   96.00

23:43:00     CPU    %usr   %nice    %sys %iowait    %irq   %soft  %steal  %guest  %gnice   %idle
23:43:01     all    0.52    0.00   35.08    0.00    0.00    7.07    0.00    0.00    0.00   57.33
23:43:01       0    1.01    0.00   75.76    0.00    0.00   23.23    0.00    0.00    0.00    0.00
23:43:01       1    0.00    0.00    0.00    0.00    0.00    0.00    0.00    0.00    0.00  100.00
23:43:01       2    1.19    0.00   70.24    0.00    0.00    4.76    0.00    0.00    0.00   23.81
23:43:01       3    0.00    0.00    0.00    0.00    0.00    0.00    0.00    0.00    0.00  100.00

23:43:01     CPU    %usr   %nice    %sys %iowait    %irq   %soft  %steal  %guest  %gnice   %idle
23:43:03     all    1.30    0.00   34.46    0.00    0.00    7.25    0.00    0.00    0.00   56.99
23:43:03       0    1.00    0.00   74.00    0.00    0.00   25.00    0.00    0.00    0.00    0.00
23:43:03       1    0.99    0.00    0.00    0.00    0.00    0.00    0.00    0.00    0.00   99.01
23:43:03       2    3.53    0.00   69.41    0.00    0.00    3.53    0.00    0.00    0.00   23.53
23:43:03       3    0.00    0.00    0.00    0.00    0.00    0.00    0.00    0.00    0.00  100.00

23:43:03     CPU    %usr   %nice    %sys %iowait    %irq   %soft  %steal  %guest  %gnice   %idle
23:43:04     all    0.78    0.00   34.90    0.00    0.00    7.81    0.00    0.00    0.00   56.51
23:43:04       0    1.98    0.00   73.27    0.00    0.00   24.75    0.00    0.00    0.00    0.00
23:43:04       1    0.00    0.00    0.00    0.00    0.00    0.00    0.00    0.00    0.00  100.00
23:43:04       2    1.18    0.00   70.59    0.00    0.00    5.88    0.00    0.00    0.00   22.35
23:43:04       3    0.00    0.00    0.00    0.00    0.00    0.00    0.00    0.00    0.00  100.00
