Linux 7.0.0-31-generic (ubuntu) 	09/10/26 	_aarch64_	(4 CPU)

23:43:27     CPU    %usr   %nice    %sys %iowait    %irq   %soft  %steal  %guest  %gnice   %idle
23:43:28     all    1.04    0.00   34.03    0.00    0.00    8.05    0.00    0.00    0.00   56.88
23:43:28       0    1.00    0.00   73.00    0.00    0.00   26.00    0.00    0.00    0.00    0.00
23:43:28       1    0.00    0.00    0.00    0.00    0.00    0.00    0.00    0.00    0.00  100.00
23:43:28       2    2.38    0.00   69.05    0.00    0.00    5.95    0.00    0.00    0.00   22.62
23:43:28       3    0.99    0.00    0.00    0.00    0.00    0.00    0.00    0.00    0.00   99.01

23:43:28     CPU    %usr   %nice    %sys %iowait    %irq   %soft  %steal  %guest  %gnice   %idle
23:43:29     all    1.03    0.00   34.88    0.00    0.00    7.75    0.00    0.00    0.00   56.33
23:43:29       0    1.00    0.00   73.00    0.00    0.00   26.00    0.00    0.00    0.00    0.00
23:43:29       1    1.00    0.00    0.00    0.00    0.00    0.00    0.00    0.00    0.00   99.00
23:43:29       2    2.27    0.00   70.45    0.00    0.00    4.55    0.00    0.00    0.00   22.73
23:43:29       3    0.00    0.00    0.00    0.00    0.00    0.00    0.00    0.00    0.00  100.00

23:43:29     CPU    %usr   %nice    %sys %iowait    %irq   %soft  %steal  %guest  %gnice   %idle
23:43:30     all    1.06    0.00   33.51    0.00    0.00    7.92    0.00    0.00    0.00   57.52
23:43:30       0    1.98    0.00   71.29    0.00    0.00   26.73    0.00    0.00    0.00    0.00
23:43:30       1    0.00    0.00    0.00    0.00    0.00    0.00    0.00    0.00    0.00  100.00
23:43:30       2    2.50    0.00   68.75    0.00    0.00    3.75    0.00    0.00    0.00   25.00
23:43:30       3    0.00    0.00    0.00    0.00    0.00    0.00    0.00    0.00    0.00  100.00

23:43:30     CPU    %usr   %nice    %sys %iowait    %irq   %soft  %steal  %guest  %gnice   %idle
23:43:31     all    1.04    0.00   33.77    0.00    0.00    8.05    0.00    0.00    0.00   57.14
23:43:31       0    1.01    0.00   72.73    0.00    0.00   26.26    0.00    0.00    0.00    0.00
23:43:31       1    0.99    0.00    0.00    0.00    0.00    0.00    0.00    0.00    0.00   99.01
23:43:31       2    2.35    0.00   68.24    0.00    0.00    5.88    0.00    0.00    0.00   23.53
23:43:31       3    0.00    0.00    0.00    0.00    0.00    0.00    0.00    0.00    0.00  100.00

23:43:31     CPU    %usr   %nice    %sys %iowait    %irq   %soft  %steal  %guest  %gnice   %idle
23:43:32     all    1.31    0.00   34.03    0.00    0.00    7.85    0.00    0.00    0.00   56.81
23:43:32       0    1.98    0.00   71.29    0.00    0.00   26.73    0.00    0.00    0.00    0.00
23:43:32       1    0.00    0.00    0.00    0.00    0.00    0.00    0.00    0.00    0.00  100.00
23:43:32       2    2.44    0.00   70.73    0.00    0.00    3.66    0.00    0.00    0.00   23.17
23:43:32       3    1.00    0.00    0.00    0.00    0.00    0.00    0.00    0.00    0.00   99.00

23:43:32     CPU    %usr   %nice    %sys %iowait    %irq   %soft  %steal  %guest  %gnice   %idle
23:43:33     all    1.03    0.00   33.59    0.00    0.00    8.79    0.00    0.00    0.00   56.59
23:43:33       0    0.99    0.00   70.30    0.00    0.00   28.71    0.00    0.00    0.00    0.00
23:43:33       1    0.99    0.00    0.99    0.00    0.00    0.00    0.00    0.00    0.00   98.02
23:43:33       2    2.35    0.00   68.24    0.00    0.00    5.88    0.00    0.00    0.00   23.53
23:43:33       3    0.00    0.00    0.00    0.00    0.00    0.00    0.00    0.00    0.00  100.00

23:43:33     CPU    %usr   %nice    %sys %iowait    %irq   %soft  %steal  %guest  %gnice   %idle
23:43:34     all    1.55    0.00   34.79    0.00    0.00    7.22    0.00    0.00    0.00   56.44
23:43:34       0    2.00    0.00   75.00    0.00    0.00   23.00    0.00    0.00    0.00    0.00
23:43:34       1    0.00    0.00    0.00    0.00    0.00    0.00    0.00    0.00    0.00  100.00
23:43:34       2    3.41    0.00   68.18    0.00    0.00    5.68    0.00    0.00    0.00   22.73
23:43:34       3    1.00    0.00    0.00    0.00    0.00    0.00    0.00    0.00    0.00   99.00

23:43:34     CPU    %usr   %nice    %sys %iowait    %irq   %soft  %steal  %guest  %gnice   %idle
23:43:35     all    0.52    0.26   35.51    0.00    0.00    7.31    0.00    0.00    0.00   56.40
23:43:35       0    1.01    0.00   75.76    0.00    0.00   23.23    0.00    0.00    0.00    0.00
23:43:35       1    0.00    0.00    0.00    0.00    0.00    0.00    0.00    0.00    0.00  100.00
23:43:35       2    1.16    0.00   69.77    0.00    0.00    5.81    0.00    0.00    0.00   23.26
23:43:35       3    0.00    1.00    1.00    0.00    0.00    0.00    0.00    0.00    0.00   98.00

23:43:35     CPU    %usr   %nice    %sys %iowait    %irq   %soft  %steal  %guest  %gnice   %idle
23:43:36     all    1.04    0.00   33.68    0.00    0.00    8.29    0.00    0.00    0.00   56.99
23:43:36       0    1.98    0.00   71.29    0.00    0.00   26.73    0.00    0.00    0.00    0.00
23:43:36       1    0.99    0.00    0.00    0.00    0.00    0.00    0.00    0.00    0.00   99.01
23:43:36       2    1.19    0.00   69.05    0.00    0.00    5.95    0.00    0.00    0.00   23.81
23:43:36       3    0.00    0.00    0.00    0.00    0.00    0.00    0.00    0.00    0.00  100.00

23:43:36     CPU    %usr   %nice    %sys %iowait    %irq   %soft  %steal  %guest  %gnice   %idle
23:43:37     all    0.53    0.00   34.13    0.00    0.00    7.94    0.00    0.00    0.00   57.41
23:43:37       0    1.01    0.00   72.73    0.00    0.00   26.26    0.00    0.00    0.00    0.00
23:43:37       1    0.00    0.00    0.00    0.00    0.00    0.00    0.00    0.00    0.00  100.00
23:43:37       2    1.23    0.00   70.37    0.00    0.00    4.94    0.00    0.00    0.00   23.46
23:43:37       3    0.00    0.00    0.00    0.00    0.00    0.00    0.00    0.00    0.00  100.00

23:43:37     CPU    %usr   %nice    %sys %iowait    %irq   %soft  %steal  %guest  %gnice   %idle
23:43:38     all    1.04    0.00   33.51    0.26    0.00    8.31    0.00    0.00    0.00   56.88
23:43:38       0    2.00    0.00   71.00    0.00    0.00   27.00    0.00    0.00    0.00    0.00
23:43:38       1    0.00    0.00    0.00    0.00    0.00    0.00    0.00    0.00    0.00  100.00
23:43:38       2    2.35    0.00   68.24    0.00    0.00    5.88    0.00    0.00    0.00   23.53
23:43:38       3    0.00    0.00    0.00    0.99    0.00    0.00    0.00    0.00    0.00   99.01

23:43:38     CPU    %usr   %nice    %sys %iowait    %irq   %soft  %steal  %guest  %gnice   %idle
23:43:39     all    1.31    0.00   33.68    0.00    0.00    8.09    0.00    0.00    0.00   56.92
23:43:39       0    1.00    0.00   71.00    0.00    0.00   28.00    0.00    0.00    0.00    0.00
23:43:39       1    1.00    0.00    0.00    0.00    0.00    0.00    0.00    0.00    0.00   99.00
23:43:39       2    2.41    0.00   69.88    0.00    0.00    3.61    0.00    0.00    0.00   24.10
23:43:39       3    1.00    0.00    0.00    0.00    0.00    0.00    0.00    0.00    0.00   99.00

23:43:39     CPU    %usr   %nice    %sys %iowait    %irq   %soft  %steal  %guest  %gnice   %idle
23:43:40     all    0.52    0.00   34.29    0.00    0.00    8.05    0.00    0.00    0.00   57.14
23:43:40       0    1.00    0.00   73.00    0.00    0.00   26.00    0.00    0.00    0.00    0.00
23:43:40       1    0.00    0.00    0.00    0.00    0.00    0.00    0.00    0.00    0.00  100.00
23:43:40       2    1.18    0.00   69.41    0.00    0.00    5.88    0.00    0.00    0.00   23.53
23:43:40       3    0.00    0.00    0.00    0.00    0.00    0.00    0.00    0.00    0.00  100.00

23:43:40     CPU    %usr   %nice    %sys %iowait    %irq   %soft  %steal  %guest  %gnice   %idle
23:43:41     all    1.04    0.00   33.68    0.00    0.00    8.36    0.00    0.00    0.00   56.92
23:43:41       0    1.98    0.00   70.30    0.00    0.00   27.72    0.00    0.00    0.00    0.00
23:43:41       1    0.00    0.00    0.00    0.00    0.00    0.00    0.00    0.00    0.00  100.00
23:43:41       2    2.41    0.00   69.88    0.00    0.00    4.82    0.00    0.00    0.00   22.89
23:43:41       3    0.00    0.00    0.00    0.00    0.00    0.00    0.00    0.00    0.00  100.00

23:43:41     CPU    %usr   %nice    %sys %iowait    %irq   %soft  %steal  %guest  %gnice   %idle
23:43:42     all    1.04    0.00   34.72    0.00    0.00    8.03    0.00    0.00    0.00   56.22
23:43:42       0    0.98    0.00   72.55    0.00    0.00   25.49    0.00    0.00    0.00    0.98
23:43:42       1    1.01    0.00    1.01    0.00    0.00    0.00    0.00    0.00    0.00   97.98
23:43:42       2    1.18    0.00   69.41    0.00    0.00    5.88    0.00    0.00    0.00   23.53
23:43:42       3    1.00    0.00    0.00    0.00    0.00    0.00    0.00    0.00    0.00   99.00

23:43:42     CPU    %usr   %nice    %sys %iowait    %irq   %soft  %steal  %guest  %gnice   %idle
23:43:43     all    0.78    0.00   34.38    0.00    0.00    7.81    0.00    0.00    0.00   57.03
23:43:43       0    1.01    0.00   72.73    0.00    0.00   26.26    0.00    0.00    0.00    0.00
23:43:43       1    0.00    0.00    0.00    0.00    0.00    0.00    0.00    0.00    0.00  100.00
23:43:43       2    2.33    0.00   69.77    0.00    0.00    4.65    0.00    0.00    0.00   23.26
23:43:43       3    0.00    0.00    0.00    0.00    0.00    0.00    0.00    0.00    0.00  100.00

23:43:43     CPU    %usr   %nice    %sys %iowait    %irq   %soft  %steal  %guest  %gnice   %idle
23:43:44     all    0.52    0.00   34.46    0.00    0.00    8.03    0.00    0.00    0.00   56.99
23:43:44       0    0.99    0.00   72.28    0.00    0.00   26.73    0.00    0.00    0.00    0.00
23:43:44       1    0.00    0.00    0.00    0.00    0.00    0.00    0.00    0.00    0.00  100.00
23:43:44       2    1.18    0.00   70.59    0.00    0.00    4.71    0.00    0.00    0.00   23.53
23:43:44       3    0.00    0.00    0.00    0.00    0.00    0.00    0.00    0.00    0.00  100.00
