Linux 7.0.0-31-generic (ubuntu) 	09/10/26 	_aarch64_	(4 CPU)

23:42:26     CPU    %usr   %nice    %sys %iowait    %irq   %soft  %steal  %guest  %gnice   %idle
23:42:27     all    1.03    0.00   36.41    0.00    0.00    6.41    0.00    0.00    0.00   56.15
23:42:27       0    1.00    0.00   78.00    0.00    0.00   21.00    0.00    0.00    0.00    0.00
23:42:27       1    0.00    0.00    1.00    0.00    0.00    0.00    0.00    0.00    0.00   99.00
23:42:27       2    2.25    0.00   70.79    0.00    0.00    4.49    0.00    0.00    0.00   22.47
23:42:27       3    0.99    0.00    0.00    0.00    0.00    0.00    0.00    0.00    0.00   99.01

23:42:27     CPU    %usr   %nice    %sys %iowait    %irq   %soft  %steal  %guest  %gnice   %idle
23:42:28     all    0.79    0.00   34.12    0.00    0.00    7.87    0.00    0.00    0.00   57.22
23:42:28       0    1.98    0.00   71.29    0.00    0.00   26.73    0.00    0.00    0.00    0.00
23:42:28       1    0.00    0.00    0.00    0.00    0.00    0.00    0.00    0.00    0.00  100.00
23:42:28       2    1.23    0.00   71.60    0.00    0.00    3.70    0.00    0.00    0.00   23.46
23:42:28       3    0.00    0.00    0.00    0.00    0.00    0.00    0.00    0.00    0.00  100.00

23:42:28     CPU    %usr   %nice    %sys %iowait    %irq   %soft  %steal  %guest  %gnice   %idle
23:42:29     all    1.03    0.00   34.88    0.00    0.00    7.75    0.00    0.00    0.00   56.33
23:42:29       0    1.00    0.00   74.00    0.00    0.00   25.00    0.00    0.00    0.00    0.00
23:42:29       1    1.01    0.00    0.00    0.00    0.00    0.00    0.00    0.00    0.00   98.99
23:42:29       2    2.27    0.00   69.32    0.00    0.00    5.68    0.00    0.00    0.00   22.73
23:42:29       3    0.00    0.00    0.00    0.00    0.00    0.00    0.00    0.00    0.00  100.00

23:42:29     CPU    %usr   %nice    %sys %iowait    %irq   %soft  %steal  %guest  %gnice   %idle
23:42:30     all    1.30    0.00   34.03    0.00    0.00    8.31    0.00    0.00    0.00   56.36
23:42:30       0    1.98    0.00   71.29    0.00    0.00   26.73    0.00    0.00    0.00    0.00
23:42:30       1    2.00    0.00    0.00    0.00    0.00    0.00    0.00    0.00    0.00   98.00
23:42:30       2    1.19    0.00   70.24    0.00    0.00    5.95    0.00    0.00    0.00   22.62
23:42:30       3    0.00    0.00    0.00    0.00    0.00    0.00    0.00    0.00    0.00  100.00

23:42:30     CPU    %usr   %nice    %sys %iowait    %irq   %soft  %steal  %guest  %gnice   %idle
23:42:31     all    0.52    0.00   33.77    0.00    0.00    8.64    0.00    0.00    0.00   57.07
23:42:31       0    1.00    0.00   72.00    0.00    0.00   27.00    0.00    0.00    0.00    0.00
23:42:31       1    0.00    0.00    0.00    0.00    0.00    0.00    0.00    0.00    0.00  100.00
23:42:31       2    1.19    0.00   67.86    0.00    0.00    7.14    0.00    0.00    0.00   23.81
23:42:31       3    0.00    0.00    0.00    0.00    0.00    0.00    0.00    0.00    0.00  100.00

23:42:31     CPU    %usr   %nice    %sys %iowait    %irq   %soft  %steal  %guest  %gnice   %idle
23:42:32     all    0.78    0.00   34.03    0.00    0.00    8.05    0.00    0.00    0.00   57.14
23:42:32       0    1.01    0.00   72.73    0.00    0.00   26.26    0.00    0.00    0.00    0.00
23:42:32       1    0.00    0.00    0.00    0.00    0.00    0.00    0.00    0.00    0.00  100.00
23:42:32       2    2.33    0.00   68.60    0.00    0.00    5.81    0.00    0.00    0.00   23.26
23:42:32       3    0.00    0.00    0.00    0.00    0.00    0.00    0.00    0.00    0.00  100.00

23:42:32     CPU    %usr   %nice    %sys %iowait    %irq   %soft  %steal  %guest  %gnice   %idle
23:42:33     all    1.31    0.00   34.20    0.00    0.00    7.83    0.00    0.00    0.00   56.66
23:42:33       0    1.98    0.00   72.28    0.00    0.00   25.74    0.00    0.00    0.00    0.00
23:42:33       1    0.00    0.00    0.00    0.00    0.00    0.00    0.00    0.00    0.00  100.00
23:42:33       2    2.41    0.00   69.88    0.00    0.00    4.82    0.00    0.00    0.00   22.89
23:42:33       3    1.00    0.00    0.00    0.00    0.00    0.00    0.00    0.00    0.00   99.00

23:42:33     CPU    %usr   %nice    %sys %iowait    %irq   %soft  %steal  %guest  %gnice   %idle
23:42:34     all    1.31    0.00   33.94    0.00    0.00    8.09    0.00    0.00    0.00   56.66
23:42:34       0    2.00    0.00   72.00    0.00    0.00   26.00    0.00    0.00    0.00    0.00
23:42:34       1    1.00    0.00    0.00    0.00    0.00    0.00    0.00    0.00    0.00   99.00
23:42:34       2    2.38    0.00   69.05    0.00    0.00    5.95    0.00    0.00    0.00   22.62
23:42:34       3    0.00    0.00    0.00    0.00    0.00    0.00    0.00    0.00    0.00  100.00

23:42:34     CPU    %usr   %nice    %sys %iowait    %irq   %soft  %steal  %guest  %gnice   %idle
23:42:35     all    1.04    0.26   34.38    0.00    0.00    8.07    0.00    0.00    0.00   56.25
23:42:35       0    2.00    0.00   72.00    0.00    0.00   26.00    0.00    0.00    0.00    0.00
23:42:35       1    0.00    1.00    0.00    0.00    0.00    0.00    0.00    0.00    0.00   99.00
23:42:35       2    2.38    0.00   67.86    0.00    0.00    5.95    0.00    0.00    0.00   23.81
23:42:35       3    0.00    0.00    3.00    0.00    0.00    0.00    0.00    0.00    0.00   97.00

23:42:35     CPU    %usr   %nice    %sys %iowait    %irq   %soft  %steal  %guest  %gnice   %idle
23:42:36     all    0.78    0.00   34.63    0.26    0.00    7.75    0.00    0.00    0.00   56.59
23:42:36       0    1.00    0.00   74.00    0.00    0.00   25.00    0.00    0.00    0.00    0.00
23:42:36       1    0.00    0.00    0.00    0.00    0.00    0.00    0.00    0.00    0.00  100.00
23:42:36       2    2.30    0.00   68.97    0.00    0.00    5.75    0.00    0.00    0.00   22.99
23:42:36       3    0.00    0.00    0.00    1.00    0.00    0.00    0.00    0.00    0.00   99.00

23:42:36     CPU    %usr   %nice    %sys %iowait    %irq   %soft  %steal  %guest  %gnice   %idle
23:42:37     all    1.31    0.00   33.51    0.00    0.00    8.64    0.00    0.00    0.00   56.54
23:42:37       0    1.98    0.00   70.30    0.00    0.00   27.72    0.00    0.00    0.00    0.00
23:42:37       1    0.00    0.00    0.00    0.00    0.00    0.00    0.00    0.00    0.00  100.00
23:42:37       2    1.22    0.00   69.51    0.00    0.00    6.10    0.00    0.00    0.00   23.17
23:42:37       3    2.00    0.00    0.00    0.00    0.00    0.00    0.00    0.00    0.00   98.00

23:42:37     CPU    %usr   %nice    %sys %iowait    %irq   %soft  %steal  %guest  %gnice   %idle
23:42:38     all    0.78    0.00   34.55    0.00    0.00    7.53    0.00    0.00    0.00   57.14
23:42:38       0    1.01    0.00   74.75    0.00    0.00   24.24    0.00    0.00    0.00    0.00
23:42:38       1    0.00    0.00    0.00    0.00    0.00    0.00    0.00    0.00    0.00  100.00
23:42:38       2    2.33    0.00   68.60    0.00    0.00    5.81    0.00    0.00    0.00   23.26
23:42:38       3    0.00    0.00    0.00    0.00    0.00    0.00    0.00    0.00    0.00  100.00

23:42:38     CPU    %usr   %nice    %sys %iowait    %irq   %soft  %steal  %guest  %gnice   %idle
23:42:39     all    1.31    0.00   33.94    0.00    0.00    8.62    0.00    0.00    0.00   56.14
23:42:39       0    0.98    0.00   70.59    0.00    0.00   28.43    0.00    0.00    0.00    0.00
23:42:39       1    1.98    0.00    0.99    0.00    0.00    0.00    0.00    0.00    0.00   97.03
23:42:39       2    1.23    0.00   70.37    0.00    0.00    4.94    0.00    0.00    0.00   23.46
23:42:39       3    1.01    0.00    0.00    0.00    0.00    0.00    0.00    0.00    0.00   98.99

23:42:39     CPU    %usr   %nice    %sys %iowait    %irq   %soft  %steal  %guest  %gnice   %idle
23:42:40     all    0.79    0.00   33.51    0.00    0.00    8.38    0.00    0.00    0.00   57.33
23:42:40       0    1.01    0.00   70.71    0.00    0.00   28.28    0.00    0.00    0.00    0.00
23:42:40       1    0.00    0.00    0.00    0.00    0.00    0.00    0.00    0.00    0.00  100.00
23:42:40       2    2.41    0.00   68.67    0.00    0.00    4.82    0.00    0.00    0.00   24.10
23:42:40       3    0.00    0.00    0.99    0.00    0.00    0.00    0.00    0.00    0.00   99.01

23:42:40     CPU    %usr   %nice    %sys %iowait    %irq   %soft  %steal  %guest  %gnice   %idle
23:42:41     all    1.31    0.00   32.98    0.00    0.00    8.64    0.00    0.00    0.00   57.07
23:42:41       0    1.98    0.00   70.30    0.00    0.00   27.72    0.00    0.00    0.00    0.00
23:42:41       1    0.00    0.00    0.00    0.00    0.00    0.00    0.00    0.00    0.00  100.00
23:42:41       2    2.44    0.00   67.07    0.00    0.00    6.10    0.00    0.00    0.00   24.39
23:42:41       3    1.00    0.00    0.00    0.00    0.00    0.00    0.00    0.00    0.00   99.00

23:42:41     CPU    %usr   %nice    %sys %iowait    %irq   %soft  %steal  %guest  %gnice   %idle
23:42:42     all    1.29    0.26   34.37    0.00    0.00    7.49    0.00    0.00    0.00   56.59
23:42:42       0    3.00    0.00   72.00    0.00    0.00   25.00    0.00    0.00    0.00    0.00
23:42:42       1    0.99    0.00    0.00    0.00    0.00    0.00    0.00    0.00    0.00   99.01
23:42:42       2    1.16    0.00   70.93    0.00    0.00    4.65    0.00    0.00    0.00   23.26
23:42:42       3    0.00    1.00    0.00    0.00    0.00    0.00    0.00    0.00    0.00   99.00

23:42:42     CPU    %usr   %nice    %sys %iowait    %irq   %soft  %steal  %guest  %gnice   %idle
23:42:43     all    1.04    0.00   34.90    0.00    0.00    7.81    0.00    0.00    0.00   56.25
23:42:43       0    1.00    0.00   73.00    0.00    0.00   26.00    0.00    0.00    0.00    0.00
23:42:43       1    0.00    0.00    0.00    0.00    0.00    0.00    0.00    0.00    0.00  100.00
23:42:43       2    2.33    0.00   70.93    0.00    0.00    4.65    0.00    0.00    0.00   22.09
23:42:43       3    1.00    0.00    0.00    0.00    0.00    0.00    0.00    0.00    0.00   99.00

23:42:43     CPU    %usr   %nice    %sys %iowait    %irq   %soft  %steal  %guest  %gnice   %idle
23:42:44     all    1.29    0.00   33.51    0.00    0.00    7.47    0.00    0.00    0.00   57.73
23:42:44       0    1.98    0.00   70.30    0.00    0.00   24.75    0.00    0.00    0.00    2.97
23:42:44       1    0.99    0.00    0.00    0.00    0.00    0.00    0.00    0.00    0.00   99.01
23:42:44       2    2.33    0.00   68.60    0.00    0.00    4.65    0.00    0.00    0.00   24.42
23:42:44       3    0.00    0.00    0.00    0.00    0.00    0.00    0.00    0.00    0.00  100.00
