Linux 7.0.0-31-generic (ubuntu) 	09/10/26 	_aarch64_	(4 CPU)

23:40:26     CPU    %usr   %nice    %sys %iowait    %irq   %soft  %steal  %guest  %gnice   %idle
23:40:27     all    0.78    0.00   35.42    0.00    0.00    7.29    0.00    0.00    0.00   56.51
23:40:27       0    1.01    0.00   74.75    0.00    0.00   24.24    0.00    0.00    0.00    0.00
23:40:27       1    0.00    0.00    0.00    0.00    0.00    0.00    0.00    0.00    0.00  100.00
23:40:27       2    1.16    0.00   72.09    0.00    0.00    4.65    0.00    0.00    0.00   22.09
23:40:27       3    1.00    0.00    0.00    0.00    0.00    0.00    0.00    0.00    0.00   99.00

23:40:27     CPU    %usr   %nice    %sys %iowait    %irq   %soft  %steal  %guest  %gnice   %idle
23:40:28     all    0.78    0.00   34.97    0.00    0.00    7.77    0.00    0.00    0.00   56.48
23:40:28       0    1.00    0.00   73.00    0.00    0.00   26.00    0.00    0.00    0.00    0.00
23:40:28       1    1.00    0.00    0.00    0.00    0.00    0.00    0.00    0.00    0.00   99.00
23:40:28       2    1.15    0.00   71.26    0.00    0.00    4.60    0.00    0.00    0.00   22.99
23:40:28       3    0.00    0.00    0.00    0.00    0.00    0.00    0.00    0.00    0.00  100.00

23:40:28     CPU    %usr   %nice    %sys %iowait    %irq   %soft  %steal  %guest  %gnice   %idle
23:40:29     all    1.81    0.00   35.23    0.00    0.00    8.03    0.00    0.00    0.00   54.92
23:40:29       0    1.00    0.00   72.00    0.00    0.00   27.00    0.00    0.00    0.00    0.00
23:40:29       1    1.00    0.00    1.00    0.00    0.00    0.00    0.00    0.00    0.00   98.00
23:40:29       2    2.35    0.00   70.59    0.00    0.00    4.71    0.00    0.00    0.00   22.35
23:40:29       3    2.97    0.00    2.97    0.00    0.00    0.00    0.00    0.00    0.00   94.06

23:40:29     CPU    %usr   %nice    %sys %iowait    %irq   %soft  %steal  %guest  %gnice   %idle
23:40:30     all    0.78    0.00   34.20    0.00    0.00    8.09    0.00    0.00    0.00   56.92
23:40:30       0    1.98    0.00   70.30    0.00    0.00   27.72    0.00    0.00    0.00    0.00
23:40:30       1    0.00    0.00    0.00    0.00    0.00    0.00    0.00    0.00    0.00  100.00
23:40:30       2    1.19    0.00   71.43    0.00    0.00    3.57    0.00    0.00    0.00   23.81
23:40:30       3    0.00    0.00    0.00    0.00    0.00    0.00    0.00    0.00    0.00  100.00

23:40:30     CPU    %usr   %nice    %sys %iowait    %irq   %soft  %steal  %guest  %gnice   %idle
23:40:31     all    0.78    0.00   34.11    0.00    0.00    8.07    0.00    0.00    0.00   57.03
23:40:31       0    1.00    0.00   71.00    0.00    0.00   28.00    0.00    0.00    0.00    0.00
23:40:31       1    0.00    0.00    0.00    0.00    0.00    0.00    0.00    0.00    0.00  100.00
23:40:31       2    2.38    0.00   71.43    0.00    0.00    3.57    0.00    0.00    0.00   22.62
23:40:31       3    0.00    0.00    0.00    0.00    0.00    0.00    0.00    0.00    0.00  100.00

23:40:31     CPU    %usr   %nice    %sys %iowait    %irq   %soft  %steal  %guest  %gnice   %idle
23:40:32     all    0.79    0.00   35.34    0.00    0.00    7.07    0.00    0.00    0.00   56.81
23:40:32       0    1.00    0.00   75.00    0.00    0.00   24.00    0.00    0.00    0.00    0.00
23:40:32       1    0.00    0.00    0.00    0.00    0.00    0.00    0.00    0.00    0.00  100.00
23:40:32       2    1.20    0.00   72.29    0.00    0.00    3.61    0.00    0.00    0.00   22.89
23:40:32       3    1.00    0.00    0.00    0.00    0.00    0.00    0.00    0.00    0.00   99.00

23:40:32     CPU    %usr   %nice    %sys %iowait    %irq   %soft  %steal  %guest  %gnice   %idle
23:40:33     all    1.30    0.00   32.99    0.00    0.00    8.57    0.00    0.00    0.00   57.14
23:40:33       0    0.99    0.00   70.30    0.00    0.00   27.72    0.00    0.00    0.00    0.99
23:40:33       1    1.00    0.00    0.00    0.00    0.00    0.00    0.00    0.00    0.00   99.00
23:40:33       2    2.41    0.00   67.47    0.00    0.00    6.02    0.00    0.00    0.00   24.10
23:40:33       3    0.99    0.00    0.00    0.00    0.00    0.00    0.00    0.00    0.00   99.01

23:40:33     CPU    %usr   %nice    %sys %iowait    %irq   %soft  %steal  %guest  %gnice   %idle
23:40:34     all    0.52    0.00   34.99    0.26    0.00    7.57    0.00    0.00    0.00   56.66
23:40:34       0    1.00    0.00   75.00    0.00    0.00   24.00    0.00    0.00    0.00    0.00
23:40:34       1    0.00    0.00    0.00    1.00    0.00    0.00    0.00    0.00    0.00   99.00
23:40:34       2    1.19    0.00   70.24    0.00    0.00    5.95    0.00    0.00    0.00   22.62
23:40:34       3    0.00    0.00    0.00    0.00    0.00    0.00    0.00    0.00    0.00  100.00

23:40:34     CPU    %usr   %nice    %sys %iowait    %irq   %soft  %steal  %guest  %gnice   %idle
23:40:35     all    1.04    0.26   34.72    0.00    0.00    7.51    0.00    0.00    0.00   56.48
23:40:35       0    2.00    0.00   74.00    0.00    0.00   24.00    0.00    0.00    0.00    0.00
23:40:35       1    0.00    0.99    0.99    0.00    0.00    0.00    0.00    0.00    0.00   98.02
23:40:35       2    2.33    0.00   68.60    0.00    0.00    5.81    0.00    0.00    0.00   23.26
23:40:35       3    0.00    0.00    0.00    0.00    0.00    0.00    0.00    0.00    0.00  100.00

23:40:35     CPU    %usr   %nice    %sys %iowait    %irq   %soft  %steal  %guest  %gnice   %idle
23:40:36     all    1.04    0.00   34.46    0.00    0.00    7.83    0.00    0.00    0.00   56.66
23:40:36       0    1.00    0.00   72.00    0.00    0.00   27.00    0.00    0.00    0.00    0.00
23:40:36       1    1.00    0.00    0.00    0.00    0.00    0.00    0.00    0.00    0.00   99.00
23:40:36       2    1.20    0.00   72.29    0.00    0.00    3.61    0.00    0.00    0.00   22.89
23:40:36       3    1.00    0.00    0.00    0.00    0.00    0.00    0.00    0.00    0.00   99.00

23:40:36     CPU    %usr   %nice    %sys %iowait    %irq   %soft  %steal  %guest  %gnice   %idle
23:40:37     all    1.31    0.00   34.46    0.00    0.00    7.57    0.00    0.00    0.00   56.66
23:40:37       0    1.00    0.00   75.00    0.00    0.00   24.00    0.00    0.00    0.00    0.00
23:40:37       1    0.00    0.00    0.00    0.00    0.00    0.00    0.00    0.00    0.00  100.00
23:40:37       2    3.57    0.00   67.86    0.00    0.00    5.95    0.00    0.00    0.00   22.62
23:40:37       3    1.00    0.00    0.00    0.00    0.00    0.00    0.00    0.00    0.00   99.00

23:40:37     CPU    %usr   %nice    %sys %iowait    %irq   %soft  %steal  %guest  %gnice   %idle
23:40:38     all    1.29    0.00   34.63    0.00    0.00    7.75    0.00    0.00    0.00   56.33
23:40:38       0    2.00    0.00   72.00    0.00    0.00   26.00    0.00    0.00    0.00    0.00
23:40:38       1    1.00    0.00    0.00    0.00    0.00    0.00    0.00    0.00    0.00   99.00
23:40:38       2    2.27    0.00   70.45    0.00    0.00    4.55    0.00    0.00    0.00   22.73
23:40:38       3    0.00    0.00    0.00    0.00    0.00    0.00    0.00    0.00    0.00  100.00

23:40:38     CPU    %usr   %nice    %sys %iowait    %irq   %soft  %steal  %guest  %gnice   %idle
23:40:39     all    0.79    0.00   33.68    0.00    0.00    8.42    0.00    0.00    0.00   57.11
23:40:39       0    1.01    0.00   71.72    0.00    0.00   27.27    0.00    0.00    0.00    0.00
23:40:39       1    0.00    0.00    0.00    0.00    0.00    0.00    0.00    0.00    0.00  100.00
23:40:39       2    1.22    0.00   69.51    0.00    0.00    6.10    0.00    0.00    0.00   23.17
23:40:39       3    1.00    0.00    0.00    0.00    0.00    0.00    0.00    0.00    0.00   99.00

23:40:39     CPU    %usr   %nice    %sys %iowait    %irq   %soft  %steal  %guest  %gnice   %idle
23:40:40     all    1.30    0.00   34.20    0.00    0.00    7.77    0.00    0.00    0.00   56.74
23:40:40       0    1.98    0.00   71.29    0.00    0.00   25.74    0.00    0.00    0.00    0.99
23:40:40       1    1.00    0.00    0.00    0.00    0.00    0.00    0.00    0.00    0.00   99.00
23:40:40       2    2.33    0.00   69.77    0.00    0.00    4.65    0.00    0.00    0.00   23.26
23:40:40       3    0.00    0.00    0.00    0.00    0.00    0.00    0.00    0.00    0.00  100.00

23:40:40     CPU    %usr   %nice    %sys %iowait    %irq   %soft  %steal  %guest  %gnice   %idle
23:40:41     all    1.56    0.00   34.11    0.00    0.00    8.07    0.00    0.00    0.00   56.25
23:40:41       0    1.01    0.00   72.73    0.00    0.00   26.26    0.00    0.00    0.00    0.00
23:40:41       1    2.00    0.00    0.00    0.00    0.00    0.00    0.00    0.00    0.00   98.00
23:40:41       2    2.38    0.00   69.05    0.00    0.00    5.95    0.00    0.00    0.00   22.62
23:40:41       3    0.99    0.00    0.99    0.00    0.00    0.00    0.00    0.00    0.00   98.02

23:40:41     CPU    %usr   %nice    %sys %iowait    %irq   %soft  %steal  %guest  %gnice   %idle
23:40:42     all    1.04    0.26   33.85    0.26    0.00    7.81    0.00    0.00    0.00   56.77
23:40:42       0    1.98    0.00   71.29    0.00    0.00   25.74    0.00    0.00    0.00    0.99
23:40:42       1    0.00    0.00    0.00    0.00    0.00    0.00    0.00    0.00    0.00  100.00
23:40:42       2    2.38    0.00   69.05    0.00    0.00    4.76    0.00    0.00    0.00   23.81
23:40:42       3    0.00    1.00    0.00    1.00    0.00    0.00    0.00    0.00    0.00   98.00

23:40:42     CPU    %usr   %nice    %sys %iowait    %irq   %soft  %steal  %guest  %gnice   %idle
23:40:43     all    0.79    0.26   34.12    0.00    0.00    8.14    0.00    0.00    0.00   56.69
23:40:43       0    1.01    0.00   72.73    0.00    0.00   26.26    0.00    0.00    0.00    0.00
23:40:43       1    0.00    0.00    0.00    0.00    0.00    0.00    0.00    0.00    0.00  100.00
23:40:43       2    2.38    0.00   69.05    0.00    0.00    5.95    0.00    0.00    0.00   22.62
23:40:43       3    0.00    1.01    0.00    0.00    0.00    0.00    0.00    0.00    0.00   98.99

23:40:43     CPU    %usr   %nice    %sys %iowait    %irq   %soft  %steal  %guest  %gnice   %idle
23:40:44     all    1.05    0.00   34.65    0.00    0.00    7.35    0.00    0.00    0.00   56.96
23:40:44       0    1.01    0.00   74.75    0.00    0.00   24.24    0.00    0.00    0.00    0.00
23:40:44       1    0.99    0.00    0.99    0.00    0.00    0.00    0.00    0.00    0.00   98.02
23:40:44       2    1.23    0.00   69.14    0.00    0.00    4.94    0.00    0.00    0.00   24.69
23:40:44       3    1.00    0.00    1.00    0.00    0.00    0.00    0.00    0.00    0.00   98.00
