Linux 7.0.0-31-generic (ubuntu) 	09/10/26 	_aarch64_	(4 CPU)

23:36:39     CPU    %usr   %nice    %sys %iowait    %irq   %soft  %steal  %guest  %gnice   %idle
23:36:40     all    6.17    0.26    1.29    0.00    0.00    0.00    0.00    0.00    0.00   92.29
23:36:40       0    5.21    1.04    1.04    0.00    0.00    0.00    0.00    0.00    0.00   92.71
23:36:40       1   11.22    0.00    2.04    0.00    0.00    0.00    0.00    0.00    0.00   86.73
23:36:40       2    4.08    0.00    1.02    0.00    0.00    0.00    0.00    0.00    0.00   94.90
23:36:40       3    4.12    0.00    1.03    0.00    0.00    0.00    0.00    0.00    0.00   94.85

23:36:40     CPU    %usr   %nice    %sys %iowait    %irq   %soft  %steal  %guest  %gnice   %idle
23:36:41     all    9.49    0.00    1.03    0.00    0.00    0.00    0.00    0.00    0.00   89.49
23:36:41       0    8.16    0.00    1.02    0.00    0.00    0.00    0.00    0.00    0.00   90.82
23:36:41       1    8.16    0.00    2.04    0.00    0.00    0.00    0.00    0.00    0.00   89.80
23:36:41       2   10.31    0.00    0.00    0.00    0.00    0.00    0.00    0.00    0.00   89.69
23:36:41       3   11.34    0.00    1.03    0.00    0.00    0.00    0.00    0.00    0.00   87.63

23:36:41     CPU    %usr   %nice    %sys %iowait    %irq   %soft  %steal  %guest  %gnice   %idle
23:36:42     all    4.59    0.00    1.02    0.00    0.00    0.00    0.00    0.00    0.00   94.39
23:36:42       0    4.08    0.00    1.02    0.00    0.00    0.00    0.00    0.00    0.00   94.90
23:36:42       1    5.05    0.00    1.01    0.00    0.00    0.00    0.00    0.00    0.00   93.94
23:36:42       2    1.03    0.00    1.03    0.00    0.00    0.00    0.00    0.00    0.00   97.94
23:36:42       3    8.16    0.00    1.02    0.00    0.00    0.00    0.00    0.00    0.00   90.82

23:36:42     CPU    %usr   %nice    %sys %iowait    %irq   %soft  %steal  %guest  %gnice   %idle
23:36:43     all   20.20    0.00    1.02    0.00    0.00    0.00    0.00    0.00    0.00   78.77
23:36:43       0   26.53    0.00    1.02    0.00    0.00    0.00    0.00    0.00    0.00   72.45
23:36:43       1   17.53    0.00    1.03    0.00    0.00    0.00    0.00    0.00    0.00   81.44
23:36:43       2   21.43    0.00    1.02    0.00    0.00    0.00    0.00    0.00    0.00   77.55
23:36:43       3   15.31    0.00    1.02    0.00    0.00    0.00    0.00    0.00    0.00   83.67

23:36:43     CPU    %usr   %nice    %sys %iowait    %irq   %soft  %steal  %guest  %gnice   %idle
23:36:44     all    6.43    0.00    1.29    0.26    0.00    0.00    0.00    0.00    0.00   92.03
23:36:44       0    4.08    0.00    2.04    0.00    0.00    0.00    0.00    0.00    0.00   93.88
23:36:44       1    5.10    0.00    1.02    0.00    0.00    0.00    0.00    0.00    0.00   93.88
23:36:44       2    8.25    0.00    1.03    0.00    0.00    0.00    0.00    0.00    0.00   90.72
23:36:44       3    8.33    0.00    1.04    1.04    0.00    0.00    0.00    0.00    0.00   89.58

Average:     CPU    %usr   %nice    %sys %iowait    %irq   %soft  %steal  %guest  %gnice   %idle
Average:     all    9.38    0.05    1.13    0.05    0.00    0.00    0.00    0.00    0.00   89.39
Average:       0    9.63    0.20    1.23    0.00    0.00    0.00    0.00    0.00    0.00   88.93
Average:       1    9.39    0.00    1.43    0.00    0.00    0.00    0.00    0.00    0.00   89.18
Average:       2    9.03    0.00    0.82    0.00    0.00    0.00    0.00    0.00    0.00   90.14
Average:       3    9.47    0.00    1.03    0.21    0.00    0.00    0.00    0.00    0.00   89.30
