Linux 7.0.0-31-generic (ubuntu) 	09/10/26 	_aarch64_	(4 CPU)

23:38:45     CPU    %usr   %nice    %sys %iowait    %irq   %soft  %steal  %guest  %gnice   %idle
23:38:46     all    1.05    0.00   34.82    0.00    0.00    7.33    0.00    0.00    0.00   56.81
23:38:46       0    1.01    0.00   73.74    0.00    0.00   25.25    0.00    0.00    0.00    0.00
23:38:46       1    0.00    0.00    1.00    0.00    0.00    0.00    0.00    0.00    0.00   99.00
23:38:46       2    2.41    0.00   71.08    0.00    0.00    3.61    0.00    0.00    0.00   22.89
23:38:46       3    1.00    0.00    0.00    0.00    0.00    0.00    0.00    0.00    0.00   99.00

23:38:46     CPU    %usr   %nice    %sys %iowait    %irq   %soft  %steal  %guest  %gnice   %idle
23:38:47     all    4.18    0.00   33.42    0.00    0.00    8.36    0.00    0.00    0.00   54.05
23:38:47       0    1.98    0.00   71.29    0.00    0.00   26.73    0.00    0.00    0.00    0.00
23:38:47       1    6.06    0.00    0.00    0.00    0.00    0.00    0.00    0.00    0.00   93.94
23:38:47       2    2.41    0.00   67.47    0.00    0.00    6.02    0.00    0.00    0.00   24.10
23:38:47       3    6.00    0.00    0.00    0.00    0.00    0.00    0.00    0.00    0.00   94.00

23:38:47     CPU    %usr   %nice    %sys %iowait    %irq   %soft  %steal  %guest  %gnice   %idle
23:38:48     all    0.79    0.00   35.08    0.00    0.00    7.33    0.00    0.00    0.00   56.81
23:38:48       0    2.00    0.00   73.00    0.00    0.00   25.00    0.00    0.00    0.00    0.00
23:38:48       1    0.00    0.00    0.00    0.00    0.00    0.00    0.00    0.00    0.00  100.00
23:38:48       2    1.20    0.00   72.29    0.00    0.00    3.61    0.00    0.00    0.00   22.89
23:38:48       3    0.00    0.00    1.00    0.00    0.00    0.00    0.00    0.00    0.00   99.00

23:38:48     CPU    %usr   %nice    %sys %iowait    %irq   %soft  %steal  %guest  %gnice   %idle
23:38:49     all    1.31    0.00   34.29    0.00    0.00    7.33    0.00    0.00    0.00   57.07
23:38:49       0    2.00    0.00   74.00    0.00    0.00   24.00    0.00    0.00    0.00    0.00
23:38:49       1    1.00    0.00    0.00    0.00    0.00    0.00    0.00    0.00    0.00   99.00
23:38:49       2    2.41    0.00   68.67    0.00    0.00    4.82    0.00    0.00    0.00   24.10
23:38:49       3    0.00    0.00    0.00    0.00    0.00    0.00    0.00    0.00    0.00  100.00

23:38:49     CPU    %usr   %nice    %sys %iowait    %irq   %soft  %steal  %guest  %gnice   %idle
23:38:50     all    1.30    0.00   34.97    0.00    0.00    7.25    0.00    0.00    0.00   56.48
23:38:50       0    2.00    0.00   74.00    0.00    0.00   24.00    0.00    0.00    0.00    0.00
23:38:50       1    0.00    0.00    0.00    0.00    0.00    0.00    0.00    0.00    0.00  100.00
23:38:50       2    2.33    0.00   70.93    0.00    0.00    4.65    0.00    0.00    0.00   22.09
23:38:50       3    0.99    0.00    0.00    0.00    0.00    0.00    0.00    0.00    0.00   99.01

23:38:50     CPU    %usr   %nice    %sys %iowait    %irq   %soft  %steal  %guest  %gnice   %idle
23:38:51     all    0.78    0.00   33.68    0.00    0.00    8.36    0.00    0.00    0.00   57.18
23:38:51       0    1.00    0.00   71.00    0.00    0.00   28.00    0.00    0.00    0.00    0.00
23:38:51       1    0.00    0.00    0.00    0.00    0.00    0.00    0.00    0.00    0.00  100.00
23:38:51       2    1.20    0.00   69.88    0.00    0.00    4.82    0.00    0.00    0.00   24.10
23:38:51       3    1.00    0.00    0.00    0.00    0.00    0.00    0.00    0.00    0.00   99.00

23:38:51     CPU    %usr   %nice    %sys %iowait    %irq   %soft  %steal  %guest  %gnice   %idle
23:38:52     all    0.79    0.00   34.29    0.00    0.00    8.12    0.00    0.00    0.00   56.81
23:38:52       0    1.00    0.00   72.00    0.00    0.00   27.00    0.00    0.00    0.00    0.00
23:38:52       1    0.00    0.00    0.00    0.00    0.00    0.00    0.00    0.00    0.00  100.00
23:38:52       2    2.38    0.00   70.24    0.00    0.00    4.76    0.00    0.00    0.00   22.62
23:38:52       3    0.00    0.00    0.00    0.00    0.00    0.00    0.00    0.00    0.00  100.00

23:38:52     CPU    %usr   %nice    %sys %iowait    %irq   %soft  %steal  %guest  %gnice   %idle
23:38:53     all    1.03    0.00   34.96    0.00    0.00    7.97    0.00    0.00    0.00   56.04
23:38:53       0    1.98    0.00   72.28    0.00    0.00   25.74    0.00    0.00    0.00    0.00
23:38:53       1    1.00    0.00    0.00    0.00    0.00    0.00    0.00    0.00    0.00   99.00
23:38:53       2    1.12    0.00   70.79    0.00    0.00    5.62    0.00    0.00    0.00   22.47
23:38:53       3    0.00    0.00    0.00    0.00    0.00    0.00    0.00    0.00    0.00  100.00

23:38:53     CPU    %usr   %nice    %sys %iowait    %irq   %soft  %steal  %guest  %gnice   %idle
23:38:54     all    1.31    0.00   34.73    0.00    0.00    7.57    0.00    0.00    0.00   56.40
23:38:54       0    1.01    0.00   72.73    0.00    0.00   26.26    0.00    0.00    0.00    0.00
23:38:54       1    1.00    0.00    1.00    0.00    0.00    0.00    0.00    0.00    0.00   98.00
23:38:54       2    2.41    0.00   71.08    0.00    0.00    3.61    0.00    0.00    0.00   22.89
23:38:54       3    0.99    0.00    0.99    0.00    0.00    0.00    0.00    0.00    0.00   98.02

23:38:54     CPU    %usr   %nice    %sys %iowait    %irq   %soft  %steal  %guest  %gnice   %idle
23:38:55     all    0.79    0.00   33.77    0.26    0.00    8.12    0.00    0.00    0.00   57.07
23:38:55       0    1.00    0.00   72.00    0.00    0.00   27.00    0.00    0.00    0.00    0.00
23:38:55       1    1.00    0.00    0.00    0.00    0.00    0.00    0.00    0.00    0.00   99.00
23:38:55       2    1.22    0.00   69.51    0.00    0.00    4.88    0.00    0.00    0.00   24.39
23:38:55       3    0.00    0.00    0.00    1.00    0.00    0.00    0.00    0.00    0.00   99.00

23:38:55     CPU    %usr   %nice    %sys %iowait    %irq   %soft  %steal  %guest  %gnice   %idle
23:38:56     all    0.78    0.00   33.85    0.00    0.00    8.07    0.00    0.00    0.00   57.29
23:38:56       0    1.98    0.00   72.28    0.00    0.00   25.74    0.00    0.00    0.00    0.00
23:38:56       1    0.00    0.00    0.00    0.00    0.00    0.00    0.00    0.00    0.00  100.00
23:38:56       2    1.20    0.00   68.67    0.00    0.00    6.02    0.00    0.00    0.00   24.10
23:38:56       3    0.00    0.00    0.00    0.00    0.00    0.00    0.00    0.00    0.00  100.00

23:38:56     CPU    %usr   %nice    %sys %iowait    %irq   %soft  %steal  %guest  %gnice   %idle
23:38:57     all    1.04    0.00   35.16    0.00    0.00    7.03    0.00    0.00    0.00   56.77
23:38:57       0    1.01    0.00   75.76    0.00    0.00   23.23    0.00    0.00    0.00    0.00
23:38:57       1    0.00    0.00    0.00    0.00    0.00    0.00    0.00    0.00    0.00  100.00
23:38:57       2    2.33    0.00   69.77    0.00    0.00    4.65    0.00    0.00    0.00   23.26
23:38:57       3    1.00    0.00    0.00    0.00    0.00    0.00    0.00    0.00    0.00   99.00

23:38:57     CPU    %usr   %nice    %sys %iowait    %irq   %soft  %steal  %guest  %gnice   %idle
23:38:58     all    1.05    0.00   34.29    0.00    0.00    7.59    0.00    0.00    0.00   57.07
23:38:58       0    1.98    0.00   72.28    0.00    0.00   25.74    0.00    0.00    0.00    0.00
23:38:58       1    0.00    0.00    0.00    0.00    0.00    0.00    0.00    0.00    0.00  100.00
23:38:58       2    2.41    0.00   69.88    0.00    0.00    3.61    0.00    0.00    0.00   24.10
23:38:58       3    0.00    0.00    0.00    0.00    0.00    0.00    0.00    0.00    0.00  100.00

23:38:58     CPU    %usr   %nice    %sys %iowait    %irq   %soft  %steal  %guest  %gnice   %idle
23:38:59     all    1.56    0.00   34.90    0.00    0.00    7.81    0.00    0.00    0.00   55.73
23:38:59       0    1.01    0.00   73.74    0.00    0.00   25.25    0.00    0.00    0.00    0.00
23:38:59       1    1.00    0.00    1.00    0.00    0.00    0.00    0.00    0.00    0.00   98.00
23:38:59       2    2.35    0.00   69.41    0.00    0.00    5.88    0.00    0.00    0.00   22.35
23:38:59       3    2.00    0.00    1.00    0.00    0.00    0.00    0.00    0.00    0.00   97.00

23:38:59     CPU    %usr   %nice    %sys %iowait    %irq   %soft  %steal  %guest  %gnice   %idle
23:39:00     all    1.30    0.00   34.38    0.26    0.00    7.81    0.00    0.00    0.00   56.25
23:39:00       0    1.00    0.00   73.00    0.00    0.00   26.00    0.00    0.00    0.00    0.00
23:39:00       1    2.00    0.00    0.00    1.00    0.00    0.00    0.00    0.00    0.00   97.00
23:39:00       2    2.35    0.00   69.41    0.00    0.00    4.71    0.00    0.00    0.00   23.53
23:39:00       3    0.00    0.00    0.00    0.00    0.00    0.00    0.00    0.00    0.00  100.00

23:39:00     CPU    %usr   %nice    %sys %iowait    %irq   %soft  %steal  %guest  %gnice   %idle
23:39:01     all    1.31    0.00   33.94    0.00    0.00    7.83    0.00    0.00    0.00   56.92
23:39:01       0    1.98    0.00   72.28    0.00    0.00   25.74    0.00    0.00    0.00    0.00
23:39:01       1    0.00    0.00    0.00    0.00    0.00    0.00    0.00    0.00    0.00  100.00
23:39:01       2    2.41    0.00   68.67    0.00    0.00    4.82    0.00    0.00    0.00   24.10
23:39:01       3    1.00    0.00    0.00    0.00    0.00    0.00    0.00    0.00    0.00   99.00

23:39:01     CPU    %usr   %nice    %sys %iowait    %irq   %soft  %steal  %guest  %gnice   %idle
23:39:02     all    1.04    0.00   34.55    0.00    0.00    7.79    0.00    0.00    0.00   56.62
23:39:02       0    1.00    0.00   74.00    0.00    0.00   25.00    0.00    0.00    0.00    0.00
23:39:02       1    0.99    0.00    0.99    0.00    0.00    0.00    0.00    0.00    0.00   98.02
23:39:02       2    2.38    0.00   69.05    0.00    0.00    5.95    0.00    0.00    0.00   22.62
23:39:02       3    0.00    0.00    0.00    0.00    0.00    0.00    0.00    0.00    0.00  100.00

23:39:02     CPU    %usr   %nice    %sys %iowait    %irq   %soft  %steal  %guest  %gnice   %idle
23:39:03     all    1.04    0.00   33.42    0.00    0.00    8.09    0.00    0.00    0.00   57.44
23:39:03       0    1.00    0.00   71.00    0.00    0.00   27.00    0.00    0.00    0.00    1.00
23:39:03       1    0.00    0.00    0.00    0.00    0.00    0.00    0.00    0.00    0.00  100.00
23:39:03       2    2.38    0.00   67.86    0.00    0.00    4.76    0.00    0.00    0.00   25.00
23:39:03       3    1.00    0.00    0.00    0.00    0.00    0.00    0.00    0.00    0.00   99.00
