Linux 7.0.0-31-generic (ubuntu) 	09/10/26 	_aarch64_	(4 CPU)

23:38:04     CPU    %usr   %nice    %sys %iowait    %irq   %soft  %steal  %guest  %gnice   %idle
23:38:05     all    1.83    0.00   34.20    0.00    0.00    8.36    0.00    0.00    0.00   55.61
23:38:05       0    1.98    0.00   70.30    0.00    0.00   27.72    0.00    0.00    0.00    0.00
23:38:05       1    1.02    0.00    0.00    0.00    0.00    0.00    0.00    0.00    0.00   98.98
23:38:05       2    1.19    0.00   70.24    0.00    0.00    4.76    0.00    0.00    0.00   23.81
23:38:05       3    3.00    0.00    1.00    0.00    0.00    0.00    0.00    0.00    0.00   96.00

23:38:05     CPU    %usr   %nice    %sys %iowait    %irq   %soft  %steal  %guest  %gnice   %idle
23:38:06     all    1.31    0.00   34.20    0.00    0.00    7.83    0.00    0.00    0.00   56.66
23:38:06       0    2.00    0.00   72.00    0.00    0.00   26.00    0.00    0.00    0.00    0.00
23:38:06       1    1.01    0.00    0.00    0.00    0.00    0.00    0.00    0.00    0.00   98.99
23:38:06       2    1.19    0.00   70.24    0.00    0.00    4.76    0.00    0.00    0.00   23.81
23:38:06       3    1.00    0.00    0.00    0.00    0.00    0.00    0.00    0.00    0.00   99.00

23:38:06     CPU    %usr   %nice    %sys %iowait    %irq   %soft  %steal  %guest  %gnice   %idle
23:38:07     all   11.43    0.00   33.51    0.00    0.00    7.53    0.00    0.00    0.00   47.53
23:38:07       0    6.00    0.00   70.00    0.00    0.00   23.00    0.00    0.00    0.00    1.00
23:38:07       1   18.00    0.00    1.00    0.00    0.00    0.00    0.00    0.00    0.00   81.00
23:38:07       2    5.81    0.00   66.28    0.00    0.00    6.98    0.00    0.00    0.00   20.93
23:38:07       3   15.15    0.00    1.01    0.00    0.00    0.00    0.00    0.00    0.00   83.84

23:38:07     CPU    %usr   %nice    %sys %iowait    %irq   %soft  %steal  %guest  %gnice   %idle
23:38:08     all    9.26    0.00   34.92    0.26    0.00    7.67    0.00    0.00    0.00   47.88
23:38:08       0    3.00    0.00   72.00    0.00    0.00   25.00    0.00    0.00    0.00    0.00
23:38:08       1   17.71    0.00    2.08    0.00    0.00    0.00    0.00    0.00    0.00   80.21
23:38:08       2    4.76    0.00   66.67    0.00    0.00    4.76    0.00    0.00    0.00   23.81
23:38:08       3   11.22    0.00    2.04    1.02    0.00    0.00    0.00    0.00    0.00   85.71

23:38:08     CPU    %usr   %nice    %sys %iowait    %irq   %soft  %steal  %guest  %gnice   %idle
23:38:10     all    2.88    0.00   34.82    0.00    0.00    7.59    0.00    0.00    0.00   54.71
23:38:10       0    1.01    0.00   73.74    0.00    0.00   25.25    0.00    0.00    0.00    0.00
23:38:10       1    4.00    0.00    1.00    0.00    0.00    0.00    0.00    0.00    0.00   95.00
23:38:10       2    2.35    0.00   69.41    0.00    0.00    4.71    0.00    0.00    0.00   23.53
23:38:10       3    4.08    0.00    0.00    0.00    0.00    0.00    0.00    0.00    0.00   95.92

23:38:10     CPU    %usr   %nice    %sys %iowait    %irq   %soft  %steal  %guest  %gnice   %idle
23:38:11     all    7.09    0.00   35.17    0.00    0.00    7.61    0.00    0.00    0.00   50.13
23:38:11       0    2.00    0.00   73.00    0.00    0.00   25.00    0.00    0.00    0.00    0.00
23:38:11       1   10.20    0.00    1.02    0.00    0.00    0.00    0.00    0.00    0.00   88.78
23:38:11       2    2.38    0.00   69.05    0.00    0.00    4.76    0.00    0.00    0.00   23.81
23:38:11       3   13.13    0.00    2.02    0.00    0.00    0.00    0.00    0.00    0.00   84.85

23:38:11     CPU    %usr   %nice    %sys %iowait    %irq   %soft  %steal  %guest  %gnice   %idle
23:38:12     all    3.39    0.00   33.94    0.00    0.00    8.36    0.00    0.00    0.00   54.31
23:38:12       0    2.00    0.00   71.00    0.00    0.00   27.00    0.00    0.00    0.00    0.00
23:38:12       1    5.05    0.00    0.00    0.00    0.00    0.00    0.00    0.00    0.00   94.95
23:38:12       2    1.19    0.00   69.05    0.00    0.00    5.95    0.00    0.00    0.00   23.81
23:38:12       3    5.00    0.00    1.00    0.00    0.00    0.00    0.00    0.00    0.00   94.00

23:38:12     CPU    %usr   %nice    %sys %iowait    %irq   %soft  %steal  %guest  %gnice   %idle
23:38:13     all    1.83    0.00   34.82    0.00    0.00    7.33    0.00    0.00    0.00   56.02
23:38:13       0    1.00    0.00   74.00    0.00    0.00   25.00    0.00    0.00    0.00    0.00
23:38:13       1    2.02    0.00    0.00    0.00    0.00    0.00    0.00    0.00    0.00   97.98
23:38:13       2    3.53    0.00   69.41    0.00    0.00    3.53    0.00    0.00    0.00   23.53
23:38:13       3    1.02    0.00    0.00    0.00    0.00    0.00    0.00    0.00    0.00   98.98

23:38:13     CPU    %usr   %nice    %sys %iowait    %irq   %soft  %steal  %guest  %gnice   %idle
23:38:14     all    8.78    1.33   34.04    0.80    0.00    8.51    0.00    0.00    0.00   46.54
23:38:14       0    1.00    1.00   68.00    0.00    0.00   29.00    0.00    0.00    0.00    1.00
23:38:14       1   15.46    4.12    3.09    3.09    0.00    0.00    0.00    0.00    0.00   74.23
23:38:14       2    3.75    0.00   65.00    0.00    0.00    3.75    0.00    0.00    0.00   27.50
23:38:14       3   14.14    0.00    5.05    0.00    0.00    0.00    0.00    0.00    0.00   80.81

23:38:14     CPU    %usr   %nice    %sys %iowait    %irq   %soft  %steal  %guest  %gnice   %idle
23:38:15     all    3.91    0.00   33.59    0.00    0.00    7.81    0.00    0.00    0.00   54.69
23:38:15       0    2.00    0.00   72.00    0.00    0.00   26.00    0.00    0.00    0.00    0.00
23:38:15       1    3.00    0.00    1.00    0.00    0.00    0.00    0.00    0.00    0.00   96.00
23:38:15       2    5.88    0.00   65.88    0.00    0.00    4.71    0.00    0.00    0.00   23.53
23:38:15       3    5.05    0.00    0.00    0.00    0.00    0.00    0.00    0.00    0.00   94.95

23:38:15     CPU    %usr   %nice    %sys %iowait    %irq   %soft  %steal  %guest  %gnice   %idle
23:38:16     all    2.90    0.00   33.77    0.00    0.00    8.44    0.00    0.00    0.00   54.88
23:38:16       0    2.00    0.00   71.00    0.00    0.00   27.00    0.00    0.00    0.00    0.00
23:38:16       1    5.05    0.00    1.01    0.00    0.00    0.00    0.00    0.00    0.00   93.94
23:38:16       2    1.22    0.00   68.29    0.00    0.00    6.10    0.00    0.00    0.00   24.39
23:38:16       3    3.06    0.00    0.00    0.00    0.00    0.00    0.00    0.00    0.00   96.94

23:38:16     CPU    %usr   %nice    %sys %iowait    %irq   %soft  %steal  %guest  %gnice   %idle
23:38:17     all    1.57    0.00   34.55    0.00    0.00    7.85    0.00    0.00    0.00   56.02
23:38:17       0    2.00    0.00   72.00    0.00    0.00   26.00    0.00    0.00    0.00    0.00
23:38:17       1    1.02    0.00    0.00    0.00    0.00    0.00    0.00    0.00    0.00   98.98
23:38:17       2    1.19    0.00   70.24    0.00    0.00    4.76    0.00    0.00    0.00   23.81
23:38:17       3    2.00    0.00    1.00    0.00    0.00    0.00    0.00    0.00    0.00   97.00

23:38:17     CPU    %usr   %nice    %sys %iowait    %irq   %soft  %steal  %guest  %gnice   %idle
23:38:18     all    1.83    0.00   34.73    0.00    0.00    7.31    0.00    0.00    0.00   56.14
23:38:18       0    1.01    0.00   74.75    0.00    0.00   24.24    0.00    0.00    0.00    0.00
23:38:18       1    2.00    0.00    0.00    0.00    0.00    0.00    0.00    0.00    0.00   98.00
23:38:18       2    2.35    0.00   69.41    0.00    0.00    4.71    0.00    0.00    0.00   23.53
23:38:18       3    2.02    0.00    0.00    0.00    0.00    0.00    0.00    0.00    0.00   97.98

23:38:18     CPU    %usr   %nice    %sys %iowait    %irq   %soft  %steal  %guest  %gnice   %idle
23:38:19     all    2.34    0.00   34.81    0.00    0.00    7.79    0.00    0.00    0.00   55.06
23:38:19       0    1.98    0.00   72.28    0.00    0.00   25.74    0.00    0.00    0.00    0.00
23:38:19       1    3.03    0.00    1.01    0.00    0.00    0.00    0.00    0.00    0.00   95.96
23:38:19       2    1.19    0.00   70.24    0.00    0.00    4.76    0.00    0.00    0.00   23.81
23:38:19       3    2.97    0.00    0.99    0.00    0.00    0.00    0.00    0.00    0.00   96.04

23:38:19     CPU    %usr   %nice    %sys %iowait    %irq   %soft  %steal  %guest  %gnice   %idle
23:38:20     all    1.83    0.00   35.08    0.00    0.00    7.59    0.00    0.00    0.00   55.50
23:38:20       0    2.00    0.00   73.00    0.00    0.00   25.00    0.00    0.00    0.00    0.00
23:38:20       1    2.02    0.00    0.00    0.00    0.00    0.00    0.00    0.00    0.00   97.98
23:38:20       2    1.18    0.00   71.76    0.00    0.00    4.71    0.00    0.00    0.00   22.35
23:38:20       3    2.04    0.00    0.00    0.00    0.00    0.00    0.00    0.00    0.00   97.96

23:38:20     CPU    %usr   %nice    %sys %iowait    %irq   %soft  %steal  %guest  %gnice   %idle
23:38:21     all    1.32    0.00   34.56    0.00    0.00    7.92    0.00    0.00    0.00   56.20
23:38:21       0    1.00    0.00   74.00    0.00    0.00   25.00    0.00    0.00    0.00    0.00
23:38:21       1    1.03    0.00    0.00    0.00    0.00    0.00    0.00    0.00    0.00   98.97
23:38:21       2    2.38    0.00   67.86    0.00    0.00    5.95    0.00    0.00    0.00   23.81
23:38:21       3    1.02    0.00    0.00    0.00    0.00    0.00    0.00    0.00    0.00   98.98

23:38:21     CPU    %usr   %nice    %sys %iowait    %irq   %soft  %steal  %guest  %gnice   %idle
23:38:22     all    1.55    0.00   34.20    0.00    0.00    8.29    0.00    0.00    0.00   55.96
23:38:22       0    1.00    0.00   72.00    0.00    0.00   27.00    0.00    0.00    0.00    0.00
23:38:22       1    2.00    0.00    0.00    0.00    0.00    0.00    0.00    0.00    0.00   98.00
23:38:22       2    2.33    0.00   68.60    0.00    0.00    5.81    0.00    0.00    0.00   23.26
23:38:22       3    1.00    0.00    1.00    0.00    0.00    0.00    0.00    0.00    0.00   98.00

23:38:22     CPU    %usr   %nice    %sys %iowait    %irq   %soft  %steal  %guest  %gnice   %idle
23:38:23     all    1.29    0.00   34.37    0.00    0.00    7.49    0.00    0.00    0.00   56.85
23:38:23       0    0.99    0.00   72.28    0.00    0.00   25.74    0.00    0.00    0.00    0.99
23:38:23       1    0.99    0.00    0.99    0.00    0.00    0.00    0.00    0.00    0.00   98.02
23:38:23       2    2.35    0.00   69.41    0.00    0.00    3.53    0.00    0.00    0.00   24.71
23:38:23       3    1.00    0.00    0.00    0.00    0.00    0.00    0.00    0.00    0.00   99.00
