Linux 7.0.0-31-generic (ubuntu) 	09/10/26 	_aarch64_	(4 CPU)

23:38:25     CPU    %usr   %nice    %sys %iowait    %irq   %soft  %steal  %guest  %gnice   %idle
23:38:26     all    4.22    0.00   33.77    0.00    0.00    7.65    0.00    0.00    0.00   54.35
23:38:26       0    2.00    0.00   72.00    0.00    0.00   26.00    0.00    0.00    0.00    0.00
23:38:26       1    3.06    0.00    0.00    0.00    0.00    0.00    0.00    0.00    0.00   96.94
23:38:26       2    2.44    0.00   67.07    0.00    0.00    3.66    0.00    0.00    0.00   26.83
23:38:26       3    9.09    0.00    1.01    0.00    0.00    0.00    0.00    0.00    0.00   89.90

23:38:26     CPU    %usr   %nice    %sys %iowait    %irq   %soft  %steal  %guest  %gnice   %idle
23:38:27     all    4.46    0.00   35.17    0.26    0.00    7.09    0.00    0.00    0.00   53.02
23:38:27       0    1.01    0.00   73.74    0.00    0.00   25.25    0.00    0.00    0.00    0.00
23:38:27       1    7.00    0.00    1.00    0.00    0.00    0.00    0.00    0.00    0.00   92.00
23:38:27       2    1.20    0.00   72.29    0.00    0.00    2.41    0.00    0.00    0.00   24.10
23:38:27       3    8.08    0.00    0.00    1.01    0.00    0.00    0.00    0.00    0.00   90.91

23:38:27     CPU    %usr   %nice    %sys %iowait    %irq   %soft  %steal  %guest  %gnice   %idle
23:38:28     all    2.36    0.00   34.38    0.00    0.00    8.14    0.00    0.00    0.00   55.12
23:38:28       0    2.00    0.00   72.00    0.00    0.00   26.00    0.00    0.00    0.00    0.00
23:38:28       1    4.04    0.00    0.00    0.00    0.00    0.00    0.00    0.00    0.00   95.96
23:38:28       2    1.20    0.00   69.88    0.00    0.00    6.02    0.00    0.00    0.00   22.89
23:38:28       3    2.02    0.00    1.01    0.00    0.00    0.00    0.00    0.00    0.00   96.97

23:38:28     CPU    %usr   %nice    %sys %iowait    %irq   %soft  %steal  %guest  %gnice   %idle
23:38:29     all    6.96    0.00   35.57    0.00    0.00    7.73    0.00    0.00    0.00   49.74
23:38:29       0    1.98    0.00   72.28    0.00    0.00   25.74    0.00    0.00    0.00    0.00
23:38:29       1   12.12    0.00    1.01    0.00    0.00    0.00    0.00    0.00    0.00   86.87
23:38:29       2    2.27    0.00   71.59    0.00    0.00    4.55    0.00    0.00    0.00   21.59
23:38:29       3   11.00    0.00    1.00    0.00    0.00    0.00    0.00    0.00    0.00   88.00

23:38:29     CPU    %usr   %nice    %sys %iowait    %irq   %soft  %steal  %guest  %gnice   %idle
23:38:30     all    3.44    0.00   34.66    0.00    0.00    7.94    0.00    0.00    0.00   53.97
23:38:30       0    1.01    0.00   72.73    0.00    0.00   26.26    0.00    0.00    0.00    0.00
23:38:30       1    4.17    0.00    0.00    0.00    0.00    0.00    0.00    0.00    0.00   95.83
23:38:30       2    2.38    0.00   70.24    0.00    0.00    4.76    0.00    0.00    0.00   22.62
23:38:30       3    6.06    0.00    0.00    0.00    0.00    0.00    0.00    0.00    0.00   93.94

23:38:30     CPU    %usr   %nice    %sys %iowait    %irq   %soft  %steal  %guest  %gnice   %idle
23:38:31     all    2.60    0.00   35.84    0.00    0.00    7.79    0.00    0.00    0.00   53.77
23:38:31       0    1.00    0.00   73.00    0.00    0.00   26.00    0.00    0.00    0.00    0.00
23:38:31       1    4.04    0.00    1.01    0.00    0.00    0.00    0.00    0.00    0.00   94.95
23:38:31       2    2.27    0.00   71.59    0.00    0.00    4.55    0.00    0.00    0.00   21.59
23:38:31       3    3.06    0.00    1.02    0.00    0.00    0.00    0.00    0.00    0.00   95.92

23:38:31     CPU    %usr   %nice    %sys %iowait    %irq   %soft  %steal  %guest  %gnice   %idle
23:38:32     all    4.16    0.00   34.55    0.26    0.00    8.31    0.00    0.00    0.00   52.73
23:38:32       0    1.00    0.00   72.00    0.00    0.00   27.00    0.00    0.00    0.00    0.00
23:38:32       1    8.00    0.00    1.00    1.00    0.00    0.00    0.00    0.00    0.00   90.00
23:38:32       2    2.35    0.00   69.41    0.00    0.00    5.88    0.00    0.00    0.00   22.35
23:38:32       3    5.00    0.00    1.00    0.00    0.00    0.00    0.00    0.00    0.00   94.00

23:38:32     CPU    %usr   %nice    %sys %iowait    %irq   %soft  %steal  %guest  %gnice   %idle
23:38:33     all    2.10    0.00   34.91    0.00    0.00    7.35    0.00    0.00    0.00   55.64
23:38:33       0    2.00    0.00   74.00    0.00    0.00   24.00    0.00    0.00    0.00    0.00
23:38:33       1    1.02    0.00    0.00    0.00    0.00    0.00    0.00    0.00    0.00   98.98
23:38:33       2    1.19    0.00   70.24    0.00    0.00    4.76    0.00    0.00    0.00   23.81
23:38:33       3    4.04    0.00    0.00    0.00    0.00    0.00    0.00    0.00    0.00   95.96

23:38:33     CPU    %usr   %nice    %sys %iowait    %irq   %soft  %steal  %guest  %gnice   %idle
23:38:34     all    1.81    0.26   36.01    0.00    0.00    7.51    0.00    0.00    0.00   54.40
23:38:34       0    1.98    0.00   74.26    0.00    0.00   23.76    0.00    0.00    0.00    0.00
23:38:34       1    1.01    1.01    1.01    0.00    0.00    0.00    0.00    0.00    0.00   96.97
23:38:34       2    1.16    0.00   70.93    0.00    0.00    5.81    0.00    0.00    0.00   22.09
23:38:34       3    3.00    0.00    2.00    0.00    0.00    0.00    0.00    0.00    0.00   95.00

23:38:34     CPU    %usr   %nice    %sys %iowait    %irq   %soft  %steal  %guest  %gnice   %idle
23:38:35     all    2.09    0.00   33.77    0.52    0.00    8.38    0.00    0.00    0.00   55.24
23:38:35       0    1.01    0.00   71.72    0.00    0.00   27.27    0.00    0.00    0.00    0.00
23:38:35       1    3.00    0.00    0.00    1.00    0.00    0.00    0.00    0.00    0.00   96.00
23:38:35       2    2.38    0.00   67.86    0.00    0.00    5.95    0.00    0.00    0.00   23.81
23:38:35       3    2.02    0.00    1.01    1.01    0.00    0.00    0.00    0.00    0.00   95.96

23:38:35     CPU    %usr   %nice    %sys %iowait    %irq   %soft  %steal  %guest  %gnice   %idle
23:38:36     all    6.84    0.00   35.53    0.00    0.00    7.89    0.00    0.00    0.00   49.74
23:38:36       0    1.00    0.00   74.00    0.00    0.00   25.00    0.00    0.00    0.00    0.00
23:38:36       1   13.27    0.00    2.04    0.00    0.00    0.00    0.00    0.00    0.00   84.69
23:38:36       2    2.41    0.00   67.47    0.00    0.00    6.02    0.00    0.00    0.00   24.10
23:38:36       3   10.10    0.00    3.03    0.00    0.00    0.00    0.00    0.00    0.00   86.87

23:38:36     CPU    %usr   %nice    %sys %iowait    %irq   %soft  %steal  %guest  %gnice   %idle
23:38:37     all    1.82    0.00   34.29    0.00    0.00    7.53    0.00    0.00    0.00   56.36
23:38:37       0    2.00    0.00   72.00    0.00    0.00   26.00    0.00    0.00    0.00    0.00
23:38:37       1    2.00    0.00    0.00    0.00    0.00    0.00    0.00    0.00    0.00   98.00
23:38:37       2    2.33    0.00   69.77    0.00    0.00    3.49    0.00    0.00    0.00   24.42
23:38:37       3    1.01    0.00    0.00    0.00    0.00    0.00    0.00    0.00    0.00   98.99

23:38:37     CPU    %usr   %nice    %sys %iowait    %irq   %soft  %steal  %guest  %gnice   %idle
23:38:38     all    0.78    0.00   34.99    0.00    0.00    8.09    0.00    0.00    0.00   56.14
23:38:38       0    0.99    0.00   73.27    0.00    0.00   25.74    0.00    0.00    0.00    0.00
23:38:38       1    0.00    0.00    1.01    0.00    0.00    0.00    0.00    0.00    0.00   98.99
23:38:38       2    1.19    0.00   70.24    0.00    0.00    5.95    0.00    0.00    0.00   22.62
23:38:38       3    1.01    0.00    0.00    0.00    0.00    0.00    0.00    0.00    0.00   98.99

23:38:38     CPU    %usr   %nice    %sys %iowait    %irq   %soft  %steal  %guest  %gnice   %idle
23:38:39     all    2.89    0.00   35.53    0.00    0.00    7.11    0.00    0.00    0.00   54.47
23:38:39       0    1.01    0.00   74.75    0.00    0.00   24.24    0.00    0.00    0.00    0.00
23:38:39       1    4.04    0.00    1.01    0.00    0.00    0.00    0.00    0.00    0.00   94.95
23:38:39       2    2.38    0.00   71.43    0.00    0.00    3.57    0.00    0.00    0.00   22.62
23:38:39       3    4.08    0.00    0.00    0.00    0.00    0.00    0.00    0.00    0.00   95.92

23:38:39     CPU    %usr   %nice    %sys %iowait    %irq   %soft  %steal  %guest  %gnice   %idle
23:38:40     all    3.36    0.00   33.85    0.00    0.00    8.53    0.00    0.00    0.00   54.26
23:38:40       0    3.00    0.00   70.00    0.00    0.00   27.00    0.00    0.00    0.00    0.00
23:38:40       1    3.03    0.00    1.01    0.00    0.00    0.00    0.00    0.00    0.00   95.96
23:38:40       2    2.30    0.00   67.82    0.00    0.00    6.90    0.00    0.00    0.00   22.99
23:38:40       3    4.95    0.00    0.99    0.00    0.00    0.00    0.00    0.00    0.00   94.06

23:38:40     CPU    %usr   %nice    %sys %iowait    %irq   %soft  %steal  %guest  %gnice   %idle
23:38:41     all    2.08    0.00   35.16    0.00    0.00    7.55    0.00    0.00    0.00   55.21
23:38:41       0    1.98    0.00   72.28    0.00    0.00   25.74    0.00    0.00    0.00    0.00
23:38:41       1    2.02    0.00    1.01    0.00    0.00    0.00    0.00    0.00    0.00   96.97
23:38:41       2    2.35    0.00   71.76    0.00    0.00    3.53    0.00    0.00    0.00   22.35
23:38:41       3    2.02    0.00    0.00    0.00    0.00    0.00    0.00    0.00    0.00   97.98

23:38:41     CPU    %usr   %nice    %sys %iowait    %irq   %soft  %steal  %guest  %gnice   %idle
23:38:42     all   13.99    0.52   32.90    0.00    0.00    7.25    0.00    0.00    0.00   45.34
23:38:42       0    8.00    0.00   68.00    0.00    0.00   23.00    0.00    0.00    0.00    1.00
23:38:42       1   21.21    0.00    2.02    0.00    0.00    0.00    0.00    0.00    0.00   76.77
23:38:42       2   10.23    0.00   63.64    0.00    0.00    5.68    0.00    0.00    0.00   20.45
23:38:42       3   16.16    2.02    1.01    0.00    0.00    0.00    0.00    0.00    0.00   80.81

23:38:42     CPU    %usr   %nice    %sys %iowait    %irq   %soft  %steal  %guest  %gnice   %idle
23:38:43     all    4.46    0.26   32.81    0.00    0.00    8.14    0.00    0.00    0.00   54.33
23:38:43       0    3.96    0.00   69.31    0.00    0.00   25.74    0.00    0.00    0.00    0.99
23:38:43       1    4.04    1.01    0.00    0.00    0.00    0.00    0.00    0.00    0.00   94.95
23:38:43       2    2.47    0.00   66.67    0.00    0.00    6.17    0.00    0.00    0.00   24.69
23:38:43       3    7.00    0.00    1.00    0.00    0.00    0.00    0.00    0.00    0.00   92.00
