Linux 7.0.0-31-generic (ubuntu) 	09/10/26 	_aarch64_	(4 CPU)

23:39:05     CPU    %usr   %nice    %sys %iowait    %irq   %soft  %steal  %guest  %gnice   %idle
23:39:06     all    0.27    0.00   16.53    0.00    0.00   17.33    0.00    0.00    0.00   65.87
23:39:06       0    0.00    0.00   36.63    0.00    0.00   62.38    0.00    0.00    0.00    0.99
23:39:06       1    0.00    0.00    0.00    0.00    0.00    0.00    0.00    0.00    0.00  100.00
23:39:06       2    1.33    0.00   32.00    0.00    0.00    2.67    0.00    0.00    0.00   64.00
23:39:06       3    0.00    0.00    0.99    0.00    0.00    0.00    0.00    0.00    0.00   99.01

23:39:06     CPU    %usr   %nice    %sys %iowait    %irq   %soft  %steal  %guest  %gnice   %idle
23:39:07     all    0.27    0.00   15.05    0.00    0.00   18.01    0.00    0.00    0.00   66.67
23:39:07       0    0.99    0.00   35.64    0.00    0.00   63.37    0.00    0.00    0.00    0.00
23:39:07       1    0.00    0.00    0.00    0.00    0.00    0.00    0.00    0.00    0.00  100.00
23:39:07       2    0.00    0.00   27.78    0.00    0.00    4.17    0.00    0.00    0.00   68.06
23:39:07       3    0.00    0.00    0.00    0.00    0.00    0.00    0.00    0.00    0.00  100.00

23:39:07     CPU    %usr   %nice    %sys %iowait    %irq   %soft  %steal  %guest  %gnice   %idle
23:39:08     all    0.81    0.00   15.59    0.00    0.00   18.28    0.00    0.00    0.00   65.32
23:39:08       0    0.00    0.00   32.65    0.00    0.00   67.35    0.00    0.00    0.00    0.00
23:39:08       1    0.99    0.00    0.99    0.00    0.00    0.00    0.00    0.00    0.00   98.02
23:39:08       2    1.35    0.00   33.78    0.00    0.00    2.70    0.00    0.00    0.00   62.16
23:39:08       3    1.01    0.00    0.00    0.00    0.00    0.00    0.00    0.00    0.00   98.99

23:39:08     CPU    %usr   %nice    %sys %iowait    %irq   %soft  %steal  %guest  %gnice   %idle
23:39:09     all    0.53    0.00   15.73    0.00    0.00   18.67    0.00    0.00    0.00   65.07
23:39:09       0    0.99    0.00   32.67    0.00    0.00   66.34    0.00    0.00    0.00    0.00
23:39:09       1    0.00    0.00    0.00    0.00    0.00    0.00    0.00    0.00    0.00  100.00
23:39:09       2    1.32    0.00   32.89    0.00    0.00    3.95    0.00    0.00    0.00   61.84
23:39:09       3    0.00    0.00    1.00    0.00    0.00    0.00    0.00    0.00    0.00   99.00

23:39:09     CPU    %usr   %nice    %sys %iowait    %irq   %soft  %steal  %guest  %gnice   %idle
23:39:10     all    1.60    0.00   16.22    0.00    0.00   18.09    0.00    0.00    0.00   64.10
23:39:10       0    0.00    0.00   35.00    0.00    0.00   65.00    0.00    0.00    0.00    0.00
23:39:10       1    1.00    0.00    0.00    0.00    0.00    0.00    0.00    0.00    0.00   99.00
23:39:10       2    1.30    0.00   33.77    0.00    0.00    3.90    0.00    0.00    0.00   61.04
23:39:10       3    4.04    0.00    0.00    0.00    0.00    0.00    0.00    0.00    0.00   95.96

23:39:10     CPU    %usr   %nice    %sys %iowait    %irq   %soft  %steal  %guest  %gnice   %idle
23:39:11     all    0.80    0.00   14.97    0.00    0.00   18.45    0.00    0.00    0.00   65.78
23:39:11       0    0.00    0.00   34.00    0.00    0.00   66.00    0.00    0.00    0.00    0.00
23:39:11       1    0.00    0.00    0.00    0.00    0.00    0.00    0.00    0.00    0.00  100.00
23:39:11       2    1.35    0.00   29.73    0.00    0.00    4.05    0.00    0.00    0.00   64.86
23:39:11       3    1.98    0.00    0.00    0.00    0.00    0.00    0.00    0.00    0.00   98.02

23:39:11     CPU    %usr   %nice    %sys %iowait    %irq   %soft  %steal  %guest  %gnice   %idle
23:39:12     all    0.80    0.00   15.82    0.00    0.00   17.96    0.00    0.00    0.00   65.42
23:39:12       0    0.99    0.00   35.64    0.00    0.00   63.37    0.00    0.00    0.00    0.00
23:39:12       1    0.00    0.00    0.00    0.00    0.00    0.00    0.00    0.00    0.00  100.00
23:39:12       2    1.33    0.00   30.67    0.00    0.00    4.00    0.00    0.00    0.00   64.00
23:39:12       3    1.01    0.00    0.00    0.00    0.00    0.00    0.00    0.00    0.00   98.99

23:39:12     CPU    %usr   %nice    %sys %iowait    %irq   %soft  %steal  %guest  %gnice   %idle
23:39:13     all    0.54    0.00   16.17    0.00    0.00   16.98    0.00    0.00    0.00   66.31
23:39:13       0    0.00    0.00   38.38    0.00    0.00   61.62    0.00    0.00    0.00    0.00
23:39:13       1    1.00    0.00    0.00    0.00    0.00    0.00    0.00    0.00    0.00   99.00
23:39:13       2    1.37    0.00   30.14    0.00    0.00    2.74    0.00    0.00    0.00   65.75
23:39:13       3    0.00    0.00    0.00    0.00    0.00    0.00    0.00    0.00    0.00  100.00

23:39:13     CPU    %usr   %nice    %sys %iowait    %irq   %soft  %steal  %guest  %gnice   %idle
23:39:14     all    0.27    0.00   15.78    0.00    0.00   17.91    0.00    0.00    0.00   66.04
23:39:14       0    0.00    0.00   34.34    0.00    0.00   65.66    0.00    0.00    0.00    0.00
23:39:14       1    0.00    0.00    0.00    0.00    0.00    0.00    0.00    0.00    0.00  100.00
23:39:14       2    1.32    0.00   31.58    0.00    0.00    2.63    0.00    0.00    0.00   64.47
23:39:14       3    0.00    0.00    0.99    0.00    0.00    0.00    0.00    0.00    0.00   99.01

23:39:14     CPU    %usr   %nice    %sys %iowait    %irq   %soft  %steal  %guest  %gnice   %idle
23:39:15     all    0.80    0.00   15.69    0.00    0.00   17.82    0.00    0.00    0.00   65.69
23:39:15       0    0.99    0.00   34.65    0.00    0.00   64.36    0.00    0.00    0.00    0.00
23:39:15       1    0.00    0.00    0.00    0.00    0.00    0.00    0.00    0.00    0.00  100.00
23:39:15       2    1.32    0.00   31.58    0.00    0.00    2.63    0.00    0.00    0.00   64.47
23:39:15       3    1.00    0.00    0.00    0.00    0.00    0.00    0.00    0.00    0.00   99.00

23:39:15     CPU    %usr   %nice    %sys %iowait    %irq   %soft  %steal  %guest  %gnice   %idle
23:39:16     all    0.27    0.00   15.38    0.00    0.00   18.30    0.00    0.00    0.00   66.05
23:39:16       0    0.00    0.00   33.00    0.00    0.00   67.00    0.00    0.00    0.00    0.00
23:39:16       1    0.99    0.00    0.00    0.00    0.00    0.00    0.00    0.00    0.00   99.01
23:39:16       2    0.00    0.00   32.89    0.00    0.00    2.63    0.00    0.00    0.00   64.47
23:39:16       3    0.00    0.00    0.00    0.00    0.00    0.00    0.00    0.00    0.00  100.00

23:39:16     CPU    %usr   %nice    %sys %iowait    %irq   %soft  %steal  %guest  %gnice   %idle
23:39:17     all    0.53    0.00   14.97    0.00    0.00   18.45    0.00    0.00    0.00   66.04
23:39:17       0    0.99    0.00   32.67    0.00    0.00   66.34    0.00    0.00    0.00    0.00
23:39:17       1    0.00    0.00    0.00    0.00    0.00    0.00    0.00    0.00    0.00  100.00
23:39:17       2    1.33    0.00   30.67    0.00    0.00    2.67    0.00    0.00    0.00   65.33
23:39:17       3    0.00    0.00    0.00    0.00    0.00    0.00    0.00    0.00    0.00  100.00

23:39:17     CPU    %usr   %nice    %sys %iowait    %irq   %soft  %steal  %guest  %gnice   %idle
23:39:18     all    0.00    0.00   14.05    0.00    0.00   19.19    0.00    0.00    0.00   66.76
23:39:18       0    0.00    0.00   32.00    0.00    0.00   68.00    0.00    0.00    0.00    0.00
23:39:18       1    0.00    0.00    0.00    0.00    0.00    0.00    0.00    0.00    0.00  100.00
23:39:18       2    0.00    0.00   27.78    0.00    0.00    4.17    0.00    0.00    0.00   68.06
23:39:18       3    0.00    0.00    0.00    0.00    0.00    0.00    0.00    0.00    0.00  100.00

23:39:18     CPU    %usr   %nice    %sys %iowait    %irq   %soft  %steal  %guest  %gnice   %idle
23:39:19     all    1.06    0.00   15.16    0.00    0.00   18.09    0.00    0.00    0.00   65.69
23:39:19       0    0.00    0.00   34.00    0.00    0.00   66.00    0.00    0.00    0.00    0.00
23:39:19       1    1.00    0.00    0.00    0.00    0.00    0.00    0.00    0.00    0.00   99.00
23:39:19       2    2.67    0.00   30.67    0.00    0.00    2.67    0.00    0.00    0.00   64.00
23:39:19       3    0.99    0.00    0.00    0.00    0.00    0.00    0.00    0.00    0.00   99.01

23:39:19     CPU    %usr   %nice    %sys %iowait    %irq   %soft  %steal  %guest  %gnice   %idle
23:39:20     all    0.27    0.00   15.63    0.00    0.00   17.52    0.00    0.00    0.00   66.58
23:39:20       0    1.00    0.00   36.00    0.00    0.00   63.00    0.00    0.00    0.00    0.00
23:39:20       1    0.00    0.00    0.00    0.00    0.00    0.00    0.00    0.00    0.00  100.00
23:39:20       2    0.00    0.00   30.14    0.00    0.00    2.74    0.00    0.00    0.00   67.12
23:39:20       3    0.00    0.00    0.00    0.00    0.00    0.00    0.00    0.00    0.00  100.00

23:39:20     CPU    %usr   %nice    %sys %iowait    %irq   %soft  %steal  %guest  %gnice   %idle
23:39:21     all    0.27    0.00   15.05    0.00    0.00   18.01    0.00    0.00    0.00   66.67
23:39:21       0    0.00    0.00   35.00    0.00    0.00   65.00    0.00    0.00    0.00    0.00
23:39:21       1    0.00    0.00    0.00    0.00    0.00    0.00    0.00    0.00    0.00  100.00
23:39:21       2    1.37    0.00   28.77    0.00    0.00    2.74    0.00    0.00    0.00   67.12
23:39:21       3    0.00    0.00    0.00    0.00    0.00    0.00    0.00    0.00    0.00  100.00

23:39:21     CPU    %usr   %nice    %sys %iowait    %irq   %soft  %steal  %guest  %gnice   %idle
23:39:22     all    0.00    0.00   15.14    0.00    0.00   18.38    0.00    0.00    0.00   66.49
23:39:22       0    0.00    0.00   34.34    0.00    0.00   65.66    0.00    0.00    0.00    0.00
23:39:22       1    0.00    0.00    0.00    0.00    0.00    0.00    0.00    0.00    0.00  100.00
23:39:22       2    0.00    0.00   29.73    0.00    0.00    4.05    0.00    0.00    0.00   66.22
23:39:22       3    0.00    0.00    0.00    0.00    0.00    0.00    0.00    0.00    0.00  100.00

23:39:22     CPU    %usr   %nice    %sys %iowait    %irq   %soft  %steal  %guest  %gnice   %idle
23:39:23     all    1.06    0.00   15.69    0.00    0.00   17.55    0.00    0.00    0.00   65.69
23:39:23       0    0.98    0.00   36.27    0.00    0.00   61.76    0.00    0.00    0.00    0.98
23:39:23       1    1.98    0.00    0.99    0.00    0.00    0.00    0.00    0.00    0.00   97.03
23:39:23       2    1.35    0.00   28.38    0.00    0.00    4.05    0.00    0.00    0.00   66.22
23:39:23       3    0.00    0.00    0.00    0.00    0.00    0.00    0.00    0.00    0.00  100.00
