Linux 7.0.0-31-generic (ubuntu) 	09/10/26 	_aarch64_	(4 CPU)

23:37:04     CPU    %usr   %nice    %sys %iowait    %irq   %soft  %steal  %guest  %gnice   %idle
23:37:05     all    1.37    0.00   16.12    0.00    0.00   18.03    0.00    0.00    0.00   64.48
23:37:05       0    0.00    0.00   34.34    0.00    0.00   65.66    0.00    0.00    0.00    0.00
23:37:05       1    3.06    0.00    1.02    0.00    0.00    0.00    0.00    0.00    0.00   95.92
23:37:05       2    0.00    0.00   33.33    0.00    0.00    1.39    0.00    0.00    0.00   65.28
23:37:05       3    2.06    0.00    0.00    0.00    0.00    0.00    0.00    0.00    0.00   97.94

23:37:05     CPU    %usr   %nice    %sys %iowait    %irq   %soft  %steal  %guest  %gnice   %idle
23:37:06     all    1.89    0.00   15.36    0.00    0.00   18.60    0.00    0.00    0.00   64.15
23:37:06       0    0.00    0.00   33.00    0.00    0.00   67.00    0.00    0.00    0.00    0.00
23:37:06       1    3.06    0.00    0.00    0.00    0.00    0.00    0.00    0.00    0.00   96.94
23:37:06       2    1.37    0.00   31.51    0.00    0.00    2.74    0.00    0.00    0.00   64.38
23:37:06       3    3.00    0.00    1.00    0.00    0.00    0.00    0.00    0.00    0.00   96.00

23:37:06     CPU    %usr   %nice    %sys %iowait    %irq   %soft  %steal  %guest  %gnice   %idle
23:37:07     all    2.14    0.00   16.35    0.00    0.00   17.69    0.00    0.00    0.00   63.81
23:37:07       0    0.99    0.00   36.63    0.00    0.00   62.38    0.00    0.00    0.00    0.00
23:37:07       1    2.02    0.00    1.01    0.00    0.00    0.00    0.00    0.00    0.00   96.97
23:37:07       2    2.70    0.00   31.08    0.00    0.00    4.05    0.00    0.00    0.00   62.16
23:37:07       3    3.03    0.00    0.00    0.00    0.00    0.00    0.00    0.00    0.00   96.97

23:37:07     CPU    %usr   %nice    %sys %iowait    %irq   %soft  %steal  %guest  %gnice   %idle
23:37:08     all    1.09    0.00   14.67    0.00    0.00   18.75    0.00    0.00    0.00   65.49
23:37:08       0    0.00    0.00   33.33    0.00    0.00   66.67    0.00    0.00    0.00    0.00
23:37:08       1    2.04    0.00    0.00    0.00    0.00    0.00    0.00    0.00    0.00   97.96
23:37:08       2    0.00    0.00   29.17    0.00    0.00    4.17    0.00    0.00    0.00   66.67
23:37:08       3    2.02    0.00    0.00    0.00    0.00    0.00    0.00    0.00    0.00   97.98

23:37:08     CPU    %usr   %nice    %sys %iowait    %irq   %soft  %steal  %guest  %gnice   %idle
23:37:09     all    1.34    0.00   17.38    0.00    0.00   17.91    0.00    0.00    0.00   63.37
23:37:09       0    0.00    0.00   36.63    0.00    0.00   63.37    0.00    0.00    0.00    0.00
23:37:09       1    2.04    0.00    1.02    0.00    0.00    0.00    0.00    0.00    0.00   96.94
23:37:09       2    1.32    0.00   31.58    0.00    0.00    3.95    0.00    0.00    0.00   63.16
23:37:09       3    2.02    0.00    3.03    0.00    0.00    0.00    0.00    0.00    0.00   94.95

23:37:09     CPU    %usr   %nice    %sys %iowait    %irq   %soft  %steal  %guest  %gnice   %idle
23:37:10     all    5.33    0.00   16.00    0.27    0.00   17.60    0.00    0.00    0.00   60.80
23:37:10       0    1.01    0.00   34.34    0.00    0.00   63.64    0.00    0.00    0.00    1.01
23:37:10       1    7.07    0.00    0.00    0.00    0.00    0.00    0.00    0.00    0.00   92.93
23:37:10       2    5.19    0.00   32.47    0.00    0.00    3.90    0.00    0.00    0.00   58.44
23:37:10       3    8.00    0.00    1.00    1.00    0.00    0.00    0.00    0.00    0.00   90.00

23:37:10     CPU    %usr   %nice    %sys %iowait    %irq   %soft  %steal  %guest  %gnice   %idle
23:37:11     all    1.88    0.00   16.67    0.00    0.00   17.74    0.00    0.00    0.00   63.71
23:37:11       0    0.99    0.00   36.63    0.00    0.00   62.38    0.00    0.00    0.00    0.00
23:37:11       1    2.04    0.00    1.02    0.00    0.00    0.00    0.00    0.00    0.00   96.94
23:37:11       2    1.33    0.00   32.00    0.00    0.00    4.00    0.00    0.00    0.00   62.67
23:37:11       3    3.06    0.00    0.00    0.00    0.00    0.00    0.00    0.00    0.00   96.94

23:37:11     CPU    %usr   %nice    %sys %iowait    %irq   %soft  %steal  %guest  %gnice   %idle
23:37:12     all    1.35    0.00   15.68    0.00    0.00   18.38    0.00    0.00    0.00   64.59
23:37:12       0    0.00    0.00   34.00    0.00    0.00   66.00    0.00    0.00    0.00    0.00
23:37:12       1    2.04    0.00    0.00    0.00    0.00    0.00    0.00    0.00    0.00   97.96
23:37:12       2    1.37    0.00   31.51    0.00    0.00    2.74    0.00    0.00    0.00   64.38
23:37:12       3    2.02    0.00    1.01    0.00    0.00    0.00    0.00    0.00    0.00   96.97

23:37:12     CPU    %usr   %nice    %sys %iowait    %irq   %soft  %steal  %guest  %gnice   %idle
23:37:13     all    1.61    0.27   16.67    0.00    0.00   16.94    0.00    0.00    0.00   64.52
23:37:13       0    0.00    0.00   39.39    0.00    0.00   60.61    0.00    0.00    0.00    0.00
23:37:13       1    2.02    0.00    1.01    0.00    0.00    0.00    0.00    0.00    0.00   96.97
23:37:13       2    2.70    0.00   29.73    0.00    0.00    4.05    0.00    0.00    0.00   63.51
23:37:13       3    2.00    1.00    0.00    0.00    0.00    0.00    0.00    0.00    0.00   97.00

23:37:13     CPU    %usr   %nice    %sys %iowait    %irq   %soft  %steal  %guest  %gnice   %idle
23:37:14     all    1.60    0.00   15.78    0.00    0.00   18.18    0.00    0.00    0.00   64.44
23:37:14       0    0.99    0.00   33.66    0.00    0.00   65.35    0.00    0.00    0.00    0.00
23:37:14       1    2.04    0.00    0.00    0.00    0.00    0.00    0.00    0.00    0.00   97.96
23:37:14       2    1.33    0.00   32.00    0.00    0.00    2.67    0.00    0.00    0.00   64.00
23:37:14       3    2.00    0.00    1.00    0.00    0.00    0.00    0.00    0.00    0.00   97.00

23:37:14     CPU    %usr   %nice    %sys %iowait    %irq   %soft  %steal  %guest  %gnice   %idle
23:37:15     all    1.63    0.00   15.99    0.00    0.00   18.16    0.00    0.00    0.00   64.23
23:37:15       0    0.00    0.00   34.00    0.00    0.00   65.00    0.00    0.00    0.00    1.00
23:37:15       1    3.06    0.00    1.02    0.00    0.00    0.00    0.00    0.00    0.00   95.92
23:37:15       2    1.35    0.00   32.43    0.00    0.00    2.70    0.00    0.00    0.00   63.51
23:37:15       3    2.06    0.00    0.00    0.00    0.00    0.00    0.00    0.00    0.00   97.94

23:37:15     CPU    %usr   %nice    %sys %iowait    %irq   %soft  %steal  %guest  %gnice   %idle
23:37:16     all    1.34    0.00   16.09    0.00    0.00   17.69    0.00    0.00    0.00   64.88
23:37:16       0    1.00    0.00   36.00    0.00    0.00   63.00    0.00    0.00    0.00    0.00
23:37:16       1    2.02    0.00    0.00    0.00    0.00    0.00    0.00    0.00    0.00   97.98
23:37:16       2    1.33    0.00   30.67    0.00    0.00    4.00    0.00    0.00    0.00   64.00
23:37:16       3    1.01    0.00    1.01    0.00    0.00    0.00    0.00    0.00    0.00   97.98

23:37:16     CPU    %usr   %nice    %sys %iowait    %irq   %soft  %steal  %guest  %gnice   %idle
23:37:17     all    0.54    0.00   16.13    0.00    0.00   18.01    0.00    0.00    0.00   65.32
23:37:17       0    0.00    0.00   35.00    0.00    0.00   65.00    0.00    0.00    0.00    0.00
23:37:17       1    0.00    0.00    1.02    0.00    0.00    0.00    0.00    0.00    0.00   98.98
23:37:17       2    1.33    0.00   32.00    0.00    0.00    2.67    0.00    0.00    0.00   64.00
23:37:17       3    1.01    0.00    0.00    0.00    0.00    0.00    0.00    0.00    0.00   98.99

23:37:17     CPU    %usr   %nice    %sys %iowait    %irq   %soft  %steal  %guest  %gnice   %idle
23:37:18     all    8.87    0.00   15.86    0.00    0.00   16.67    0.00    0.00    0.00   58.60
23:37:18       0    3.00    0.00   37.00    0.00    0.00   60.00    0.00    0.00    0.00    0.00
23:37:18       1   12.12    0.00    0.00    0.00    0.00    0.00    0.00    0.00    0.00   87.88
23:37:18       2    9.33    0.00   29.33    0.00    0.00    2.67    0.00    0.00    0.00   58.67
23:37:18       3   11.22    0.00    0.00    0.00    0.00    0.00    0.00    0.00    0.00   88.78

23:37:18     CPU    %usr   %nice    %sys %iowait    %irq   %soft  %steal  %guest  %gnice   %idle
23:37:19     all    1.89    0.00   14.86    0.00    0.00   18.11    0.00    0.00    0.00   65.14
23:37:19       0    1.00    0.00   33.00    0.00    0.00   66.00    0.00    0.00    0.00    0.00
23:37:19       1    3.00    0.00    1.00    0.00    0.00    0.00    0.00    0.00    0.00   96.00
23:37:19       2    1.43    0.00   28.57    0.00    0.00    1.43    0.00    0.00    0.00   68.57
23:37:19       3    2.00    0.00    1.00    0.00    0.00    0.00    0.00    0.00    0.00   97.00

23:37:19     CPU    %usr   %nice    %sys %iowait    %irq   %soft  %steal  %guest  %gnice   %idle
23:37:20     all    1.37    0.00   16.44    0.00    0.00   17.81    0.00    0.00    0.00   64.38
23:37:20       0    0.00    0.00   35.35    0.00    0.00   64.65    0.00    0.00    0.00    0.00
23:37:20       1    2.06    0.00    0.00    0.00    0.00    0.00    0.00    0.00    0.00   97.94
23:37:20       2    1.41    0.00   30.99    0.00    0.00    1.41    0.00    0.00    0.00   66.20
23:37:20       3    2.04    0.00    3.06    0.00    0.00    0.00    0.00    0.00    0.00   94.90

23:37:20     CPU    %usr   %nice    %sys %iowait    %irq   %soft  %steal  %guest  %gnice   %idle
23:37:21     all    1.88    0.00   15.01    0.00    0.00   18.50    0.00    0.00    0.00   64.61
23:37:21       0    0.00    0.00   34.00    0.00    0.00   66.00    0.00    0.00    0.00    0.00
23:37:21       1    2.00    0.00    1.00    0.00    0.00    0.00    0.00    0.00    0.00   97.00
23:37:21       2    4.05    0.00   28.38    0.00    0.00    4.05    0.00    0.00    0.00   63.51
23:37:21       3    2.02    0.00    0.00    0.00    0.00    0.00    0.00    0.00    0.00   97.98

23:37:21     CPU    %usr   %nice    %sys %iowait    %irq   %soft  %steal  %guest  %gnice   %idle
23:37:22     all    1.07    0.00   16.09    0.27    0.00   17.69    0.00    0.00    0.00   64.88
23:37:22       0    0.99    0.00   35.64    0.00    0.00   63.37    0.00    0.00    0.00    0.00
23:37:22       1    1.01    0.00    0.00    1.01    0.00    0.00    0.00    0.00    0.00   97.98
23:37:22       2    0.00    0.00   32.43    0.00    0.00    2.70    0.00    0.00    0.00   64.86
23:37:22       3    2.02    0.00    0.00    0.00    0.00    0.00    0.00    0.00    0.00   97.98
