Linux 7.0.0-31-generic (ubuntu) 	09/10/26 	_aarch64_	(4 CPU)

23:36:44     CPU    %usr   %nice    %sys %iowait    %irq   %soft  %steal  %guest  %gnice   %idle
23:36:45     all    2.97    0.00   16.49    0.00    0.00   17.57    0.00    0.00    0.00   62.97
23:36:45       0    1.00    0.00   36.00    0.00    0.00   62.00    0.00    0.00    0.00    1.00
23:36:45       1    4.08    0.00    1.02    0.00    0.00    0.00    0.00    0.00    0.00   94.90
23:36:45       2    2.70    0.00   32.43    0.00    0.00    4.05    0.00    0.00    0.00   60.81
23:36:45       3    4.08    0.00    0.00    0.00    0.00    0.00    0.00    0.00    0.00   95.92

23:36:45     CPU    %usr   %nice    %sys %iowait    %irq   %soft  %steal  %guest  %gnice   %idle
23:36:46     all    2.12    0.00   16.18    0.00    0.00   18.04    0.00    0.00    0.00   63.66
23:36:46       0    0.99    0.00   33.66    0.00    0.00   65.35    0.00    0.00    0.00    0.00
23:36:46       1    3.00    0.00    1.00    0.00    0.00    0.00    0.00    0.00    0.00   96.00
23:36:46       2    1.32    0.00   32.89    0.00    0.00    2.63    0.00    0.00    0.00   63.16
23:36:46       3    3.00    0.00    1.00    0.00    0.00    0.00    0.00    0.00    0.00   96.00

23:36:46     CPU    %usr   %nice    %sys %iowait    %irq   %soft  %steal  %guest  %gnice   %idle
23:36:47     all    1.89    0.00   15.63    0.00    0.00   18.60    0.00    0.00    0.00   63.88
23:36:47       0    0.00    0.00   33.33    0.00    0.00   66.67    0.00    0.00    0.00    0.00
23:36:47       1    3.09    0.00    0.00    0.00    0.00    0.00    0.00    0.00    0.00   96.91
23:36:47       2    1.32    0.00   32.89    0.00    0.00    3.95    0.00    0.00    0.00   61.84
23:36:47       3    3.03    0.00    0.00    0.00    0.00    0.00    0.00    0.00    0.00   96.97

23:36:47     CPU    %usr   %nice    %sys %iowait    %irq   %soft  %steal  %guest  %gnice   %idle
23:36:48     all    2.17    0.00   15.18    0.00    0.00   18.16    0.00    0.00    0.00   64.50
23:36:48       0    0.00    0.00   35.00    0.00    0.00   65.00    0.00    0.00    0.00    0.00
23:36:48       1    3.06    0.00    0.00    0.00    0.00    0.00    0.00    0.00    0.00   96.94
23:36:48       2    2.78    0.00   29.17    0.00    0.00    2.78    0.00    0.00    0.00   65.28
23:36:48       3    3.03    0.00    0.00    0.00    0.00    0.00    0.00    0.00    0.00   96.97

23:36:48     CPU    %usr   %nice    %sys %iowait    %irq   %soft  %steal  %guest  %gnice   %idle
23:36:49     all    1.61    0.00   15.59    0.00    0.00   18.28    0.00    0.00    0.00   64.52
23:36:49       0    0.00    0.00   33.33    0.00    0.00   65.66    0.00    0.00    0.00    1.01
23:36:49       1    2.02    0.00    1.01    0.00    0.00    0.00    0.00    0.00    0.00   96.97
23:36:49       2    1.35    0.00   31.08    0.00    0.00    4.05    0.00    0.00    0.00   63.51
23:36:49       3    3.00    0.00    1.00    0.00    0.00    0.00    0.00    0.00    0.00   96.00

23:36:49     CPU    %usr   %nice    %sys %iowait    %irq   %soft  %steal  %guest  %gnice   %idle
23:36:50     all    2.42    0.00   16.94    0.00    0.00   17.47    0.00    0.00    0.00   63.17
23:36:50       0    1.00    0.00   36.00    0.00    0.00   63.00    0.00    0.00    0.00    0.00
23:36:50       1    3.06    0.00    1.02    0.00    0.00    0.00    0.00    0.00    0.00   95.92
23:36:50       2    1.32    0.00   34.21    0.00    0.00    2.63    0.00    0.00    0.00   61.84
23:36:50       3    4.08    0.00    0.00    0.00    0.00    0.00    0.00    0.00    0.00   95.92

23:36:50     CPU    %usr   %nice    %sys %iowait    %irq   %soft  %steal  %guest  %gnice   %idle
23:36:51     all    2.14    0.00   16.31    0.00    0.00   18.18    0.00    0.00    0.00   63.37
23:36:51       0    0.00    0.00   35.64    0.00    0.00   63.37    0.00    0.00    0.00    0.99
23:36:51       1    4.08    0.00    0.00    0.00    0.00    0.00    0.00    0.00    0.00   95.92
23:36:51       2    2.63    0.00   31.58    0.00    0.00    5.26    0.00    0.00    0.00   60.53
23:36:51       3    2.02    0.00    1.01    0.00    0.00    0.00    0.00    0.00    0.00   96.97

23:36:51     CPU    %usr   %nice    %sys %iowait    %irq   %soft  %steal  %guest  %gnice   %idle
23:36:52     all    1.35    0.00   15.36    0.27    0.00   18.33    0.00    0.00    0.00   64.69
23:36:52       0    0.00    0.00   34.00    0.00    0.00   65.00    0.00    0.00    0.00    1.00
23:36:52       1    2.04    0.00    0.00    0.00    0.00    0.00    0.00    0.00    0.00   97.96
23:36:52       2    0.00    0.00   30.14    0.00    0.00    4.11    0.00    0.00    0.00   65.75
23:36:52       3    3.00    0.00    1.00    1.00    0.00    0.00    0.00    0.00    0.00   95.00

23:36:52     CPU    %usr   %nice    %sys %iowait    %irq   %soft  %steal  %guest  %gnice   %idle
23:36:53     all    2.15    0.00   15.59    0.00    0.00   18.01    0.00    0.00    0.00   64.25
23:36:53       0    1.00    0.00   36.00    0.00    0.00   63.00    0.00    0.00    0.00    0.00
23:36:53       1    3.00    0.00    1.00    0.00    0.00    0.00    0.00    0.00    0.00   96.00
23:36:53       2    2.70    0.00   28.38    0.00    0.00    5.41    0.00    0.00    0.00   63.51
23:36:53       3    2.04    0.00    0.00    0.00    0.00    0.00    0.00    0.00    0.00   97.96

23:36:53     CPU    %usr   %nice    %sys %iowait    %irq   %soft  %steal  %guest  %gnice   %idle
23:36:54     all    1.07    0.00   16.62    0.00    0.00   17.43    0.00    0.00    0.00   64.88
23:36:54       0    0.00    0.00   37.00    0.00    0.00   62.00    0.00    0.00    0.00    1.00
23:36:54       1    1.02    0.00    0.00    0.00    0.00    0.00    0.00    0.00    0.00   98.98
23:36:54       2    1.32    0.00   32.89    0.00    0.00    3.95    0.00    0.00    0.00   61.84
23:36:54       3    2.02    0.00    0.00    0.00    0.00    0.00    0.00    0.00    0.00   97.98

23:36:54     CPU    %usr   %nice    %sys %iowait    %irq   %soft  %steal  %guest  %gnice   %idle
23:36:55     all    2.42    0.00   16.13    0.27    0.00   18.28    0.00    0.00    0.00   62.90
23:36:55       0    0.00    0.00   33.33    0.00    0.00   65.66    0.00    0.00    0.00    1.01
23:36:55       1    4.04    0.00    1.01    0.00    0.00    0.00    0.00    0.00    0.00   94.95
23:36:55       2    1.33    0.00   32.00    1.33    0.00    4.00    0.00    0.00    0.00   61.33
23:36:55       3    4.04    0.00    2.02    0.00    0.00    0.00    0.00    0.00    0.00   93.94

23:36:55     CPU    %usr   %nice    %sys %iowait    %irq   %soft  %steal  %guest  %gnice   %idle
23:36:56     all    8.09    0.00   15.90    0.00    0.00   16.98    0.00    0.00    0.00   59.03
23:36:56       0    2.97    0.00   35.64    0.00    0.00   60.40    0.00    0.00    0.00    0.99
23:36:56       1   12.12    0.00    1.01    0.00    0.00    0.00    0.00    0.00    0.00   86.87
23:36:56       2    2.78    0.00   30.56    0.00    0.00    2.78    0.00    0.00    0.00   63.89
23:36:56       3   13.13    0.00    0.00    0.00    0.00    0.00    0.00    0.00    0.00   86.87

23:36:56     CPU    %usr   %nice    %sys %iowait    %irq   %soft  %steal  %guest  %gnice   %idle
23:36:57     all    2.70    0.00   15.68    0.00    0.00   18.11    0.00    0.00    0.00   63.51
23:36:57       0    1.00    0.00   34.00    0.00    0.00   64.00    0.00    0.00    0.00    1.00
23:36:57       1    3.09    0.00    0.00    0.00    0.00    0.00    0.00    0.00    0.00   96.91
23:36:57       2    2.70    0.00   31.08    0.00    0.00    4.05    0.00    0.00    0.00   62.16
23:36:57       3    4.04    0.00    1.01    0.00    0.00    0.00    0.00    0.00    0.00   94.95

23:36:57     CPU    %usr   %nice    %sys %iowait    %irq   %soft  %steal  %guest  %gnice   %idle
23:36:58     all    5.59    1.06   19.15    0.27    0.00   17.55    0.00    0.00    0.00   56.38
23:36:58       0    0.00    0.00   36.73    0.00    0.00   63.27    0.00    0.00    0.00    0.00
23:36:58       1    9.90    0.00    4.95    0.99    0.00    0.00    0.00    0.00    0.00   84.16
23:36:58       2    3.85    0.00   34.62    0.00    0.00    5.13    0.00    0.00    0.00   56.41
23:36:58       3    8.08    4.04    4.04    0.00    0.00    0.00    0.00    0.00    0.00   83.84

23:36:58     CPU    %usr   %nice    %sys %iowait    %irq   %soft  %steal  %guest  %gnice   %idle
23:36:59     all    6.23   18.97   17.07    1.08    0.00   17.62    0.00    0.00    0.00   39.02
23:36:59       0    1.98    1.98   32.67    0.00    0.00   61.39    0.00    0.00    0.00    1.98
23:36:59       1    5.15   58.76    4.12    2.06    0.00    0.00    0.00    0.00    0.00   29.90
23:36:59       2    5.41    0.00   31.08    0.00    0.00    4.05    0.00    0.00    0.00   59.46
23:36:59       3   12.37   11.34    3.09    2.06    0.00    0.00    0.00    0.00    0.00   71.13

23:36:59     CPU    %usr   %nice    %sys %iowait    %irq   %soft  %steal  %guest  %gnice   %idle
23:37:00     all    8.02    0.00   16.04    0.00    0.00   16.84    0.00    0.00    0.00   59.09
23:37:00       0    5.00    0.00   35.00    0.00    0.00   60.00    0.00    0.00    0.00    0.00
23:37:00       1    9.09    0.00    1.01    0.00    0.00    0.00    0.00    0.00    0.00   89.90
23:37:00       2    6.58    0.00   30.26    0.00    0.00    3.95    0.00    0.00    0.00   59.21
23:37:00       3   11.11    0.00    1.01    0.00    0.00    0.00    0.00    0.00    0.00   87.88

23:37:00     CPU    %usr   %nice    %sys %iowait    %irq   %soft  %steal  %guest  %gnice   %idle
23:37:01     all    1.89    0.00   15.63    0.00    0.00   18.33    0.00    0.00    0.00   64.15
23:37:01       0    0.00    0.00   34.00    0.00    0.00   65.00    0.00    0.00    0.00    1.00
23:37:01       1    4.00    0.00    1.00    0.00    0.00    0.00    0.00    0.00    0.00   95.00
23:37:01       2    1.37    0.00   31.51    0.00    0.00    4.11    0.00    0.00    0.00   63.01
23:37:01       3    2.04    0.00    0.00    0.00    0.00    0.00    0.00    0.00    0.00   97.96

23:37:01     CPU    %usr   %nice    %sys %iowait    %irq   %soft  %steal  %guest  %gnice   %idle
23:37:02     all    1.60    0.00   16.58    0.00    0.00   17.38    0.00    0.00    0.00   64.44
23:37:02       0    0.00    0.00   37.37    0.00    0.00   61.62    0.00    0.00    0.00    1.01
23:37:02       1    2.04    0.00    0.00    0.00    0.00    0.00    0.00    0.00    0.00   97.96
23:37:02       2    2.56    0.00   32.05    0.00    0.00    5.13    0.00    0.00    0.00   60.26
23:37:02       3    2.02    0.00    0.00    0.00    0.00    0.00    0.00    0.00    0.00   97.98
