Linux 7.0.0-31-generic (ubuntu) 	09/10/26 	_aarch64_	(4 CPU)

23:39:25     CPU    %usr   %nice    %sys %iowait    %irq   %soft  %steal  %guest  %gnice   %idle
23:39:26     all    1.04    0.00   34.81    0.00    0.00    7.79    0.00    0.00    0.00   56.36
23:39:26       0    1.98    0.00   72.28    0.00    0.00   25.74    0.00    0.00    0.00    0.00
23:39:26       1    1.00    0.00    0.00    0.00    0.00    0.00    0.00    0.00    0.00   99.00
23:39:26       2    1.19    0.00   72.62    0.00    0.00    4.76    0.00    0.00    0.00   21.43
23:39:26       3    0.00    0.00    0.00    0.00    0.00    0.00    0.00    0.00    0.00  100.00

23:39:26     CPU    %usr   %nice    %sys %iowait    %irq   %soft  %steal  %guest  %gnice   %idle
23:39:27     all    1.04    0.00   33.85    0.00    0.00    8.07    0.00    0.00    0.00   57.03
23:39:27       0    2.00    0.00   70.00    0.00    0.00   28.00    0.00    0.00    0.00    0.00
23:39:27       1    0.00    0.00    0.00    0.00    0.00    0.00    0.00    0.00    0.00  100.00
23:39:27       2    1.20    0.00   72.29    0.00    0.00    3.61    0.00    0.00    0.00   22.89
23:39:27       3    0.99    0.00    0.00    0.00    0.00    0.00    0.00    0.00    0.00   99.01

23:39:27     CPU    %usr   %nice    %sys %iowait    %irq   %soft  %steal  %guest  %gnice   %idle
23:39:28     all    1.04    0.00   34.72    0.00    0.00    7.77    0.00    0.00    0.00   56.48
23:39:28       0    0.99    0.00   72.28    0.00    0.00   26.73    0.00    0.00    0.00    0.00
23:39:28       1    0.00    0.00    0.00    0.00    0.00    0.00    0.00    0.00    0.00  100.00
23:39:28       2    3.49    0.00   70.93    0.00    0.00    3.49    0.00    0.00    0.00   22.09
23:39:28       3    0.00    0.00    0.00    0.00    0.00    0.00    0.00    0.00    0.00  100.00

23:39:28     CPU    %usr   %nice    %sys %iowait    %irq   %soft  %steal  %guest  %gnice   %idle
23:39:29     all    0.78    0.00   34.46    0.00    0.00    7.57    0.00    0.00    0.00   57.18
23:39:29       0    1.00    0.00   73.00    0.00    0.00   26.00    0.00    0.00    0.00    0.00
23:39:29       1    0.00    0.00    0.00    0.00    0.00    0.00    0.00    0.00    0.00  100.00
23:39:29       2    2.41    0.00   71.08    0.00    0.00    3.61    0.00    0.00    0.00   22.89
23:39:29       3    0.00    0.00    0.00    0.00    0.00    0.00    0.00    0.00    0.00  100.00

23:39:29     CPU    %usr   %nice    %sys %iowait    %irq   %soft  %steal  %guest  %gnice   %idle
23:39:30     all    1.04    0.00   33.42    0.00    0.00    8.55    0.00    0.00    0.00   56.99
23:39:30       0    1.98    0.00   70.30    0.00    0.00   27.72    0.00    0.00    0.00    0.00
23:39:30       1    0.00    0.00    0.00    0.00    0.00    0.00    0.00    0.00    0.00  100.00
23:39:30       2    2.35    0.00   68.24    0.00    0.00    5.88    0.00    0.00    0.00   23.53
23:39:30       3    0.00    0.00    0.00    0.00    0.00    0.00    0.00    0.00    0.00  100.00

23:39:30     CPU    %usr   %nice    %sys %iowait    %irq   %soft  %steal  %guest  %gnice   %idle
23:39:31     all    1.05    0.00   33.86    0.00    0.00    8.14    0.00    0.00    0.00   56.96
23:39:31       0    2.00    0.00   71.00    0.00    0.00   27.00    0.00    0.00    0.00    0.00
23:39:31       1    1.00    0.00    0.00    0.00    0.00    0.00    0.00    0.00    0.00   99.00
23:39:31       2    1.22    0.00   70.73    0.00    0.00    4.88    0.00    0.00    0.00   23.17
23:39:31       3    0.00    0.00    0.00    0.00    0.00    0.00    0.00    0.00    0.00  100.00

23:39:31     CPU    %usr   %nice    %sys %iowait    %irq   %soft  %steal  %guest  %gnice   %idle
23:39:32     all    0.79    0.00   34.03    0.00    0.00    8.12    0.00    0.00    0.00   57.07
23:39:32       0    1.00    0.00   72.00    0.00    0.00   27.00    0.00    0.00    0.00    0.00
23:39:32       1    0.00    0.00    0.00    0.00    0.00    0.00    0.00    0.00    0.00  100.00
23:39:32       2    2.41    0.00   69.88    0.00    0.00    4.82    0.00    0.00    0.00   22.89
23:39:32       3    0.00    0.00    0.00    0.00    0.00    0.00    0.00    0.00    0.00  100.00

23:39:32     CPU    %usr   %nice    %sys %iowait    %irq   %soft  %steal  %guest  %gnice   %idle
23:39:33     all    1.04    0.00   34.29    0.00    0.00    7.79    0.00    0.00    0.00   56.88
23:39:33       0    1.00    0.00   73.00    0.00    0.00   26.00    0.00    0.00    0.00    0.00
23:39:33       1    0.00    0.00    0.00    0.00    0.00    0.00    0.00    0.00    0.00  100.00
23:39:33       2    3.53    0.00   69.41    0.00    0.00    4.71    0.00    0.00    0.00   22.35
23:39:33       3    0.00    0.00    0.00    0.00    0.00    0.00    0.00    0.00    0.00  100.00

23:39:33     CPU    %usr   %nice    %sys %iowait    %irq   %soft  %steal  %guest  %gnice   %idle
23:39:34     all    1.29    0.00   35.40    0.00    0.00    8.27    0.00    0.00    0.00   55.04
23:39:34       0    1.98    0.00   71.29    0.00    0.00   26.73    0.00    0.00    0.00    0.00
23:39:34       1    0.99    0.00    0.99    0.00    0.00    0.00    0.00    0.00    0.00   98.02
23:39:34       2    1.16    0.00   70.93    0.00    0.00    5.81    0.00    0.00    0.00   22.09
23:39:34       3    1.01    0.00    3.03    0.00    0.00    0.00    0.00    0.00    0.00   95.96

23:39:34     CPU    %usr   %nice    %sys %iowait    %irq   %soft  %steal  %guest  %gnice   %idle
23:39:35     all    1.55    0.00   34.11    0.26    0.00    8.01    0.00    0.00    0.00   56.07
23:39:35       0    2.00    0.00   71.00    0.00    0.00   27.00    0.00    0.00    0.00    0.00
23:39:35       1    1.00    0.00    0.00    1.00    0.00    0.00    0.00    0.00    0.00   98.00
23:39:35       2    2.33    0.00   70.93    0.00    0.00    4.65    0.00    0.00    0.00   22.09
23:39:35       3    0.99    0.00    0.00    0.00    0.00    0.00    0.00    0.00    0.00   99.01

23:39:35     CPU    %usr   %nice    %sys %iowait    %irq   %soft  %steal  %guest  %gnice   %idle
23:39:36     all    0.78    0.00   35.23    0.00    0.00    7.51    0.00    0.00    0.00   56.48
23:39:36       0    1.00    0.00   74.00    0.00    0.00   25.00    0.00    0.00    0.00    0.00
23:39:36       1    0.00    0.00    0.00    0.00    0.00    0.00    0.00    0.00    0.00  100.00
23:39:36       2    2.30    0.00   71.26    0.00    0.00    4.60    0.00    0.00    0.00   21.84
23:39:36       3    0.00    0.00    0.00    0.00    0.00    0.00    0.00    0.00    0.00  100.00

23:39:36     CPU    %usr   %nice    %sys %iowait    %irq   %soft  %steal  %guest  %gnice   %idle
23:39:37     all    0.52    0.00   34.03    0.00    0.00    8.38    0.00    0.00    0.00   57.07
23:39:37       0    1.00    0.00   72.00    0.00    0.00   27.00    0.00    0.00    0.00    0.00
23:39:37       1    0.00    0.00    0.00    0.00    0.00    0.00    0.00    0.00    0.00  100.00
23:39:37       2    1.20    0.00   69.88    0.00    0.00    6.02    0.00    0.00    0.00   22.89
23:39:37       3    0.00    0.00    0.00    0.00    0.00    0.00    0.00    0.00    0.00  100.00

23:39:37     CPU    %usr   %nice    %sys %iowait    %irq   %soft  %steal  %guest  %gnice   %idle
23:39:38     all    1.83    0.00   33.77    0.00    0.00    7.85    0.00    0.00    0.00   56.54
23:39:38       0    1.98    0.00   71.29    0.00    0.00   26.73    0.00    0.00    0.00    0.00
23:39:38       1    0.00    0.00    0.00    0.00    0.00    0.00    0.00    0.00    0.00  100.00
23:39:38       2    2.47    0.00   70.37    0.00    0.00    3.70    0.00    0.00    0.00   23.46
23:39:38       3    3.00    0.00    0.00    0.00    0.00    0.00    0.00    0.00    0.00   97.00

23:39:38     CPU    %usr   %nice    %sys %iowait    %irq   %soft  %steal  %guest  %gnice   %idle
23:39:39     all    0.52    0.00   34.90    0.00    0.00    7.81    0.00    0.00    0.00   56.77
23:39:39       0    1.00    0.00   75.00    0.00    0.00   24.00    0.00    0.00    0.00    0.00
23:39:39       1    0.00    0.00    0.00    0.00    0.00    0.00    0.00    0.00    0.00  100.00
23:39:39       2    1.18    0.00   69.41    0.00    0.00    7.06    0.00    0.00    0.00   22.35
23:39:39       3    0.00    0.00    0.00    0.00    0.00    0.00    0.00    0.00    0.00  100.00

23:39:39     CPU    %usr   %nice    %sys %iowait    %irq   %soft  %steal  %guest  %gnice   %idle
23:39:40     all    1.29    0.00   35.22    0.00    0.00    7.20    0.00    0.00    0.00   56.30
23:39:40       0    1.98    0.00   74.26    0.00    0.00   23.76    0.00    0.00    0.00    0.00
23:39:40       1    0.99    0.00    0.00    0.00    0.00    0.00    0.00    0.00    0.00   99.01
23:39:40       2    2.33    0.00   70.93    0.00    0.00    4.65    0.00    0.00    0.00   22.09
23:39:40       3    0.00    0.00    0.99    0.00    0.00    0.00    0.00    0.00    0.00   99.01

23:39:40     CPU    %usr   %nice    %sys %iowait    %irq   %soft  %steal  %guest  %gnice   %idle
23:39:41     all    1.03    0.00   35.05    0.00    0.00    7.47    0.00    0.00    0.00   56.44
23:39:41       0    1.00    0.00   73.00    0.00    0.00   26.00    0.00    0.00    0.00    0.00
23:39:41       1    0.00    0.00    0.00    0.00    0.00    0.00    0.00    0.00    0.00  100.00
23:39:41       2    2.30    0.00   72.41    0.00    0.00    3.45    0.00    0.00    0.00   21.84
23:39:41       3    0.99    0.00    0.00    0.00    0.00    0.00    0.00    0.00    0.00   99.01

23:39:41     CPU    %usr   %nice    %sys %iowait    %irq   %soft  %steal  %guest  %gnice   %idle
23:39:42     all    0.52    0.52   35.06    0.00    0.00    7.53    0.00    0.00    0.00   56.36
23:39:42       0    0.99    0.00   73.27    0.00    0.00   25.74    0.00    0.00    0.00    0.00
23:39:42       1    0.00    1.98    0.00    0.00    0.00    0.00    0.00    0.00    0.00   98.02
23:39:42       2    1.19    0.00   72.62    0.00    0.00    3.57    0.00    0.00    0.00   22.62
23:39:42       3    0.00    0.00    0.00    0.00    0.00    0.00    0.00    0.00    0.00  100.00
