Linux 7.0.0-31-generic (ubuntu) 	09/10/26 	_aarch64_	(4 CPU)

23:37:44     CPU    %usr   %nice    %sys %iowait    %irq   %soft  %steal  %guest  %gnice   %idle
23:37:45     all    2.61    0.00   34.20    0.00    0.00    7.83    0.00    0.00    0.00   55.35
23:37:45       0    2.00    0.00   73.00    0.00    0.00   25.00    0.00    0.00    0.00    0.00
23:37:45       1    3.09    0.00    0.00    0.00    0.00    0.00    0.00    0.00    0.00   96.91
23:37:45       2    2.30    0.00   65.52    0.00    0.00    5.75    0.00    0.00    0.00   26.44
23:37:45       3    3.03    0.00    1.01    0.00    0.00    0.00    0.00    0.00    0.00   95.96

23:37:45     CPU    %usr   %nice    %sys %iowait    %irq   %soft  %steal  %guest  %gnice   %idle
23:37:46     all    4.18    0.00   34.73    0.00    0.00    7.83    0.00    0.00    0.00   53.26
23:37:46       0    1.00    0.00   74.00    0.00    0.00   25.00    0.00    0.00    0.00    0.00
23:37:46       1    6.00    0.00    1.00    0.00    0.00    0.00    0.00    0.00    0.00   93.00
23:37:46       2    2.38    0.00   69.05    0.00    0.00    5.95    0.00    0.00    0.00   22.62
23:37:46       3    7.07    0.00    0.00    0.00    0.00    0.00    0.00    0.00    0.00   92.93

23:37:46     CPU    %usr   %nice    %sys %iowait    %irq   %soft  %steal  %guest  %gnice   %idle
23:37:47     all    2.37    0.00   33.95    0.26    0.00    8.42    0.00    0.00    0.00   55.00
23:37:47       0    2.00    0.00   70.00    0.00    0.00   28.00    0.00    0.00    0.00    0.00
23:37:47       1    4.04    0.00    0.00    1.01    0.00    0.00    0.00    0.00    0.00   94.95
23:37:47       2    1.22    0.00   70.73    0.00    0.00    4.88    0.00    0.00    0.00   23.17
23:37:47       3    2.02    0.00    1.01    0.00    0.00    0.00    0.00    0.00    0.00   96.97

23:37:47     CPU    %usr   %nice    %sys %iowait    %irq   %soft  %steal  %guest  %gnice   %idle
23:37:48     all    1.31    0.00   35.25    0.00    0.00    7.57    0.00    0.00    0.00   55.87
23:37:48       0    1.01    0.00   72.73    0.00    0.00   26.26    0.00    0.00    0.00    0.00
23:37:48       1    2.02    0.00    0.00    0.00    0.00    0.00    0.00    0.00    0.00   97.98
23:37:48       2    1.18    0.00   72.94    0.00    0.00    3.53    0.00    0.00    0.00   22.35
23:37:48       3    1.00    0.00    1.00    0.00    0.00    0.00    0.00    0.00    0.00   98.00

23:37:48     CPU    %usr   %nice    %sys %iowait    %irq   %soft  %steal  %guest  %gnice   %idle
23:37:49     all    1.84    0.00   34.65    0.00    0.00    7.87    0.00    0.00    0.00   55.64
23:37:49       0    1.98    0.00   72.28    0.00    0.00   25.74    0.00    0.00    0.00    0.00
23:37:49       1    2.04    0.00    0.00    0.00    0.00    0.00    0.00    0.00    0.00   97.96
23:37:49       2    2.38    0.00   70.24    0.00    0.00    4.76    0.00    0.00    0.00   22.62
23:37:49       3    1.02    0.00    0.00    0.00    0.00    0.00    0.00    0.00    0.00   98.98

23:37:49     CPU    %usr   %nice    %sys %iowait    %irq   %soft  %steal  %guest  %gnice   %idle
23:37:50     all    3.11    0.00   35.49    0.00    0.00    7.51    0.00    0.00    0.00   53.89
23:37:50       0    2.00    0.00   73.00    0.00    0.00   25.00    0.00    0.00    0.00    0.00
23:37:50       1    5.00    0.00    1.00    0.00    0.00    0.00    0.00    0.00    0.00   94.00
23:37:50       2    2.30    0.00   71.26    0.00    0.00    4.60    0.00    0.00    0.00   21.84
23:37:50       3    3.03    0.00    1.01    0.00    0.00    0.00    0.00    0.00    0.00   95.96

23:37:50     CPU    %usr   %nice    %sys %iowait    %irq   %soft  %steal  %guest  %gnice   %idle
23:37:51     all    1.84    0.00   34.74    0.00    0.00    7.89    0.00    0.00    0.00   55.53
23:37:51       0    1.01    0.00   72.73    0.00    0.00   26.26    0.00    0.00    0.00    0.00
23:37:51       1    2.02    0.00    1.01    0.00    0.00    0.00    0.00    0.00    0.00   96.97
23:37:51       2    2.41    0.00   69.88    0.00    0.00    4.82    0.00    0.00    0.00   22.89
23:37:51       3    2.02    0.00    1.01    0.00    0.00    0.00    0.00    0.00    0.00   96.97

23:37:51     CPU    %usr   %nice    %sys %iowait    %irq   %soft  %steal  %guest  %gnice   %idle
23:37:52     all    2.08    0.00   34.90    0.00    0.00    7.81    0.00    0.00    0.00   55.21
23:37:52       0    1.98    0.00   72.28    0.00    0.00   25.74    0.00    0.00    0.00    0.00
23:37:52       1    3.03    0.00    0.00    0.00    0.00    0.00    0.00    0.00    0.00   96.97
23:37:52       2    1.19    0.00   71.43    0.00    0.00    4.76    0.00    0.00    0.00   22.62
23:37:52       3    2.00    0.00    1.00    0.00    0.00    0.00    0.00    0.00    0.00   97.00

23:37:52     CPU    %usr   %nice    %sys %iowait    %irq   %soft  %steal  %guest  %gnice   %idle
23:37:53     all    2.10    0.00   34.91    0.00    0.00    7.87    0.00    0.00    0.00   55.12
23:37:53       0    2.00    0.00   73.00    0.00    0.00   25.00    0.00    0.00    0.00    0.00
23:37:53       1    2.02    0.00    1.01    0.00    0.00    0.00    0.00    0.00    0.00   96.97
23:37:53       2    2.35    0.00   69.41    0.00    0.00    5.88    0.00    0.00    0.00   22.35
23:37:53       3    2.06    0.00    0.00    0.00    0.00    0.00    0.00    0.00    0.00   97.94

23:37:53     CPU    %usr   %nice    %sys %iowait    %irq   %soft  %steal  %guest  %gnice   %idle
23:37:54     all    1.84    0.00   34.47    0.00    0.00    7.89    0.00    0.00    0.00   55.79
23:37:54       0    1.00    0.00   72.00    0.00    0.00   27.00    0.00    0.00    0.00    0.00
23:37:54       1    2.04    0.00    0.00    0.00    0.00    0.00    0.00    0.00    0.00   97.96
23:37:54       2    2.44    0.00   70.73    0.00    0.00    3.66    0.00    0.00    0.00   23.17
23:37:54       3    2.00    0.00    1.00    0.00    0.00    0.00    0.00    0.00    0.00   97.00

23:37:54     CPU    %usr   %nice    %sys %iowait    %irq   %soft  %steal  %guest  %gnice   %idle
23:37:55     all    2.62    0.00   34.91    0.00    0.00    7.61    0.00    0.00    0.00   54.86
23:37:55       0    1.01    0.00   72.73    0.00    0.00   26.26    0.00    0.00    0.00    0.00
23:37:55       1    4.04    0.00    0.00    0.00    0.00    0.00    0.00    0.00    0.00   95.96
23:37:55       2    2.38    0.00   71.43    0.00    0.00    3.57    0.00    0.00    0.00   22.62
23:37:55       3    3.03    0.00    1.01    0.00    0.00    0.00    0.00    0.00    0.00   95.96

23:37:55     CPU    %usr   %nice    %sys %iowait    %irq   %soft  %steal  %guest  %gnice   %idle
23:37:56     all    3.89    0.00   35.49    0.00    0.00    7.51    0.00    0.00    0.00   53.11
23:37:56       0    0.99    0.00   74.26    0.00    0.00   24.75    0.00    0.00    0.00    0.00
23:37:56       1    6.00    0.00    1.00    0.00    0.00    0.00    0.00    0.00    0.00   93.00
23:37:56       2    2.33    0.00   70.93    0.00    0.00    4.65    0.00    0.00    0.00   22.09
23:37:56       3    6.06    0.00    0.00    0.00    0.00    0.00    0.00    0.00    0.00   93.94

23:37:56     CPU    %usr   %nice    %sys %iowait    %irq   %soft  %steal  %guest  %gnice   %idle
23:37:57     all    2.09    0.00   35.34    0.00    0.00    7.33    0.00    0.00    0.00   55.24
23:37:57       0    2.00    0.00   75.00    0.00    0.00   23.00    0.00    0.00    0.00    0.00
23:37:57       1    3.03    0.00    0.00    0.00    0.00    0.00    0.00    0.00    0.00   96.97
23:37:57       2    1.19    0.00   70.24    0.00    0.00    5.95    0.00    0.00    0.00   22.62
23:37:57       3    2.02    0.00    1.01    0.00    0.00    0.00    0.00    0.00    0.00   96.97

23:37:57     CPU    %usr   %nice    %sys %iowait    %irq   %soft  %steal  %guest  %gnice   %idle
23:37:58     all    1.84    0.00   34.38    0.00    0.00    8.40    0.00    0.00    0.00   55.38
23:37:58       0    1.00    0.00   70.00    0.00    0.00   29.00    0.00    0.00    0.00    0.00
23:37:58       1    2.02    0.00    1.01    0.00    0.00    0.00    0.00    0.00    0.00   96.97
23:37:58       2    2.38    0.00   71.43    0.00    0.00    3.57    0.00    0.00    0.00   22.62
23:37:58       3    2.04    0.00    0.00    0.00    0.00    0.00    0.00    0.00    0.00   97.96

23:37:58     CPU    %usr   %nice    %sys %iowait    %irq   %soft  %steal  %guest  %gnice   %idle
23:37:59     all    2.09    0.00   34.46    0.00    0.00    8.09    0.00    0.00    0.00   55.35
23:37:59       0    1.01    0.00   71.72    0.00    0.00   27.27    0.00    0.00    0.00    0.00
23:37:59       1    2.97    0.00    0.99    0.00    0.00    0.00    0.00    0.00    0.00   96.04
23:37:59       2    2.38    0.00   70.24    0.00    0.00    4.76    0.00    0.00    0.00   22.62
23:37:59       3    2.02    0.00    1.01    0.00    0.00    0.00    0.00    0.00    0.00   96.97

23:37:59     CPU    %usr   %nice    %sys %iowait    %irq   %soft  %steal  %guest  %gnice   %idle
23:38:00     all    3.42    0.00   34.21    0.00    0.00    8.42    0.00    0.00    0.00   53.95
23:38:00       0    2.00    0.00   72.00    0.00    0.00   26.00    0.00    0.00    0.00    0.00
23:38:00       1    6.12    0.00    1.02    0.00    0.00    0.00    0.00    0.00    0.00   92.86
23:38:00       2    1.20    0.00   68.67    0.00    0.00    7.23    0.00    0.00    0.00   22.89
23:38:00       3    4.04    0.00    0.00    0.00    0.00    0.00    0.00    0.00    0.00   95.96

23:38:00     CPU    %usr   %nice    %sys %iowait    %irq   %soft  %steal  %guest  %gnice   %idle
23:38:01     all    1.82    0.00   35.42    0.00    0.00    7.81    0.00    0.00    0.00   54.95
23:38:01       0    0.99    0.00   74.26    0.00    0.00   24.75    0.00    0.00    0.00    0.00
23:38:01       1    2.04    0.00    0.00    0.00    0.00    0.00    0.00    0.00    0.00   97.96
23:38:01       2    2.33    0.00   69.77    0.00    0.00    5.81    0.00    0.00    0.00   22.09
23:38:01       3    2.02    0.00    1.01    0.00    0.00    0.00    0.00    0.00    0.00   96.97

23:38:01     CPU    %usr   %nice    %sys %iowait    %irq   %soft  %steal  %guest  %gnice   %idle
23:38:02     all    1.84    0.00   33.86    0.00    0.00    8.14    0.00    0.00    0.00   56.17
23:38:02       0    1.01    0.00   72.73    0.00    0.00   26.26    0.00    0.00    0.00    0.00
23:38:02       1    2.02    0.00    0.00    0.00    0.00    0.00    0.00    0.00    0.00   97.98
23:38:02       2    2.41    0.00   68.67    0.00    0.00    6.02    0.00    0.00    0.00   22.89
23:38:02       3    2.00    0.00    0.00    0.00    0.00    0.00    0.00    0.00    0.00   98.00
