Linux 7.0.0-31-generic (ubuntu) 	09/10/26 	_aarch64_	(4 CPU)

23:37:24     CPU    %usr   %nice    %sys %iowait    %irq   %soft  %steal  %guest  %gnice   %idle
23:37:25     all    3.43    0.00   34.04    0.00    0.00    8.18    0.00    0.00    0.00   54.35
23:37:25       0    2.02    0.00   71.72    0.00    0.00   26.26    0.00    0.00    0.00    0.00
23:37:25       1    5.05    0.00    1.01    0.00    0.00    0.00    0.00    0.00    0.00   93.94
23:37:25       2    1.22    0.00   69.51    0.00    0.00    6.10    0.00    0.00    0.00   23.17
23:37:25       3    5.05    0.00    0.00    0.00    0.00    0.00    0.00    0.00    0.00   94.95

23:37:25     CPU    %usr   %nice    %sys %iowait    %irq   %soft  %steal  %guest  %gnice   %idle
23:37:26     all    2.09    0.00   35.25    0.00    0.00    7.31    0.00    0.00    0.00   55.35
23:37:26       0    1.01    0.00   74.75    0.00    0.00   24.24    0.00    0.00    0.00    0.00
23:37:26       1    2.00    0.00    1.00    0.00    0.00    0.00    0.00    0.00    0.00   97.00
23:37:26       2    1.19    0.00   71.43    0.00    0.00    4.76    0.00    0.00    0.00   22.62
23:37:26       3    4.00    0.00    0.00    0.00    0.00    0.00    0.00    0.00    0.00   96.00

23:37:26     CPU    %usr   %nice    %sys %iowait    %irq   %soft  %steal  %guest  %gnice   %idle
23:37:27     all    1.30    0.00   36.01    0.00    0.00    6.99    0.00    0.00    0.00   55.70
23:37:27       0    0.99    0.00   75.25    0.00    0.00   23.76    0.00    0.00    0.00    0.00
23:37:27       1    1.01    0.00    0.00    0.00    0.00    0.00    0.00    0.00    0.00   98.99
23:37:27       2    2.33    0.00   72.09    0.00    0.00    3.49    0.00    0.00    0.00   22.09
23:37:27       3    1.00    0.00    1.00    0.00    0.00    0.00    0.00    0.00    0.00   98.00

23:37:27     CPU    %usr   %nice    %sys %iowait    %irq   %soft  %steal  %guest  %gnice   %idle
23:37:28     all    1.57    0.00   34.99    0.00    0.00    7.05    0.00    0.00    0.00   56.40
23:37:28       0    2.00    0.00   75.00    0.00    0.00   23.00    0.00    0.00    0.00    0.00
23:37:28       1    1.01    0.00    0.00    0.00    0.00    0.00    0.00    0.00    0.00   98.99
23:37:28       2    2.38    0.00   70.24    0.00    0.00    4.76    0.00    0.00    0.00   22.62
23:37:28       3    1.00    0.00    0.00    0.00    0.00    0.00    0.00    0.00    0.00   99.00

23:37:28     CPU    %usr   %nice    %sys %iowait    %irq   %soft  %steal  %guest  %gnice   %idle
23:37:29     all    1.04    0.00   34.20    0.00    0.00    8.09    0.00    0.00    0.00   56.66
23:37:29       0    0.99    0.00   73.27    0.00    0.00   25.74    0.00    0.00    0.00    0.00
23:37:29       1    0.00    0.00    1.00    0.00    0.00    0.00    0.00    0.00    0.00   99.00
23:37:29       2    3.61    0.00   67.47    0.00    0.00    6.02    0.00    0.00    0.00   22.89
23:37:29       3    0.00    0.00    0.00    0.00    0.00    0.00    0.00    0.00    0.00  100.00

23:37:29     CPU    %usr   %nice    %sys %iowait    %irq   %soft  %steal  %guest  %gnice   %idle
23:37:30     all    2.09    0.00   36.13    0.00    0.00    8.38    0.00    0.00    0.00   53.40
23:37:30       0    2.00    0.00   71.00    0.00    0.00   27.00    0.00    0.00    0.00    0.00
23:37:30       1    3.03    0.00    0.00    0.00    0.00    0.00    0.00    0.00    0.00   96.97
23:37:30       2    1.19    0.00   70.24    0.00    0.00    5.95    0.00    0.00    0.00   22.62
23:37:30       3    2.02    0.00    8.08    0.00    0.00    0.00    0.00    0.00    0.00   89.90

23:37:30     CPU    %usr   %nice    %sys %iowait    %irq   %soft  %steal  %guest  %gnice   %idle
23:37:31     all    1.32    0.00   33.95    0.00    0.00    8.16    0.00    0.00    0.00   56.58
23:37:31       0    1.01    0.00   71.72    0.00    0.00   27.27    0.00    0.00    0.00    0.00
23:37:31       1    1.01    0.00    0.00    0.00    0.00    0.00    0.00    0.00    0.00   98.99
23:37:31       2    2.44    0.00   69.51    0.00    0.00    4.88    0.00    0.00    0.00   23.17
23:37:31       3    1.00    0.00    1.00    0.00    0.00    0.00    0.00    0.00    0.00   98.00

23:37:31     CPU    %usr   %nice    %sys %iowait    %irq   %soft  %steal  %guest  %gnice   %idle
23:37:32     all    1.56    0.00   34.81    0.26    0.00    7.79    0.00    0.00    0.00   55.58
23:37:32       0    0.99    0.00   73.27    0.00    0.00   25.74    0.00    0.00    0.00    0.00
23:37:32       1    2.00    0.00    1.00    1.00    0.00    0.00    0.00    0.00    0.00   96.00
23:37:32       2    1.19    0.00   70.24    0.00    0.00    4.76    0.00    0.00    0.00   23.81
23:37:32       3    2.00    0.00    0.00    0.00    0.00    0.00    0.00    0.00    0.00   98.00

23:37:32     CPU    %usr   %nice    %sys %iowait    %irq   %soft  %steal  %guest  %gnice   %idle
23:37:33     all   30.55    0.00   28.46    0.26    0.00    5.74    0.00    0.00    0.00   34.99
23:37:33       0   19.39    0.00   59.18    0.00    0.00   19.39    0.00    0.00    0.00    2.04
23:37:33       1   41.41    0.00    2.02    0.00    0.00    0.00    0.00    0.00    0.00   56.57
23:37:33       2   25.00    0.00   54.55    0.00    0.00    3.41    0.00    0.00    0.00   17.05
23:37:33       3   35.71    0.00    1.02    1.02    0.00    0.00    0.00    0.00    0.00   62.24

23:37:33     CPU    %usr   %nice    %sys %iowait    %irq   %soft  %steal  %guest  %gnice   %idle
23:37:34     all    2.86    0.00   34.29    0.00    0.00    8.05    0.00    0.00    0.00   54.81
23:37:34       0    1.98    0.00   71.29    0.00    0.00   26.73    0.00    0.00    0.00    0.00
23:37:34       1    3.00    0.00    1.00    0.00    0.00    0.00    0.00    0.00    0.00   96.00
23:37:34       2    3.53    0.00   68.24    0.00    0.00    4.71    0.00    0.00    0.00   23.53
23:37:34       3    3.03    0.00    1.01    0.00    0.00    0.00    0.00    0.00    0.00   95.96

23:37:34     CPU    %usr   %nice    %sys %iowait    %irq   %soft  %steal  %guest  %gnice   %idle
23:37:35     all    3.17    0.00   34.56    0.00    0.00    7.92    0.00    0.00    0.00   54.35
23:37:35       0    1.00    0.00   73.00    0.00    0.00   26.00    0.00    0.00    0.00    0.00
23:37:35       1    4.12    0.00    0.00    0.00    0.00    0.00    0.00    0.00    0.00   95.88
23:37:35       2    2.41    0.00   69.88    0.00    0.00    4.82    0.00    0.00    0.00   22.89
23:37:35       3    5.05    0.00    0.00    0.00    0.00    0.00    0.00    0.00    0.00   94.95

23:37:35     CPU    %usr   %nice    %sys %iowait    %irq   %soft  %steal  %guest  %gnice   %idle
23:37:36     all    1.85    0.00   34.56    0.00    0.00    7.92    0.00    0.00    0.00   55.67
23:37:36       0    1.01    0.00   71.72    0.00    0.00   27.27    0.00    0.00    0.00    0.00
23:37:36       1    3.00    0.00    1.00    0.00    0.00    0.00    0.00    0.00    0.00   96.00
23:37:36       2    1.23    0.00   71.60    0.00    0.00    3.70    0.00    0.00    0.00   23.46
23:37:36       3    2.02    0.00    1.01    0.00    0.00    0.00    0.00    0.00    0.00   96.97

23:37:36     CPU    %usr   %nice    %sys %iowait    %irq   %soft  %steal  %guest  %gnice   %idle
23:37:37     all    1.83    0.00   34.73    0.00    0.00    7.57    0.00    0.00    0.00   55.87
23:37:37       0    1.98    0.00   74.26    0.00    0.00   23.76    0.00    0.00    0.00    0.00
23:37:37       1    2.02    0.00    0.00    0.00    0.00    0.00    0.00    0.00    0.00   97.98
23:37:37       2    2.38    0.00   67.86    0.00    0.00    5.95    0.00    0.00    0.00   23.81
23:37:37       3    1.01    0.00    1.01    0.00    0.00    0.00    0.00    0.00    0.00   97.98

23:37:37     CPU    %usr   %nice    %sys %iowait    %irq   %soft  %steal  %guest  %gnice   %idle
23:37:38     all    2.11    0.00   33.68    0.00    0.00    8.16    0.00    0.00    0.00   56.05
23:37:38       0    0.99    0.00   71.29    0.00    0.00   27.72    0.00    0.00    0.00    0.00
23:37:38       1    3.03    0.00    0.00    0.00    0.00    0.00    0.00    0.00    0.00   96.97
23:37:38       2    2.50    0.00   70.00    0.00    0.00    3.75    0.00    0.00    0.00   23.75
23:37:38       3    2.00    0.00    0.00    0.00    0.00    0.00    0.00    0.00    0.00   98.00

23:37:38     CPU    %usr   %nice    %sys %iowait    %irq   %soft  %steal  %guest  %gnice   %idle
23:37:39     all    2.35    0.00   34.99    0.00    0.00    7.83    0.00    0.00    0.00   54.83
23:37:39       0    1.00    0.00   74.00    0.00    0.00   25.00    0.00    0.00    0.00    0.00
23:37:39       1    3.03    0.00    1.01    0.00    0.00    0.00    0.00    0.00    0.00   95.96
23:37:39       2    2.35    0.00   69.41    0.00    0.00    5.88    0.00    0.00    0.00   22.35
23:37:39       3    3.03    0.00    0.00    0.00    0.00    0.00    0.00    0.00    0.00   96.97

23:37:39     CPU    %usr   %nice    %sys %iowait    %irq   %soft  %steal  %guest  %gnice   %idle
23:37:40     all    4.22    0.00   35.62    0.00    0.00    7.39    0.00    0.00    0.00   52.77
23:37:40       0    1.01    0.00   73.74    0.00    0.00   25.25    0.00    0.00    0.00    0.00
23:37:40       1    7.07    0.00    1.01    0.00    0.00    0.00    0.00    0.00    0.00   91.92
23:37:40       2    1.22    0.00   71.95    0.00    0.00    3.66    0.00    0.00    0.00   23.17
23:37:40       3    7.07    0.00    2.02    0.00    0.00    0.00    0.00    0.00    0.00   90.91

23:37:40     CPU    %usr   %nice    %sys %iowait    %irq   %soft  %steal  %guest  %gnice   %idle
23:37:41     all    3.37    0.00   34.97    0.00    0.00    8.03    0.00    0.00    0.00   53.63
23:37:41       0    1.98    0.00   73.27    0.00    0.00   24.75    0.00    0.00    0.00    0.00
23:37:41       1    5.05    0.00    0.00    0.00    0.00    0.00    0.00    0.00    0.00   94.95
23:37:41       2    2.27    0.00   68.18    0.00    0.00    6.82    0.00    0.00    0.00   22.73
23:37:41       3    4.08    0.00    1.02    0.00    0.00    0.00    0.00    0.00    0.00   94.90
