Linux 7.0.0-31-generic (ubuntu) 	09/09/26 	_aarch64_	(4 CPU)

20:20:00     CPU    %usr   %nice    %sys %iowait    %irq   %soft  %steal  %guest  %gnice   %idle
20:20:01     all    9.55    0.27   60.21    0.27    0.00   18.57    0.00    0.00    0.00   11.14
20:20:01       0    8.00    1.00   60.00    0.00    0.00   26.00    0.00    0.00    0.00    5.00
20:20:01       1    5.15    0.00   61.86    0.00    0.00   26.80    0.00    0.00    0.00    6.19
20:20:01       2   11.63    0.00   62.79    0.00    0.00    5.81    0.00    0.00    0.00   19.77
20:20:01       3   13.83    0.00   56.38    1.06    0.00   13.83    0.00    0.00    0.00   14.89

20:20:01     CPU    %usr   %nice    %sys %iowait    %irq   %soft  %steal  %guest  %gnice   %idle
20:20:02     all    4.56    0.00   63.00    0.00    0.00   20.64    0.00    0.00    0.00   11.80
20:20:02       0    3.09    0.00   65.98    0.00    0.00   26.80    0.00    0.00    0.00    4.12
20:20:02       1    4.04    0.00   62.63    0.00    0.00   27.27    0.00    0.00    0.00    6.06
20:20:02       2    4.49    0.00   61.80    0.00    0.00   12.36    0.00    0.00    0.00   21.35
20:20:02       3    6.82    0.00   61.36    0.00    0.00   14.77    0.00    0.00    0.00   17.05

20:20:02     CPU    %usr   %nice    %sys %iowait    %irq   %soft  %steal  %guest  %gnice   %idle
20:20:03     all   21.67    0.00   52.22    0.00    0.00   17.23    0.00    0.00    0.00    8.88
20:20:03       0   25.51    0.00   51.02    0.00    0.00   19.39    0.00    0.00    0.00    4.08
20:20:03       1    8.16    0.00   59.18    0.00    0.00   25.51    0.00    0.00    0.00    7.14
20:20:03       2   44.21    0.00   37.89    0.00    0.00    6.32    0.00    0.00    0.00   11.58
20:20:03       3    8.70    0.00   60.87    0.00    0.00   17.39    0.00    0.00    0.00   13.04

20:20:03     CPU    %usr   %nice    %sys %iowait    %irq   %soft  %steal  %guest  %gnice   %idle
20:20:04     all    3.50    0.00   64.15    0.00    0.00   20.22    0.00    0.00    0.00   12.13
20:20:04       0    5.05    0.00   66.67    0.00    0.00   24.24    0.00    0.00    0.00    4.04
20:20:04       1    3.03    0.00   61.62    0.00    0.00   30.30    0.00    0.00    0.00    5.05
20:20:04       2    2.30    0.00   65.52    0.00    0.00   12.64    0.00    0.00    0.00   19.54
20:20:04       3    3.49    0.00   62.79    0.00    0.00   11.63    0.00    0.00    0.00   22.09

20:20:04     CPU    %usr   %nice    %sys %iowait    %irq   %soft  %steal  %guest  %gnice   %idle
20:20:05     all    2.65    0.27   64.19    0.00    0.00   20.69    0.00    0.00    0.00   12.20
20:20:05       0    1.00    1.00   66.00    0.00    0.00   29.00    0.00    0.00    0.00    3.00
20:20:05       1    2.02    0.00   63.64    0.00    0.00   27.27    0.00    0.00    0.00    7.07
20:20:05       2    3.49    0.00   63.95    0.00    0.00    9.30    0.00    0.00    0.00   23.26
20:20:05       3    4.35    0.00   63.04    0.00    0.00   15.22    0.00    0.00    0.00   17.39

20:20:05     CPU    %usr   %nice    %sys %iowait    %irq   %soft  %steal  %guest  %gnice   %idle
20:20:06     all   24.20    1.86   53.72    0.00    0.00    9.84    0.00    0.00    0.00   10.37
20:20:06       0   21.43    2.04   55.10    0.00    0.00   17.35    0.00    0.00    0.00    4.08
20:20:06       1   15.46    1.03   58.76    0.00    0.00   16.49    0.00    0.00    0.00    8.25
20:20:06       2   26.37    2.20   51.65    0.00    0.00    2.20    0.00    0.00    0.00   17.58
20:20:06       3   34.44    2.22   48.89    0.00    0.00    2.22    0.00    0.00    0.00   12.22

20:20:06     CPU    %usr   %nice    %sys %iowait    %irq   %soft  %steal  %guest  %gnice   %idle
20:20:07     all    9.28    0.00   59.68    0.00    0.00   18.30    0.00    0.00    0.00   12.73
20:20:07       0   12.87    0.00   57.43    0.00    0.00   24.75    0.00    0.00    0.00    4.95
20:20:07       1    4.12    0.00   60.82    0.00    0.00   26.80    0.00    0.00    0.00    8.25
20:20:07       2   10.11    0.00   59.55    0.00    0.00    8.99    0.00    0.00    0.00   21.35
20:20:07       3   10.00    0.00   61.11    0.00    0.00   11.11    0.00    0.00    0.00   17.78

20:20:07     CPU    %usr   %nice    %sys %iowait    %irq   %soft  %steal  %guest  %gnice   %idle
20:20:08     all   24.74    0.00   49.47    0.00    0.00   17.37    0.00    0.00    0.00    8.42
20:20:08       0   11.34    0.00   57.73    0.00    0.00   24.74    0.00    0.00    0.00    6.19
20:20:08       1   16.33    0.00   53.06    0.00    0.00   25.51    0.00    0.00    0.00    5.10
20:20:08       2   29.03    0.00   48.39    0.00    0.00    9.68    0.00    0.00    0.00   12.90
20:20:08       3   43.48    0.00   38.04    0.00    0.00    8.70    0.00    0.00    0.00    9.78

20:20:08     CPU    %usr   %nice    %sys %iowait    %irq   %soft  %steal  %guest  %gnice   %idle
20:20:09     all    6.15    0.00   60.16    0.27    0.00   21.12    0.00    0.00    0.00   12.30
20:20:09       0    5.15    0.00   61.86    0.00    0.00   24.74    0.00    0.00    0.00    8.25
20:20:09       1    4.12    0.00   61.86    0.00    0.00   25.77    0.00    0.00    0.00    8.25
20:20:09       2    4.40    0.00   57.14    1.10    0.00   20.88    0.00    0.00    0.00   16.48
20:20:09       3   11.24    0.00   59.55    0.00    0.00   12.36    0.00    0.00    0.00   16.85

20:20:09     CPU    %usr   %nice    %sys %iowait    %irq   %soft  %steal  %guest  %gnice   %idle
20:20:10     all    8.75    0.00   58.89    0.00    0.00   20.95    0.00    0.00    0.00   11.41
20:20:10       0    4.04    0.00   65.66    0.00    0.00   26.26    0.00    0.00    0.00    4.04
20:20:10       1   10.31    0.00   56.70    0.00    0.00   22.68    0.00    0.00    0.00   10.31
20:20:10       2   13.79    0.00   58.62    0.00    0.00    8.05    0.00    0.00    0.00   19.54
20:20:10       3    7.45    0.00   54.26    0.00    0.00   25.53    0.00    0.00    0.00   12.77

20:20:10     CPU    %usr   %nice    %sys %iowait    %irq   %soft  %steal  %guest  %gnice   %idle
20:20:11     all    4.24    0.00   62.60    0.00    0.00   20.95    0.00    0.00    0.00   12.20
20:20:11       0    7.00    0.00   67.00    0.00    0.00   23.00    0.00    0.00    0.00    3.00
20:20:11       1    0.00    0.00   58.76    0.00    0.00   36.08    0.00    0.00    0.00    5.15
20:20:11       2    4.40    0.00   65.93    0.00    0.00    9.89    0.00    0.00    0.00   19.78
20:20:11       3    5.62    0.00   58.43    0.00    0.00   13.48    0.00    0.00    0.00   22.47

20:20:11     CPU    %usr   %nice    %sys %iowait    %irq   %soft  %steal  %guest  %gnice   %idle
20:20:12     all    7.16    0.00   60.48    0.00    0.00   19.89    0.00    0.00    0.00   12.47
20:20:12       0    4.12    0.00   64.95    0.00    0.00   24.74    0.00    0.00    0.00    6.19
20:20:12       1    4.17    0.00   59.38    0.00    0.00   27.08    0.00    0.00    0.00    9.38
20:20:12       2   13.98    0.00   55.91    0.00    0.00   10.75    0.00    0.00    0.00   19.35
20:20:12       3    6.59    0.00   61.54    0.00    0.00   16.48    0.00    0.00    0.00   15.38

20:20:12     CPU    %usr   %nice    %sys %iowait    %irq   %soft  %steal  %guest  %gnice   %idle
20:20:13     all    6.13    0.00   60.00    0.00    0.00   21.07    0.00    0.00    0.00   12.80
20:20:13       0    5.10    0.00   58.16    0.00    0.00   30.61    0.00    0.00    0.00    6.12
20:20:13       1    3.03    0.00   62.63    0.00    0.00   26.26    0.00    0.00    0.00    8.08
20:20:13       2    7.95    0.00   56.82    0.00    0.00   12.50    0.00    0.00    0.00   22.73
20:20:13       3    8.89    0.00   62.22    0.00    0.00   13.33    0.00    0.00    0.00   15.56

20:20:13     CPU    %usr   %nice    %sys %iowait    %irq   %soft  %steal  %guest  %gnice   %idle
20:20:14     all    4.52    0.00   63.56    0.00    0.00   20.21    0.00    0.00    0.00   11.70
20:20:14       0    2.00    0.00   71.00    0.00    0.00   24.00    0.00    0.00    0.00    3.00
20:20:14       1    3.12    0.00   59.38    0.00    0.00   31.25    0.00    0.00    0.00    6.25
20:20:14       2    6.67    0.00   66.67    0.00    0.00    6.67    0.00    0.00    0.00   20.00
20:20:14       3    6.67    0.00   56.67    0.00    0.00   17.78    0.00    0.00    0.00   18.89

20:20:14     CPU    %usr   %nice    %sys %iowait    %irq   %soft  %steal  %guest  %gnice   %idle
20:20:15     all   10.11    0.00   59.04    0.00    0.00   19.95    0.00    0.00    0.00   10.90
20:20:15       0   14.29    0.00   58.16    0.00    0.00   23.47    0.00    0.00    0.00    4.08
20:20:15       1    9.18    0.00   59.18    0.00    0.00   27.55    0.00    0.00    0.00    4.08
20:20:15       2    8.89    0.00   58.89    0.00    0.00   13.33    0.00    0.00    0.00   18.89
20:20:15       3    7.78    0.00   60.00    0.00    0.00   14.44    0.00    0.00    0.00   17.78

20:20:15     CPU    %usr   %nice    %sys %iowait    %irq   %soft  %steal  %guest  %gnice   %idle
20:20:16     all   22.86    0.00   50.39    0.00    0.00   17.40    0.00    0.00    0.00    9.35
20:20:16       0   25.77    0.00   47.42    0.00    0.00   20.62    0.00    0.00    0.00    6.19
20:20:16       1   25.51    0.00   52.04    0.00    0.00   17.35    0.00    0.00    0.00    5.10
20:20:16       2   19.79    0.00   50.00    0.00    0.00   15.62    0.00    0.00    0.00   14.58
20:20:16       3   20.21    0.00   52.13    0.00    0.00   15.96    0.00    0.00    0.00   11.70

20:20:16     CPU    %usr   %nice    %sys %iowait    %irq   %soft  %steal  %guest  %gnice   %idle
20:20:17     all    5.11    1.34   66.13    0.00    0.00   16.67    0.00    0.00    0.00   10.75
20:20:17       0    3.03    1.01   67.68    0.00    0.00   24.24    0.00    0.00    0.00    4.04
20:20:17       1    3.03    0.00   66.67    0.00    0.00   26.26    0.00    0.00    0.00    4.04
20:20:17       2    7.95    3.41   63.64    0.00    0.00    6.82    0.00    0.00    0.00   18.18
20:20:17       3    6.98    1.16   66.28    0.00    0.00    6.98    0.00    0.00    0.00   18.60

20:20:17     CPU    %usr   %nice    %sys %iowait    %irq   %soft  %steal  %guest  %gnice   %idle
20:20:18     all   11.17    0.00   63.83    0.00    0.00   13.56    0.00    0.00    0.00   11.44
20:20:18       0    7.07    0.00   68.69    0.00    0.00   19.19    0.00    0.00    0.00    5.05
20:20:18       1    9.09    0.00   61.62    0.00    0.00   21.21    0.00    0.00    0.00    8.08
20:20:18       2   14.61    0.00   60.67    0.00    0.00    5.62    0.00    0.00    0.00   19.10
20:20:18       3   14.61    0.00   64.04    0.00    0.00    6.74    0.00    0.00    0.00   14.61
