Linux 7.0.0-31-generic (ubuntu) 	09/09/26 	_aarch64_	(4 CPU)

20:20:21     CPU    %usr   %nice    %sys %iowait    %irq   %soft  %steal  %guest  %gnice   %idle
20:20:22     all    7.29    0.00   66.41    0.00    0.00   14.84    0.00    0.00    0.00   11.46
20:20:22       0    7.07    0.00   69.70    0.00    0.00   19.19    0.00    0.00    0.00    4.04
20:20:22       1    4.12    0.00   62.89    0.00    0.00   20.62    0.00    0.00    0.00   12.37
20:20:22       2   10.64    0.00   65.96    0.00    0.00    6.38    0.00    0.00    0.00   17.02
20:20:22       3    7.45    0.00   67.02    0.00    0.00   12.77    0.00    0.00    0.00   12.77

20:20:22     CPU    %usr   %nice    %sys %iowait    %irq   %soft  %steal  %guest  %gnice   %idle
20:20:23     all    2.66    0.00   67.82    0.00    0.00   17.29    0.00    0.00    0.00   12.23
20:20:23       0    2.02    0.00   68.69    0.00    0.00   24.24    0.00    0.00    0.00    5.05
20:20:23       1    0.00    0.00   66.67    0.00    0.00   26.26    0.00    0.00    0.00    7.07
20:20:23       2    4.49    0.00   67.42    0.00    0.00    7.87    0.00    0.00    0.00   20.22
20:20:23       3    4.49    0.00   68.54    0.00    0.00    8.99    0.00    0.00    0.00   17.98

20:20:23     CPU    %usr   %nice    %sys %iowait    %irq   %soft  %steal  %guest  %gnice   %idle
20:20:24     all    9.26    0.00   64.81    0.00    0.00   14.55    0.00    0.00    0.00   11.38
20:20:24       0    7.22    0.00   63.92    0.00    0.00   20.62    0.00    0.00    0.00    8.25
20:20:24       1   10.20    0.00   61.22    0.00    0.00   18.37    0.00    0.00    0.00   10.20
20:20:24       2   12.22    0.00   64.44    0.00    0.00    6.67    0.00    0.00    0.00   16.67
20:20:24       3    7.53    0.00   69.89    0.00    0.00   11.83    0.00    0.00    0.00   10.75

20:20:24     CPU    %usr   %nice    %sys %iowait    %irq   %soft  %steal  %guest  %gnice   %idle
20:20:25     all    6.63    0.00   66.31    0.00    0.00   15.65    0.00    0.00    0.00   11.41
20:20:25       0    4.04    0.00   69.70    0.00    0.00   21.21    0.00    0.00    0.00    5.05
20:20:25       1    7.22    0.00   59.79    0.00    0.00   21.65    0.00    0.00    0.00   11.34
20:20:25       2    7.69    0.00   69.23    0.00    0.00    7.69    0.00    0.00    0.00   15.38
20:20:25       3    7.78    0.00   66.67    0.00    0.00   11.11    0.00    0.00    0.00   14.44

20:20:25     CPU    %usr   %nice    %sys %iowait    %irq   %soft  %steal  %guest  %gnice   %idle
20:20:26     all    5.53    0.00   67.11    0.00    0.00   16.05    0.00    0.00    0.00   11.32
20:20:26       0    6.06    0.00   67.68    0.00    0.00   22.22    0.00    0.00    0.00    4.04
20:20:26       1    4.12    0.00   61.86    0.00    0.00   24.74    0.00    0.00    0.00    9.28
20:20:26       2    4.35    0.00   71.74    0.00    0.00    6.52    0.00    0.00    0.00   17.39
20:20:26       3    7.61    0.00   67.39    0.00    0.00    9.78    0.00    0.00    0.00   15.22

20:20:26     CPU    %usr   %nice    %sys %iowait    %irq   %soft  %steal  %guest  %gnice   %idle
20:20:27     all    3.72    0.00   70.21    0.00    0.00   15.43    0.00    0.00    0.00   10.64
20:20:27       0    2.02    0.00   71.72    0.00    0.00   22.22    0.00    0.00    0.00    4.04
20:20:27       1    6.12    0.00   65.31    0.00    0.00   18.37    0.00    0.00    0.00   10.20
20:20:27       2    3.53    0.00   69.41    0.00    0.00    7.06    0.00    0.00    0.00   20.00
20:20:27       3    3.19    0.00   74.47    0.00    0.00   12.77    0.00    0.00    0.00    9.57

20:20:27     CPU    %usr   %nice    %sys %iowait    %irq   %soft  %steal  %guest  %gnice   %idle
20:20:28     all    4.00    0.53   68.80    0.00    0.00   15.73    0.00    0.00    0.00   10.93
20:20:28       0    5.00    0.00   66.00    0.00    0.00   23.00    0.00    0.00    0.00    6.00
20:20:28       1    2.00    0.00   69.00    0.00    0.00   23.00    0.00    0.00    0.00    6.00
20:20:28       2    5.62    1.12   67.42    0.00    0.00    8.99    0.00    0.00    0.00   16.85
20:20:28       3    3.49    1.16   73.26    0.00    0.00    5.81    0.00    0.00    0.00   16.28

20:20:28     CPU    %usr   %nice    %sys %iowait    %irq   %soft  %steal  %guest  %gnice   %idle
20:20:29     all    6.22    0.27   68.38    0.00    0.00   14.59    0.00    0.00    0.00   10.54
20:20:29       0    2.04    1.02   68.37    0.00    0.00   24.49    0.00    0.00    0.00    4.08
20:20:29       1    3.03    0.00   71.72    0.00    0.00   23.23    0.00    0.00    0.00    2.02
20:20:29       2   11.49    0.00   65.52    0.00    0.00    4.60    0.00    0.00    0.00   18.39
20:20:29       3    9.30    0.00   67.44    0.00    0.00    3.49    0.00    0.00    0.00   19.77

20:20:29     CPU    %usr   %nice    %sys %iowait    %irq   %soft  %steal  %guest  %gnice   %idle
20:20:30     all    8.00    0.00   65.33    0.00    0.00   17.60    0.00    0.00    0.00    9.07
20:20:30       0   10.20    0.00   62.24    0.00    0.00   22.45    0.00    0.00    0.00    5.10
20:20:30       1    3.09    0.00   65.98    0.00    0.00   24.74    0.00    0.00    0.00    6.19
20:20:30       2   14.61    0.00   62.92    0.00    0.00    8.99    0.00    0.00    0.00   13.48
20:20:30       3    4.40    0.00   70.33    0.00    0.00   13.19    0.00    0.00    0.00   12.09

20:20:30     CPU    %usr   %nice    %sys %iowait    %irq   %soft  %steal  %guest  %gnice   %idle
20:20:31     all    4.55    0.00   67.91    0.00    0.00   16.84    0.00    0.00    0.00   10.70
20:20:31       0    2.06    0.00   71.13    0.00    0.00   21.65    0.00    0.00    0.00    5.15
20:20:31       1    4.12    0.00   65.98    0.00    0.00   21.65    0.00    0.00    0.00    8.25
20:20:31       2    8.99    0.00   67.42    0.00    0.00    7.87    0.00    0.00    0.00   15.73
20:20:31       3    3.30    0.00   67.03    0.00    0.00   15.38    0.00    0.00    0.00   14.29

20:20:31     CPU    %usr   %nice    %sys %iowait    %irq   %soft  %steal  %guest  %gnice   %idle
20:20:32     all    3.46    0.00   69.68    0.00    0.00   16.76    0.00    0.00    0.00   10.11
20:20:32       0    3.06    0.00   67.35    0.00    0.00   23.47    0.00    0.00    0.00    6.12
20:20:32       1    2.02    0.00   70.71    0.00    0.00   24.24    0.00    0.00    0.00    3.03
20:20:32       2    4.44    0.00   67.78    0.00    0.00   11.11    0.00    0.00    0.00   16.67
20:20:32       3    4.49    0.00   73.03    0.00    0.00    6.74    0.00    0.00    0.00   15.73

20:20:32     CPU    %usr   %nice    %sys %iowait    %irq   %soft  %steal  %guest  %gnice   %idle
20:20:33     all    3.49    0.00   67.56    0.00    0.00   17.16    0.00    0.00    0.00   11.80
20:20:33       0    3.00    0.00   70.00    0.00    0.00   24.00    0.00    0.00    0.00    3.00
20:20:33       1    4.21    0.00   63.16    0.00    0.00   18.95    0.00    0.00    0.00   13.68
20:20:33       2    3.53    0.00   69.41    0.00    0.00    7.06    0.00    0.00    0.00   20.00
20:20:33       3    3.23    0.00   67.74    0.00    0.00   17.20    0.00    0.00    0.00   11.83

20:20:33     CPU    %usr   %nice    %sys %iowait    %irq   %soft  %steal  %guest  %gnice   %idle
20:20:34     all    2.90    0.00   68.60    0.00    0.00   17.15    0.00    0.00    0.00   11.35
20:20:34       0    1.01    0.00   71.72    0.00    0.00   23.23    0.00    0.00    0.00    4.04
20:20:34       1    2.04    0.00   66.33    0.00    0.00   25.51    0.00    0.00    0.00    6.12
20:20:34       2    2.22    0.00   71.11    0.00    0.00    6.67    0.00    0.00    0.00   20.00
20:20:34       3    6.52    0.00   65.22    0.00    0.00   11.96    0.00    0.00    0.00   16.30

20:20:34     CPU    %usr   %nice    %sys %iowait    %irq   %soft  %steal  %guest  %gnice   %idle
20:20:35     all    4.00    0.00   68.00    0.00    0.00   16.27    0.00    0.00    0.00   11.73
20:20:35       0    2.08    0.00   69.79    0.00    0.00   20.83    0.00    0.00    0.00    7.29
20:20:35       1    2.02    0.00   70.71    0.00    0.00   22.22    0.00    0.00    0.00    5.05
20:20:35       2    6.45    0.00   66.67    0.00    0.00   11.83    0.00    0.00    0.00   15.05
20:20:35       3    5.75    0.00   64.37    0.00    0.00    9.20    0.00    0.00    0.00   20.69

20:20:35     CPU    %usr   %nice    %sys %iowait    %irq   %soft  %steal  %guest  %gnice   %idle
20:20:36     all    4.26    0.00   67.29    0.00    0.00   17.02    0.00    0.00    0.00   11.44
20:20:36       0    2.00    0.00   69.00    0.00    0.00   24.00    0.00    0.00    0.00    5.00
20:20:36       1    4.12    0.00   63.92    0.00    0.00   25.77    0.00    0.00    0.00    6.19
20:20:36       2    4.55    0.00   70.45    0.00    0.00    6.82    0.00    0.00    0.00   18.18
20:20:36       3    6.59    0.00   65.93    0.00    0.00    9.89    0.00    0.00    0.00   17.58

20:20:36     CPU    %usr   %nice    %sys %iowait    %irq   %soft  %steal  %guest  %gnice   %idle
20:20:37     all    3.23    0.00   67.92    0.27    0.00   18.33    0.00    0.00    0.00   10.24
20:20:37       0    2.06    0.00   71.13    0.00    0.00   22.68    0.00    0.00    0.00    4.12
20:20:37       1    3.16    0.00   65.26    1.05    0.00   23.16    0.00    0.00    0.00    7.37
20:20:37       2    3.37    0.00   67.42    0.00    0.00   12.36    0.00    0.00    0.00   16.85
20:20:37       3    4.44    0.00   67.78    0.00    0.00   14.44    0.00    0.00    0.00   13.33

20:20:37     CPU    %usr   %nice    %sys %iowait    %irq   %soft  %steal  %guest  %gnice   %idle
20:20:38     all    4.83    0.00   66.49    0.00    0.00   17.96    0.00    0.00    0.00   10.72
20:20:38       0    1.98    0.00   71.29    0.00    0.00   24.75    0.00    0.00    0.00    1.98
20:20:38       1    4.17    0.00   63.54    0.00    0.00   23.96    0.00    0.00    0.00    8.33
20:20:38       2    2.33    0.00   69.77    0.00    0.00    5.81    0.00    0.00    0.00   22.09
20:20:38       3   11.11    0.00   61.11    0.00    0.00   15.56    0.00    0.00    0.00   12.22

20:20:38     CPU    %usr   %nice    %sys %iowait    %irq   %soft  %steal  %guest  %gnice   %idle
20:20:39     all   28.91    0.26   50.00    0.00    0.00   13.80    0.00    0.00    0.00    7.03
20:20:39       0   22.45    0.00   51.02    0.00    0.00   18.37    0.00    0.00    0.00    8.16
20:20:39       1   29.17    0.00   50.00    0.00    0.00   16.67    0.00    0.00    0.00    4.17
20:20:39       2   22.92    1.04   56.25    0.00    0.00   12.50    0.00    0.00    0.00    7.29
20:20:39       3   41.49    0.00   42.55    0.00    0.00    7.45    0.00    0.00    0.00    8.51
