Linux 7.0.0-31-generic (ubuntu) 	09/09/26 	_aarch64_	(4 CPU)

20:20:41     CPU    %usr   %nice    %sys %iowait    %irq   %soft  %steal  %guest  %gnice   %idle
20:20:42     all    7.20    0.00   57.07    0.00    0.00   27.51    0.00    0.00    0.00    8.23
20:20:42       0    8.16    0.00   58.16    0.00    0.00   28.57    0.00    0.00    0.00    5.10
20:20:42       1    4.08    0.00   58.16    0.00    0.00   31.63    0.00    0.00    0.00    6.12
20:20:42       2   10.31    0.00   54.64    0.00    0.00   22.68    0.00    0.00    0.00   12.37
20:20:42       3    6.25    0.00   57.29    0.00    0.00   27.08    0.00    0.00    0.00    9.38

20:20:42     CPU    %usr   %nice    %sys %iowait    %irq   %soft  %steal  %guest  %gnice   %idle
20:20:43     all    7.31    0.00   55.61    0.00    0.00   26.11    0.00    0.00    0.00   10.97
20:20:43       0    6.12    0.00   60.20    0.00    0.00   26.53    0.00    0.00    0.00    7.14
20:20:43       1    8.16    0.00   55.10    0.00    0.00   28.57    0.00    0.00    0.00    8.16
20:20:43       2    7.78    0.00   55.56    0.00    0.00   16.67    0.00    0.00    0.00   20.00
20:20:43       3    7.22    0.00   51.55    0.00    0.00   31.96    0.00    0.00    0.00    9.28

20:20:43     CPU    %usr   %nice    %sys %iowait    %irq   %soft  %steal  %guest  %gnice   %idle
20:20:44     all    2.87    0.00   59.53    0.00    0.00   28.98    0.00    0.00    0.00    8.62
20:20:44       0    2.97    0.00   63.37    0.00    0.00   28.71    0.00    0.00    0.00    4.95
20:20:44       1    1.04    0.00   57.29    0.00    0.00   34.38    0.00    0.00    0.00    7.29
20:20:44       2    5.62    0.00   62.92    0.00    0.00   14.61    0.00    0.00    0.00   16.85
20:20:44       3    2.06    0.00   54.64    0.00    0.00   37.11    0.00    0.00    0.00    6.19

20:20:44     CPU    %usr   %nice    %sys %iowait    %irq   %soft  %steal  %guest  %gnice   %idle
20:20:45     all   10.74    0.00   53.45    0.00    0.00   27.11    0.00    0.00    0.00    8.70
20:20:45       0   11.11    0.00   59.60    0.00    0.00   24.24    0.00    0.00    0.00    5.05
20:20:45       1    6.00    0.00   53.00    0.00    0.00   34.00    0.00    0.00    0.00    7.00
20:20:45       2   18.48    0.00   52.17    0.00    0.00   13.04    0.00    0.00    0.00   16.30
20:20:45       3    8.00    0.00   49.00    0.00    0.00   36.00    0.00    0.00    0.00    7.00

20:20:45     CPU    %usr   %nice    %sys %iowait    %irq   %soft  %steal  %guest  %gnice   %idle
20:20:46     all   12.24    0.00   52.60    0.00    0.00   26.30    0.00    0.00    0.00    8.85
20:20:46       0   14.43    0.00   54.64    0.00    0.00   22.68    0.00    0.00    0.00    8.25
20:20:46       1   12.37    0.00   53.61    0.00    0.00   25.77    0.00    0.00    0.00    8.25
20:20:46       2    5.43    0.00   55.43    0.00    0.00   26.09    0.00    0.00    0.00   13.04
20:20:46       3   16.33    0.00   46.94    0.00    0.00   30.61    0.00    0.00    0.00    6.12

20:20:46     CPU    %usr   %nice    %sys %iowait    %irq   %soft  %steal  %guest  %gnice   %idle
20:20:47     all   15.42    0.00   50.90    0.00    0.00   26.99    0.00    0.00    0.00    6.68
20:20:47       0    7.22    0.00   57.73    0.00    0.00   28.87    0.00    0.00    0.00    6.19
20:20:47       1   23.23    0.00   48.48    0.00    0.00   23.23    0.00    0.00    0.00    5.05
20:20:47       2    6.12    0.00   53.06    0.00    0.00   30.61    0.00    0.00    0.00   10.20
20:20:47       3   25.26    0.00   44.21    0.00    0.00   25.26    0.00    0.00    0.00    5.26

20:20:47     CPU    %usr   %nice    %sys %iowait    %irq   %soft  %steal  %guest  %gnice   %idle
20:20:48     all   11.14    0.00   52.85    0.00    0.00   29.02    0.00    0.00    0.00    6.99
20:20:48       0   11.00    0.00   53.00    0.00    0.00   32.00    0.00    0.00    0.00    4.00
20:20:48       1    9.28    0.00   58.76    0.00    0.00   26.80    0.00    0.00    0.00    5.15
20:20:48       2   11.58    0.00   46.32    0.00    0.00   32.63    0.00    0.00    0.00    9.47
20:20:48       3   12.77    0.00   53.19    0.00    0.00   24.47    0.00    0.00    0.00    9.57

20:20:48     CPU    %usr   %nice    %sys %iowait    %irq   %soft  %steal  %guest  %gnice   %idle
20:20:49     all   12.11    0.26   53.09    0.00    0.00   26.55    0.00    0.00    0.00    7.99
20:20:49       0    8.08    1.01   56.57    0.00    0.00   30.30    0.00    0.00    0.00    4.04
20:20:49       1   11.22    0.00   54.08    0.00    0.00   27.55    0.00    0.00    0.00    7.14
20:20:49       2   12.50    0.00   51.04    0.00    0.00   26.04    0.00    0.00    0.00   10.42
20:20:49       3   16.84    0.00   50.53    0.00    0.00   22.11    0.00    0.00    0.00   10.53

20:20:49     CPU    %usr   %nice    %sys %iowait    %irq   %soft  %steal  %guest  %gnice   %idle
20:20:50     all    3.14    0.00   59.69    0.00    0.00   28.27    0.00    0.00    0.00    8.90
20:20:50       0    3.00    0.00   61.00    0.00    0.00   32.00    0.00    0.00    0.00    4.00
20:20:50       1    2.04    0.00   62.24    0.00    0.00   31.63    0.00    0.00    0.00    4.08
20:20:50       2    3.23    0.00   56.99    0.00    0.00   26.88    0.00    0.00    0.00   12.90
20:20:50       3    4.40    0.00   58.24    0.00    0.00   21.98    0.00    0.00    0.00   15.38

20:20:50     CPU    %usr   %nice    %sys %iowait    %irq   %soft  %steal  %guest  %gnice   %idle
20:20:51     all    4.84    1.08   71.24    0.00    0.00   13.17    0.00    0.00    0.00    9.68
20:20:51       0    1.03    0.00   73.20    0.00    0.00   22.68    0.00    0.00    0.00    3.09
20:20:51       1    5.00    1.00   72.00    0.00    0.00   19.00    0.00    0.00    0.00    3.00
20:20:51       2    6.90    2.30   70.11    0.00    0.00    3.45    0.00    0.00    0.00   17.24
20:20:51       3    6.82    1.14   69.32    0.00    0.00    5.68    0.00    0.00    0.00   17.05

20:20:51     CPU    %usr   %nice    %sys %iowait    %irq   %soft  %steal  %guest  %gnice   %idle
20:20:52     all   19.79    0.00   55.47    0.00    0.00   16.93    0.00    0.00    0.00    7.81
20:20:52       0   23.00    0.00   54.00    0.00    0.00   16.00    0.00    0.00    0.00    7.00
20:20:52       1   16.84    0.00   56.84    0.00    0.00   18.95    0.00    0.00    0.00    7.37
20:20:52       2   10.64    0.00   60.64    0.00    0.00   19.15    0.00    0.00    0.00    9.57
20:20:52       3   28.42    0.00   50.53    0.00    0.00   13.68    0.00    0.00    0.00    7.37

20:20:52     CPU    %usr   %nice    %sys %iowait    %irq   %soft  %steal  %guest  %gnice   %idle
20:20:53     all    6.49    0.00   65.45    0.00    0.00   17.92    0.00    0.00    0.00   10.13
20:20:53       0    7.14    0.00   68.37    0.00    0.00   21.43    0.00    0.00    0.00    3.06
20:20:53       1    8.16    0.00   64.29    0.00    0.00   14.29    0.00    0.00    0.00   13.27
20:20:53       2    7.69    0.00   64.84    0.00    0.00    7.69    0.00    0.00    0.00   19.78
20:20:53       3    3.06    0.00   64.29    0.00    0.00   27.55    0.00    0.00    0.00    5.10

20:20:53     CPU    %usr   %nice    %sys %iowait    %irq   %soft  %steal  %guest  %gnice   %idle
20:20:54     all    4.79    0.00   65.43    0.00    0.00   18.88    0.00    0.00    0.00   10.90
20:20:54       0    6.12    0.00   65.31    0.00    0.00   22.45    0.00    0.00    0.00    6.12
20:20:54       1    3.16    0.00   62.11    0.00    0.00   23.16    0.00    0.00    0.00   11.58
20:20:54       2    4.35    0.00   69.57    0.00    0.00   13.04    0.00    0.00    0.00   13.04
20:20:54       3    5.49    0.00   64.84    0.00    0.00   16.48    0.00    0.00    0.00   13.19

20:20:54     CPU    %usr   %nice    %sys %iowait    %irq   %soft  %steal  %guest  %gnice   %idle
20:20:55     all    8.29    0.00   60.96    0.00    0.00   19.25    0.00    0.00    0.00   11.50
20:20:55       0    4.12    0.00   63.92    0.00    0.00   25.77    0.00    0.00    0.00    6.19
20:20:55       1    9.18    0.00   64.29    0.00    0.00   19.39    0.00    0.00    0.00    7.14
20:20:55       2   13.64    0.00   54.55    0.00    0.00   11.36    0.00    0.00    0.00   20.45
20:20:55       3    6.59    0.00   60.44    0.00    0.00   19.78    0.00    0.00    0.00   13.19

20:20:55     CPU    %usr   %nice    %sys %iowait    %irq   %soft  %steal  %guest  %gnice   %idle
20:20:56     all    7.71    0.00   62.77    0.00    0.00   20.21    0.00    0.00    0.00    9.31
20:20:56       0    6.06    0.00   63.64    0.00    0.00   22.22    0.00    0.00    0.00    8.08
20:20:56       1    8.60    0.00   68.82    0.00    0.00   15.05    0.00    0.00    0.00    7.53
20:20:56       2   12.36    0.00   58.43    0.00    0.00   13.48    0.00    0.00    0.00   15.73
20:20:56       3    4.21    0.00   60.00    0.00    0.00   29.47    0.00    0.00    0.00    6.32

20:20:56     CPU    %usr   %nice    %sys %iowait    %irq   %soft  %steal  %guest  %gnice   %idle
20:20:57     all    6.04    0.00   65.09    0.00    0.00   18.37    0.00    0.00    0.00   10.50
20:20:57       0    5.15    0.00   63.92    0.00    0.00   19.59    0.00    0.00    0.00   11.34
20:20:57       1    4.21    0.00   70.53    0.00    0.00   17.89    0.00    0.00    0.00    7.37
20:20:57       2   11.96    0.00   57.61    0.00    0.00   14.13    0.00    0.00    0.00   16.30
20:20:57       3    3.09    0.00   68.04    0.00    0.00   21.65    0.00    0.00    0.00    7.22

20:20:57     CPU    %usr   %nice    %sys %iowait    %irq   %soft  %steal  %guest  %gnice   %idle
20:20:58     all   29.77    0.00   49.09    0.00    0.00   14.36    0.00    0.00    0.00    6.79
20:20:58       0   23.47    0.00   51.02    0.00    0.00   20.41    0.00    0.00    0.00    5.10
20:20:58       1   20.83    0.00   56.25    0.00    0.00   15.62    0.00    0.00    0.00    7.29
20:20:58       2   35.87    0.00   47.83    0.00    0.00    3.26    0.00    0.00    0.00   13.04
20:20:58       3   39.18    0.00   41.24    0.00    0.00   17.53    0.00    0.00    0.00    2.06

20:20:58     CPU    %usr   %nice    %sys %iowait    %irq   %soft  %steal  %guest  %gnice   %idle
20:20:59     all   19.17    0.00   56.74    0.00    0.00   16.84    0.00    0.00    0.00    7.25
20:20:59       0   19.19    0.00   56.57    0.00    0.00   18.18    0.00    0.00    0.00    6.06
20:20:59       1   19.79    0.00   61.46    0.00    0.00   11.46    0.00    0.00    0.00    7.29
20:20:59       2   34.78    0.00   46.74    0.00    0.00    3.26    0.00    0.00    0.00   15.22
20:20:59       3    4.04    0.00   61.62    0.00    0.00   33.33    0.00    0.00    0.00    1.01
