Linux 7.0.0-31-generic (ubuntu) 	09/10/26 	_aarch64_	(4 CPU)

23:22:17     CPU    %usr   %nice    %sys %iowait    %irq   %soft  %steal  %guest  %gnice   %idle
23:22:18     all    1.76    0.00    0.25    0.00    0.00    0.00    0.00    0.00    0.00   97.98
23:22:18       0    3.00    0.00    0.00    0.00    0.00    0.00    0.00    0.00    0.00   97.00
23:22:18       1    1.01    0.00    1.01    0.00    0.00    0.00    0.00    0.00    0.00   97.98
23:22:18       2    2.02    0.00    0.00    0.00    0.00    0.00    0.00    0.00    0.00   97.98
23:22:18       3    1.01    0.00    0.00    0.00    0.00    0.00    0.00    0.00    0.00   98.99

23:22:18     CPU    %usr   %nice    %sys %iowait    %irq   %soft  %steal  %guest  %gnice   %idle
23:22:19     all    1.02    0.00    0.51    0.00    0.00    0.00    0.00    0.00    0.00   98.47
23:22:19       0    0.00    0.00    0.00    0.00    0.00    0.00    0.00    0.00    0.00  100.00
23:22:19       1    2.04    0.00    0.00    0.00    0.00    0.00    0.00    0.00    0.00   97.96
23:22:19       2    1.01    0.00    0.00    0.00    0.00    0.00    0.00    0.00    0.00   98.99
23:22:19       3    1.01    0.00    2.02    0.00    0.00    0.00    0.00    0.00    0.00   96.97

23:22:19     CPU    %usr   %nice    %sys %iowait    %irq   %soft  %steal  %guest  %gnice   %idle
23:22:20     all    1.77    0.00    0.76    0.00    0.00    0.00    0.00    0.00    0.00   97.47
23:22:20       0    1.00    0.00    1.00    0.00    0.00    0.00    0.00    0.00    0.00   98.00
23:22:20       1    5.10    0.00    1.02    0.00    0.00    0.00    0.00    0.00    0.00   93.88
23:22:20       2    1.01    0.00    1.01    0.00    0.00    0.00    0.00    0.00    0.00   97.98
23:22:20       3    0.00    0.00    0.00    0.00    0.00    0.00    0.00    0.00    0.00  100.00

23:22:20     CPU    %usr   %nice    %sys %iowait    %irq   %soft  %steal  %guest  %gnice   %idle
23:22:21     all    1.26    0.00    0.76    0.00    0.00    0.00    0.00    0.00    0.00   97.98
23:22:21       0    0.00    0.00    0.00    0.00    0.00    0.00    0.00    0.00    0.00  100.00
23:22:21       1    3.03    0.00    1.01    0.00    0.00    0.00    0.00    0.00    0.00   95.96
23:22:21       2    1.01    0.00    1.01    0.00    0.00    0.00    0.00    0.00    0.00   97.98
23:22:21       3    1.00    0.00    1.00    0.00    0.00    0.00    0.00    0.00    0.00   98.00

23:22:21     CPU    %usr   %nice    %sys %iowait    %irq   %soft  %steal  %guest  %gnice   %idle
23:22:22     all   14.03    0.00    3.32    0.26    0.00    0.00    0.00    0.00    0.00   82.40
23:22:22       0   14.29    0.00    2.04    0.00    0.00    0.00    0.00    0.00    0.00   83.67
23:22:22       1   18.37    0.00    7.14    1.02    0.00    0.00    0.00    0.00    0.00   73.47
23:22:22       2    8.25    0.00    2.06    0.00    0.00    0.00    0.00    0.00    0.00   89.69
23:22:22       3   15.15    0.00    2.02    0.00    0.00    0.00    0.00    0.00    0.00   82.83

Average:     CPU    %usr   %nice    %sys %iowait    %irq   %soft  %steal  %guest  %gnice   %idle
Average:     all    3.95    0.00    1.12    0.05    0.00    0.00    0.00    0.00    0.00   94.88
Average:       0    3.65    0.00    0.61    0.00    0.00    0.00    0.00    0.00    0.00   95.74
Average:       1    5.89    0.00    2.03    0.20    0.00    0.00    0.00    0.00    0.00   91.87
Average:       2    2.64    0.00    0.81    0.00    0.00    0.00    0.00    0.00    0.00   96.55
Average:       3    3.64    0.00    1.01    0.00    0.00    0.00    0.00    0.00    0.00   95.35
