Linux 7.0.0-31-generic (ubuntu) 	09/10/26 	_aarch64_	(4 CPU)

23:25:43     CPU    %usr   %nice    %sys %iowait    %irq   %soft  %steal  %guest  %gnice   %idle
23:25:44     all    1.86    0.00   13.83    0.00    0.00   20.48    0.00    0.00    0.00   63.83
23:25:44       0    0.00    0.00   25.00    0.00    0.00   74.00    0.00    0.00    0.00    1.00
23:25:44       1    3.06    0.00    2.04    0.00    0.00    0.00    0.00    0.00    0.00   94.90
23:25:44       2    1.25    0.00   28.75    0.00    0.00    3.75    0.00    0.00    0.00   66.25
23:25:44       3    3.06    0.00    2.04    0.00    0.00    0.00    0.00    0.00    0.00   94.90

23:25:44     CPU    %usr   %nice    %sys %iowait    %irq   %soft  %steal  %guest  %gnice   %idle
23:25:45     all    1.60    0.00   12.77    0.00    0.00   20.48    0.00    0.00    0.00   65.16
23:25:45       0    0.99    0.00   24.75    0.00    0.00   74.26    0.00    0.00    0.00    0.00
23:25:45       1    2.04    0.00    1.02    0.00    0.00    0.00    0.00    0.00    0.00   96.94
23:25:45       2    2.53    0.00   26.58    0.00    0.00    2.53    0.00    0.00    0.00   68.35
23:25:45       3    1.02    0.00    1.02    0.00    0.00    0.00    0.00    0.00    0.00   97.96

23:25:45     CPU    %usr   %nice    %sys %iowait    %irq   %soft  %steal  %guest  %gnice   %idle
23:25:46     all    2.16    0.00   12.40    0.00    0.00   20.22    0.00    0.00    0.00   65.23
23:25:46       0    0.00    0.00   24.24    0.00    0.00   75.76    0.00    0.00    0.00    0.00
23:25:46       1    4.04    0.00    1.01    0.00    0.00    0.00    0.00    0.00    0.00   94.95
23:25:46       2    1.33    0.00   26.67    0.00    0.00    0.00    0.00    0.00    0.00   72.00
23:25:46       3    3.06    0.00    1.02    0.00    0.00    0.00    0.00    0.00    0.00   95.92

23:25:46     CPU    %usr   %nice    %sys %iowait    %irq   %soft  %steal  %guest  %gnice   %idle
23:25:47     all    2.41    0.00   12.57    0.00    0.00   20.86    0.00    0.00    0.00   64.17
23:25:47       0    0.99    0.00   23.76    0.00    0.00   75.25    0.00    0.00    0.00    0.00
23:25:47       1    3.06    0.00    2.04    0.00    0.00    0.00    0.00    0.00    0.00   94.90
23:25:47       2    1.32    0.00   25.00    0.00    0.00    2.63    0.00    0.00    0.00   71.05
23:25:47       3    4.04    0.00    2.02    0.00    0.00    0.00    0.00    0.00    0.00   93.94

23:25:47     CPU    %usr   %nice    %sys %iowait    %irq   %soft  %steal  %guest  %gnice   %idle
23:25:48     all    1.06    0.00   12.23    0.00    0.00   20.21    0.00    0.00    0.00   66.49
23:25:48       0    0.00    0.00   25.25    0.00    0.00   74.75    0.00    0.00    0.00    0.00
23:25:48       1    1.02    0.00    0.00    0.00    0.00    0.00    0.00    0.00    0.00   98.98
23:25:48       2    2.50    0.00   26.25    0.00    0.00    2.50    0.00    0.00    0.00   68.75
23:25:48       3    1.01    0.00    0.00    0.00    0.00    0.00    0.00    0.00    0.00   98.99

23:25:48     CPU    %usr   %nice    %sys %iowait    %irq   %soft  %steal  %guest  %gnice   %idle
23:25:49     all    0.80    0.00   12.83    0.00    0.00   20.59    0.00    0.00    0.00   65.78
23:25:49       0    0.00    0.00   25.00    0.00    0.00   75.00    0.00    0.00    0.00    0.00
23:25:49       1    2.04    0.00    0.00    0.00    0.00    0.00    0.00    0.00    0.00   97.96
23:25:49       2    0.00    0.00   28.21    0.00    0.00    2.56    0.00    0.00    0.00   69.23
23:25:49       3    1.02    0.00    1.02    0.00    0.00    0.00    0.00    0.00    0.00   97.96

23:25:49     CPU    %usr   %nice    %sys %iowait    %irq   %soft  %steal  %guest  %gnice   %idle
23:25:50     all    1.32    0.00   12.93    0.00    0.00   19.79    0.00    0.00    0.00   65.96
23:25:50       0    0.99    0.00   25.74    0.00    0.00   73.27    0.00    0.00    0.00    0.00
23:25:50       1    1.01    0.00    1.01    0.00    0.00    0.00    0.00    0.00    0.00   97.98
23:25:50       2    1.27    0.00   27.85    0.00    0.00    1.27    0.00    0.00    0.00   69.62
23:25:50       3    2.00    0.00    0.00    0.00    0.00    0.00    0.00    0.00    0.00   98.00

23:25:50     CPU    %usr   %nice    %sys %iowait    %irq   %soft  %steal  %guest  %gnice   %idle
23:25:51     all    1.07    0.00   12.06    0.00    0.00   20.38    0.00    0.00    0.00   66.49
23:25:51       0    0.00    0.00   25.25    0.00    0.00   74.75    0.00    0.00    0.00    0.00
23:25:51       1    2.04    0.00    0.00    0.00    0.00    0.00    0.00    0.00    0.00   97.96
23:25:51       2    1.30    0.00   24.68    0.00    0.00    2.60    0.00    0.00    0.00   71.43
23:25:51       3    1.01    0.00    1.01    0.00    0.00    0.00    0.00    0.00    0.00   97.98

23:25:51     CPU    %usr   %nice    %sys %iowait    %irq   %soft  %steal  %guest  %gnice   %idle
23:25:52     all    1.34    0.00   12.03    0.00    0.00   20.86    0.00    0.00    0.00   65.78
23:25:52       0    0.00    0.00   23.23    0.00    0.00   76.77    0.00    0.00    0.00    0.00
23:25:52       1    2.04    0.00    1.02    0.00    0.00    0.00    0.00    0.00    0.00   96.94
23:25:52       2    1.27    0.00   26.58    0.00    0.00    2.53    0.00    0.00    0.00   69.62
23:25:52       3    2.04    0.00    0.00    0.00    0.00    0.00    0.00    0.00    0.00   97.96

23:25:52     CPU    %usr   %nice    %sys %iowait    %irq   %soft  %steal  %guest  %gnice   %idle
23:25:53     all    1.33    0.00   12.00    0.00    0.00   20.53    0.00    0.00    0.00   66.13
23:25:53       0    0.99    0.00   23.76    0.00    0.00   75.25    0.00    0.00    0.00    0.00
23:25:53       1    2.04    0.00    0.00    0.00    0.00    0.00    0.00    0.00    0.00   97.96
23:25:53       2    1.30    0.00   25.97    0.00    0.00    1.30    0.00    0.00    0.00   71.43
23:25:53       3    1.01    0.00    1.01    0.00    0.00    0.00    0.00    0.00    0.00   97.98

23:25:53     CPU    %usr   %nice    %sys %iowait    %irq   %soft  %steal  %guest  %gnice   %idle
23:25:54     all    1.05    0.26   13.12    0.00    0.00   19.95    0.00    0.00    0.00   65.62
23:25:54       0    0.00    0.00   26.00    0.00    0.00   73.00    0.00    0.00    0.00    1.00
23:25:54       1    2.00    0.00    1.00    0.00    0.00    0.00    0.00    0.00    0.00   97.00
23:25:54       2    1.25    0.00   27.50    0.00    0.00    3.75    0.00    0.00    0.00   67.50
23:25:54       3    0.99    0.99    0.99    0.00    0.00    0.00    0.00    0.00    0.00   97.03

23:25:54     CPU    %usr   %nice    %sys %iowait    %irq   %soft  %steal  %guest  %gnice   %idle
23:25:55     all    1.60    0.00   12.23    0.00    0.00   20.21    0.00    0.00    0.00   65.96
23:25:55       0    0.99    0.00   25.74    0.00    0.00   73.27    0.00    0.00    0.00    0.00
23:25:55       1    2.04    0.00    0.00    0.00    0.00    0.00    0.00    0.00    0.00   97.96
23:25:55       2    1.28    0.00   25.64    0.00    0.00    2.56    0.00    0.00    0.00   70.51
23:25:55       3    2.02    0.00    0.00    0.00    0.00    0.00    0.00    0.00    0.00   97.98

23:25:55     CPU    %usr   %nice    %sys %iowait    %irq   %soft  %steal  %guest  %gnice   %idle
23:25:56     all    1.06    0.00   11.94    0.00    0.00   20.69    0.00    0.00    0.00   66.31
23:25:56       0    0.00    0.00   24.75    0.00    0.00   75.25    0.00    0.00    0.00    0.00
23:25:56       1    1.01    0.00    1.01    0.00    0.00    0.00    0.00    0.00    0.00   97.98
23:25:56       2    1.32    0.00   23.68    0.00    0.00    2.63    0.00    0.00    0.00   72.37
23:25:56       3    1.98    0.00    0.99    0.00    0.00    0.00    0.00    0.00    0.00   97.03

23:25:56     CPU    %usr   %nice    %sys %iowait    %irq   %soft  %steal  %guest  %gnice   %idle
23:25:57     all    0.27    0.00   11.97    0.27    0.00   20.21    0.00    0.00    0.00   67.29
23:25:57       0    0.00    0.00   25.25    0.00    0.00   74.75    0.00    0.00    0.00    0.00
23:25:57       1    1.01    0.00    0.00    0.00    0.00    0.00    0.00    0.00    0.00   98.99
23:25:57       2    0.00    0.00   25.64    0.00    0.00    2.56    0.00    0.00    0.00   71.79
23:25:57       3    0.00    0.00    0.00    1.00    0.00    0.00    0.00    0.00    0.00   99.00

23:25:57     CPU    %usr   %nice    %sys %iowait    %irq   %soft  %steal  %guest  %gnice   %idle
23:25:58     all    1.05    0.00   13.42    0.00    0.00   19.74    0.00    0.00    0.00   65.79
23:25:58       0    0.00    0.00   27.00    0.00    0.00   73.00    0.00    0.00    0.00    0.00
23:25:58       1    1.02    0.00    0.00    0.00    0.00    0.00    0.00    0.00    0.00   98.98
23:25:58       2    1.22    0.00   29.27    0.00    0.00    2.44    0.00    0.00    0.00   67.07
23:25:58       3    2.00    0.00    0.00    0.00    0.00    0.00    0.00    0.00    0.00   98.00

23:25:58     CPU    %usr   %nice    %sys %iowait    %irq   %soft  %steal  %guest  %gnice   %idle
23:25:59     all    1.59    0.00   12.70    0.00    0.00   19.84    0.00    0.00    0.00   65.87
23:25:59       0    1.00    0.00   25.00    0.00    0.00   74.00    0.00    0.00    0.00    0.00
23:25:59       1    2.02    0.00    0.00    0.00    0.00    0.00    0.00    0.00    0.00   97.98
23:25:59       2    2.50    0.00   27.50    0.00    0.00    1.25    0.00    0.00    0.00   68.75
23:25:59       3    1.01    0.00    1.01    0.00    0.00    0.00    0.00    0.00    0.00   97.98

23:25:59     CPU    %usr   %nice    %sys %iowait    %irq   %soft  %steal  %guest  %gnice   %idle
23:26:00     all    1.34    0.00   12.30    0.00    0.00   20.05    0.00    0.00    0.00   66.31
23:26:00       0    0.00    0.00   26.00    0.00    0.00   74.00    0.00    0.00    0.00    0.00
23:26:00       1    3.00    0.00    1.00    0.00    0.00    0.00    0.00    0.00    0.00   96.00
23:26:00       2    1.33    0.00   25.33    0.00    0.00    1.33    0.00    0.00    0.00   72.00
23:26:00       3    1.01    0.00    0.00    0.00    0.00    0.00    0.00    0.00    0.00   98.99

23:26:00     CPU    %usr   %nice    %sys %iowait    %irq   %soft  %steal  %guest  %gnice   %idle
23:26:01     all    0.79    0.00   11.11    0.00    0.00   20.90    0.00    0.00    0.00   67.20
23:26:01       0    1.00    0.00   22.00    0.00    0.00   77.00    0.00    0.00    0.00    0.00
23:26:01       1    0.00    0.00    0.00    0.00    0.00    0.00    0.00    0.00    0.00  100.00
23:26:01       2    1.27    0.00   25.32    0.00    0.00    2.53    0.00    0.00    0.00   70.89
23:26:01       3    1.00    0.00    0.00    0.00    0.00    0.00    0.00    0.00    0.00   99.00
