Linux 7.0.0-31-generic (ubuntu) 	09/10/26 	_aarch64_	(4 CPU)

23:23:42     CPU    %usr   %nice    %sys %iowait    %irq   %soft  %steal  %guest  %gnice   %idle
23:23:43     all    0.52    0.52    8.09    0.00    0.00   19.06    0.00    0.00    0.00   71.80
23:23:43       0    1.00    0.00   16.00    0.00    0.00   27.00    0.00    0.00    0.00   56.00
23:23:43       1    0.00    1.01    1.01    0.00    0.00    0.00    0.00    0.00    0.00   97.98
23:23:43       2    1.16    0.00   16.28    0.00    0.00   53.49    0.00    0.00    0.00   29.07
23:23:43       3    0.00    1.02    0.00    0.00    0.00    0.00    0.00    0.00    0.00   98.98

23:23:43     CPU    %usr   %nice    %sys %iowait    %irq   %soft  %steal  %guest  %gnice   %idle
23:23:44     all    0.52    0.00    6.49    0.00    0.00   14.55    0.00    0.00    0.00   78.44
23:23:44       0    0.00    0.00   12.12    0.00    0.00   22.22    0.00    0.00    0.00   65.66
23:23:44       1    1.01    0.00    0.00    0.00    0.00    0.00    0.00    0.00    0.00   98.99
23:23:44       2    1.14    0.00   14.77    0.00    0.00   38.64    0.00    0.00    0.00   45.45
23:23:44       3    0.00    0.00    0.00    0.00    0.00    0.00    0.00    0.00    0.00  100.00

23:23:44     CPU    %usr   %nice    %sys %iowait    %irq   %soft  %steal  %guest  %gnice   %idle
23:23:45     all    0.26    0.00    7.83    0.00    0.00   20.63    0.00    0.00    0.00   71.28
23:23:45       0    0.00    0.00   15.31    0.00    0.00   28.57    0.00    0.00    0.00   56.12
23:23:45       1    0.00    0.00    0.00    0.00    0.00    0.00    0.00    0.00    0.00  100.00
23:23:45       2    0.00    0.00   17.44    0.00    0.00   59.30    0.00    0.00    0.00   23.26
23:23:45       3    0.99    0.00    0.00    0.00    0.00    0.00    0.00    0.00    0.00   99.01

23:23:45     CPU    %usr   %nice    %sys %iowait    %irq   %soft  %steal  %guest  %gnice   %idle
23:23:46     all    1.04    0.00    5.96    0.26    0.00   15.54    0.00    0.00    0.00   77.20
23:23:46       0    0.00    0.00   11.11    0.00    0.00   24.24    0.00    0.00    0.00   64.65
23:23:46       1    2.00    0.00    0.00    1.00    0.00    0.00    0.00    0.00    0.00   97.00
23:23:46       2    1.12    0.00   13.48    0.00    0.00   40.45    0.00    0.00    0.00   44.94
23:23:46       3    1.02    0.00    0.00    0.00    0.00    0.00    0.00    0.00    0.00   98.98

23:23:46     CPU    %usr   %nice    %sys %iowait    %irq   %soft  %steal  %guest  %gnice   %idle
23:23:47     all    0.52    0.00    9.07    0.00    0.00   19.69    0.00    0.00    0.00   70.73
23:23:47       0    0.00    0.00   16.33    0.00    0.00   27.55    0.00    0.00    0.00   56.12
23:23:47       1    2.00    0.00    1.00    0.00    0.00    0.00    0.00    0.00    0.00   97.00
23:23:47       2    0.00    0.00   20.22    0.00    0.00   55.06    0.00    0.00    0.00   24.72
23:23:47       3    0.00    0.00    0.00    0.00    0.00    0.00    0.00    0.00    0.00  100.00

23:23:47     CPU    %usr   %nice    %sys %iowait    %irq   %soft  %steal  %guest  %gnice   %idle
23:23:48     all    0.52    0.00    7.83    0.00    0.00   18.54    0.00    0.00    0.00   73.11
23:23:48       0    0.00    0.00   14.74    0.00    0.00   24.21    0.00    0.00    0.00   61.05
23:23:48       1    0.00    0.00    0.00    0.00    0.00    0.00    0.00    0.00    0.00  100.00
23:23:48       2    1.12    0.00   16.85    0.00    0.00   53.93    0.00    0.00    0.00   28.09
23:23:48       3    0.99    0.00    0.99    0.00    0.00    0.00    0.00    0.00    0.00   98.02

23:23:48     CPU    %usr   %nice    %sys %iowait    %irq   %soft  %steal  %guest  %gnice   %idle
23:23:49     all    0.52    0.00    7.27    0.00    0.00   17.14    0.00    0.00    0.00   75.06
23:23:49       0    1.00    0.00   14.00    0.00    0.00   25.00    0.00    0.00    0.00   60.00
23:23:49       1    0.00    0.00    0.00    0.00    0.00    0.00    0.00    0.00    0.00  100.00
23:23:49       2    1.15    0.00   16.09    0.00    0.00   47.13    0.00    0.00    0.00   35.63
23:23:49       3    0.00    0.00    0.00    0.00    0.00    0.00    0.00    0.00    0.00  100.00

23:23:49     CPU    %usr   %nice    %sys %iowait    %irq   %soft  %steal  %guest  %gnice   %idle
23:23:50     all    0.52    0.00    5.70    0.00    0.00   15.03    0.00    0.00    0.00   78.76
23:23:50       0    0.00    0.00   11.46    0.00    0.00   19.79    0.00    0.00    0.00   68.75
23:23:50       1    0.00    0.00    0.00    0.00    0.00    0.00    0.00    0.00    0.00  100.00
23:23:50       2    1.10    0.00   12.09    0.00    0.00   42.86    0.00    0.00    0.00   43.96
23:23:50       3    1.00    0.00    0.00    0.00    0.00    0.00    0.00    0.00    0.00   99.00

23:23:50     CPU    %usr   %nice    %sys %iowait    %irq   %soft  %steal  %guest  %gnice   %idle
23:23:51     all    0.78    0.00    6.75    0.00    0.00   13.51    0.00    0.00    0.00   78.96
23:23:51       0    1.03    0.00   11.34    0.00    0.00   17.53    0.00    0.00    0.00   70.10
23:23:51       1    1.01    0.00    4.04    0.00    0.00    0.00    0.00    0.00    0.00   94.95
23:23:51       2    0.00    0.00   12.22    0.00    0.00   38.89    0.00    0.00    0.00   48.89
23:23:51       3    1.01    0.00    0.00    0.00    0.00    0.00    0.00    0.00    0.00   98.99

23:23:51     CPU    %usr   %nice    %sys %iowait    %irq   %soft  %steal  %guest  %gnice   %idle
23:23:52     all    0.26    0.00    7.75    0.00    0.00   18.35    0.00    0.00    0.00   73.64
23:23:52       0    0.00    0.00   14.00    0.00    0.00   26.00    0.00    0.00    0.00   60.00
23:23:52       1    0.00    0.00    1.01    0.00    0.00    0.00    0.00    0.00    0.00   98.99
23:23:52       2    1.12    0.00   15.73    0.00    0.00   50.56    0.00    0.00    0.00   32.58
23:23:52       3    0.00    0.00    1.01    0.00    0.00    0.00    0.00    0.00    0.00   98.99

23:23:52     CPU    %usr   %nice    %sys %iowait    %irq   %soft  %steal  %guest  %gnice   %idle
23:23:53     all    1.81    0.00    4.39    0.00    0.00    6.72    0.00    0.00    0.00   87.08
23:23:53       0    1.03    0.00    8.25    0.00    0.00    9.28    0.00    0.00    0.00   81.44
23:23:53       1    2.04    0.00    1.02    0.00    0.00    0.00    0.00    0.00    0.00   96.94
23:23:53       2    1.08    0.00    7.53    0.00    0.00   18.28    0.00    0.00    0.00   73.12
23:23:53       3    3.03    0.00    1.01    0.00    0.00    0.00    0.00    0.00    0.00   95.96

23:23:53     CPU    %usr   %nice    %sys %iowait    %irq   %soft  %steal  %guest  %gnice   %idle
23:23:54     all    0.52    0.00    7.79    0.26    0.00   18.44    0.00    0.00    0.00   72.99
23:23:54       0    1.01    0.00   14.14    0.00    0.00   26.26    0.00    0.00    0.00   58.59
23:23:54       1    0.00    0.00    0.00    0.00    0.00    0.00    0.00    0.00    0.00  100.00
23:23:54       2    1.14    0.00   18.18    0.00    0.00   51.14    0.00    0.00    0.00   29.55
23:23:54       3    0.00    0.00    0.00    1.00    0.00    0.00    0.00    0.00    0.00   99.00

23:23:54     CPU    %usr   %nice    %sys %iowait    %irq   %soft  %steal  %guest  %gnice   %idle
23:23:55     all    0.26    0.00    5.37    0.00    0.00   10.23    0.00    0.00    0.00   84.14
23:23:55       0    0.00    0.00    9.18    0.00    0.00   13.27    0.00    0.00    0.00   77.55
23:23:55       1    1.00    0.00    0.00    0.00    0.00    0.00    0.00    0.00    0.00   99.00
23:23:55       2    0.00    0.00   12.77    0.00    0.00   28.72    0.00    0.00    0.00   58.51
23:23:55       3    0.00    0.00    0.00    0.00    0.00    0.00    0.00    0.00    0.00  100.00

23:23:55     CPU    %usr   %nice    %sys %iowait    %irq   %soft  %steal  %guest  %gnice   %idle
23:23:56     all    0.78    0.00    7.53    0.00    0.00   17.92    0.00    0.00    0.00   73.77
23:23:56       0    0.00    0.00   13.13    0.00    0.00   27.27    0.00    0.00    0.00   59.60
23:23:56       1    0.00    0.00    0.00    0.00    0.00    0.00    0.00    0.00    0.00  100.00
23:23:56       2    1.14    0.00   18.18    0.00    0.00   47.73    0.00    0.00    0.00   32.95
23:23:56       3    2.00    0.00    0.00    0.00    0.00    0.00    0.00    0.00    0.00   98.00

23:23:56     CPU    %usr   %nice    %sys %iowait    %irq   %soft  %steal  %guest  %gnice   %idle
23:23:57     all    1.82    0.00    7.53    0.00    0.00   20.52    0.00    0.00    0.00   70.13
23:23:57       0    1.00    0.00   14.00    0.00    0.00   30.00    0.00    0.00    0.00   55.00
23:23:57       1    1.01    0.00    0.00    0.00    0.00    0.00    0.00    0.00    0.00   98.99
23:23:57       2    1.18    0.00   16.47    0.00    0.00   57.65    0.00    0.00    0.00   24.71
23:23:57       3    3.96    0.00    0.99    0.00    0.00    0.00    0.00    0.00    0.00   95.05

23:23:57     CPU    %usr   %nice    %sys %iowait    %irq   %soft  %steal  %guest  %gnice   %idle
23:23:58     all    0.00    0.00    7.77    0.00    0.00   16.84    0.00    0.00    0.00   75.39
23:23:58       0    0.00    0.00   14.14    0.00    0.00   23.23    0.00    0.00    0.00   62.63
23:23:58       1    0.00    0.00    1.00    0.00    0.00    0.00    0.00    0.00    0.00   99.00
23:23:58       2    0.00    0.00   17.05    0.00    0.00   47.73    0.00    0.00    0.00   35.23
23:23:58       3    0.00    0.00    0.00    0.00    0.00    0.00    0.00    0.00    0.00  100.00

23:23:58     CPU    %usr   %nice    %sys %iowait    %irq   %soft  %steal  %guest  %gnice   %idle
23:23:59     all    0.52    0.00    8.59    0.00    0.00   19.79    0.00    0.00    0.00   71.09
23:23:59       0    0.00    0.00   15.62    0.00    0.00   28.12    0.00    0.00    0.00   56.25
23:23:59       1    0.00    0.00    0.00    0.00    0.00    0.00    0.00    0.00    0.00  100.00
23:23:59       2    1.12    0.00   20.22    0.00    0.00   55.06    0.00    0.00    0.00   23.60
23:23:59       3    1.00    0.00    0.00    0.00    0.00    0.00    0.00    0.00    0.00   99.00

23:23:59     CPU    %usr   %nice    %sys %iowait    %irq   %soft  %steal  %guest  %gnice   %idle
23:24:00     all    0.53    0.00    8.42    0.00    0.00   20.00    0.00    0.00    0.00   71.05
23:24:00       0    1.00    0.00   16.00    0.00    0.00   29.00    0.00    0.00    0.00   54.00
23:24:00       1    1.02    0.00    0.00    0.00    0.00    0.00    0.00    0.00    0.00   98.98
23:24:00       2    0.00    0.00   19.28    0.00    0.00   56.63    0.00    0.00    0.00   24.10
23:24:00       3    0.00    0.00    0.00    0.00    0.00    0.00    0.00    0.00    0.00  100.00
