Linux 7.0.0-31-generic (ubuntu) 	09/10/26 	_aarch64_	(4 CPU)

23:25:23     CPU    %usr   %nice    %sys %iowait    %irq   %soft  %steal  %guest  %gnice   %idle
23:25:24     all    0.80    0.27   12.53    0.27    0.00   20.27    0.00    0.00    0.00   65.87
23:25:24       0    0.99    0.00   25.74    0.00    0.00   73.27    0.00    0.00    0.00    0.00
23:25:24       1    1.03    0.00    0.00    0.00    0.00    0.00    0.00    0.00    0.00   98.97
23:25:24       2    0.00    0.00   26.32    0.00    0.00    2.63    0.00    0.00    0.00   71.05
23:25:24       3    0.99    0.99    0.99    0.99    0.00    0.00    0.00    0.00    0.00   96.04

23:25:24     CPU    %usr   %nice    %sys %iowait    %irq   %soft  %steal  %guest  %gnice   %idle
23:25:25     all    0.27    0.00   12.23    0.00    0.00   20.48    0.00    0.00    0.00   67.02
23:25:25       0    0.00    0.00   24.24    0.00    0.00   75.76    0.00    0.00    0.00    0.00
23:25:25       1    0.00    0.00    0.00    0.00    0.00    0.00    0.00    0.00    0.00  100.00
23:25:25       2    1.25    0.00   27.50    0.00    0.00    2.50    0.00    0.00    0.00   68.75
23:25:25       3    0.00    0.00    0.00    0.00    0.00    0.00    0.00    0.00    0.00  100.00

23:25:25     CPU    %usr   %nice    %sys %iowait    %irq   %soft  %steal  %guest  %gnice   %idle
23:25:26     all    0.00    0.00   12.14    0.00    0.00   20.58    0.00    0.00    0.00   67.28
23:25:26       0    0.00    0.00   24.00    0.00    0.00   76.00    0.00    0.00    0.00    0.00
23:25:26       1    0.00    0.00    0.00    0.00    0.00    0.00    0.00    0.00    0.00  100.00
23:25:26       2    0.00    0.00   27.50    0.00    0.00    2.50    0.00    0.00    0.00   70.00
23:25:26       3    0.00    0.00    0.00    0.00    0.00    0.00    0.00    0.00    0.00  100.00

23:25:26     CPU    %usr   %nice    %sys %iowait    %irq   %soft  %steal  %guest  %gnice   %idle
23:25:27     all    1.87    0.00   12.03    0.00    0.00   20.32    0.00    0.00    0.00   65.78
23:25:27       0    0.00    0.00   25.25    0.00    0.00   74.75    0.00    0.00    0.00    0.00
23:25:27       1    2.00    0.00    1.00    0.00    0.00    0.00    0.00    0.00    0.00   97.00
23:25:27       2    1.33    0.00   24.00    0.00    0.00    2.67    0.00    0.00    0.00   72.00
23:25:27       3    4.00    0.00    1.00    0.00    0.00    0.00    0.00    0.00    0.00   95.00

23:25:27     CPU    %usr   %nice    %sys %iowait    %irq   %soft  %steal  %guest  %gnice   %idle
23:25:28     all    5.45    0.00   13.62    0.00    0.00   19.89    0.00    0.00    0.00   61.04
23:25:28       0    1.01    0.00   26.26    0.00    0.00   71.72    0.00    0.00    0.00    1.01
23:25:28       1    9.38    0.00    1.04    0.00    0.00    0.00    0.00    0.00    0.00   89.58
23:25:28       2    2.63    0.00   27.63    0.00    0.00    2.63    0.00    0.00    0.00   67.11
23:25:28       3    8.33    0.00    2.08    0.00    0.00    0.00    0.00    0.00    0.00   89.58

23:25:28     CPU    %usr   %nice    %sys %iowait    %irq   %soft  %steal  %guest  %gnice   %idle
23:25:29     all    1.07    0.00   12.27    0.00    0.00   20.27    0.00    0.00    0.00   66.40
23:25:29       0    0.00    0.00   26.00    0.00    0.00   74.00    0.00    0.00    0.00    0.00
23:25:29       1    1.02    0.00    0.00    0.00    0.00    0.00    0.00    0.00    0.00   98.98
23:25:29       2    1.28    0.00   25.64    0.00    0.00    2.56    0.00    0.00    0.00   70.51
23:25:29       3    2.02    0.00    0.00    0.00    0.00    0.00    0.00    0.00    0.00   97.98

23:25:29     CPU    %usr   %nice    %sys %iowait    %irq   %soft  %steal  %guest  %gnice   %idle
23:25:30     all    0.80    0.00   10.96    0.00    0.00   21.12    0.00    0.00    0.00   67.11
23:25:30       0    0.00    0.00   23.00    0.00    0.00   77.00    0.00    0.00    0.00    0.00
23:25:30       1    2.00    0.00    1.00    0.00    0.00    0.00    0.00    0.00    0.00   97.00
23:25:30       2    1.33    0.00   22.67    0.00    0.00    2.67    0.00    0.00    0.00   73.33
23:25:30       3    0.00    0.00    0.00    0.00    0.00    0.00    0.00    0.00    0.00  100.00

23:25:30     CPU    %usr   %nice    %sys %iowait    %irq   %soft  %steal  %guest  %gnice   %idle
23:25:31     all    1.60    0.00   12.50    0.27    0.00   20.48    0.00    0.00    0.00   65.16
23:25:31       0    1.00    0.00   24.00    0.00    0.00   75.00    0.00    0.00    0.00    0.00
23:25:31       1    1.03    0.00    0.00    1.03    0.00    0.00    0.00    0.00    0.00   97.94
23:25:31       2    2.50    0.00   27.50    0.00    0.00    2.50    0.00    0.00    0.00   67.50
23:25:31       3    2.02    0.00    1.01    0.00    0.00    0.00    0.00    0.00    0.00   96.97

23:25:31     CPU    %usr   %nice    %sys %iowait    %irq   %soft  %steal  %guest  %gnice   %idle
23:25:32     all    1.60    0.00   12.53    0.00    0.00   20.80    0.00    0.00    0.00   65.07
23:25:32       0    0.00    0.00   24.24    0.00    0.00   75.76    0.00    0.00    0.00    0.00
23:25:32       1    3.00    0.00    2.00    0.00    0.00    0.00    0.00    0.00    0.00   95.00
23:25:32       2    1.30    0.00   24.68    0.00    0.00    3.90    0.00    0.00    0.00   70.13
23:25:32       3    2.02    0.00    2.02    0.00    0.00    0.00    0.00    0.00    0.00   95.96

23:25:32     CPU    %usr   %nice    %sys %iowait    %irq   %soft  %steal  %guest  %gnice   %idle
23:25:33     all    1.88    0.27   12.90    0.00    0.00   20.16    0.00    0.00    0.00   64.78
23:25:33       0    1.00    0.00   26.00    0.00    0.00   73.00    0.00    0.00    0.00    0.00
23:25:33       1    3.06    1.02    1.02    0.00    0.00    0.00    0.00    0.00    0.00   94.90
23:25:33       2    1.30    0.00   25.97    0.00    0.00    2.60    0.00    0.00    0.00   70.13
23:25:33       3    2.06    0.00    1.03    0.00    0.00    0.00    0.00    0.00    0.00   96.91

23:25:33     CPU    %usr   %nice    %sys %iowait    %irq   %soft  %steal  %guest  %gnice   %idle
23:25:34     all    8.33    0.00   12.10    0.00    0.00   20.43    0.00    0.00    0.00   59.14
23:25:34       0    0.99    0.00   25.74    0.00    0.00   72.28    0.00    0.00    0.00    0.99
23:25:34       1   10.31    0.00    1.03    0.00    0.00    0.00    0.00    0.00    0.00   88.66
23:25:34       2    7.89    0.00   22.37    0.00    0.00    3.95    0.00    0.00    0.00   65.79
23:25:34       3   14.29    0.00    1.02    0.00    0.00    0.00    0.00    0.00    0.00   84.69

23:25:34     CPU    %usr   %nice    %sys %iowait    %irq   %soft  %steal  %guest  %gnice   %idle
23:25:35     all    6.38    0.00   12.77    0.00    0.00   19.68    0.00    0.00    0.00   61.17
23:25:35       0    2.00    0.00   26.00    0.00    0.00   69.00    0.00    0.00    0.00    3.00
23:25:35       1    9.18    0.00    1.02    0.00    0.00    0.00    0.00    0.00    0.00   89.80
23:25:35       2    5.06    0.00   24.05    0.00    0.00    6.33    0.00    0.00    0.00   64.56
23:25:35       3    9.09    0.00    2.02    0.00    0.00    0.00    0.00    0.00    0.00   88.89

23:25:35     CPU    %usr   %nice    %sys %iowait    %irq   %soft  %steal  %guest  %gnice   %idle
23:25:36     all    2.15    0.00   12.37    0.00    0.00   19.89    0.00    0.00    0.00   65.59
23:25:36       0    1.00    0.00   26.00    0.00    0.00   73.00    0.00    0.00    0.00    0.00
23:25:36       1    3.06    0.00    0.00    0.00    0.00    0.00    0.00    0.00    0.00   96.94
23:25:36       2    1.32    0.00   26.32    0.00    0.00    1.32    0.00    0.00    0.00   71.05
23:25:36       3    3.06    0.00    0.00    0.00    0.00    0.00    0.00    0.00    0.00   96.94

23:25:36     CPU    %usr   %nice    %sys %iowait    %irq   %soft  %steal  %guest  %gnice   %idle
23:25:37     all    1.34    0.00   11.83    0.00    0.00   21.24    0.00    0.00    0.00   65.59
23:25:37       0    0.00    0.00   24.00    0.00    0.00   74.00    0.00    0.00    0.00    2.00
23:25:37       1    2.06    0.00    1.03    0.00    0.00    0.00    0.00    0.00    0.00   96.91
23:25:37       2    1.33    0.00   22.67    0.00    0.00    6.67    0.00    0.00    0.00   69.33
23:25:37       3    2.00    0.00    2.00    0.00    0.00    0.00    0.00    0.00    0.00   96.00

23:25:37     CPU    %usr   %nice    %sys %iowait    %irq   %soft  %steal  %guest  %gnice   %idle
23:25:38     all    2.68    0.00   11.80    0.00    0.00   21.18    0.00    0.00    0.00   64.34
23:25:38       0    0.00    0.00   23.23    0.00    0.00   75.76    0.00    0.00    0.00    1.01
23:25:38       1    5.15    0.00    0.00    0.00    0.00    0.00    0.00    0.00    0.00   94.85
23:25:38       2    2.53    0.00   26.58    0.00    0.00    5.06    0.00    0.00    0.00   65.82
23:25:38       3    3.06    0.00    0.00    0.00    0.00    0.00    0.00    0.00    0.00   96.94

23:25:38     CPU    %usr   %nice    %sys %iowait    %irq   %soft  %steal  %guest  %gnice   %idle
23:25:39     all    1.60    0.00   12.83    0.00    0.00   20.59    0.00    0.00    0.00   64.97
23:25:39       0    0.00    0.00   25.00    0.00    0.00   75.00    0.00    0.00    0.00    0.00
23:25:39       1    3.06    0.00    1.02    0.00    0.00    0.00    0.00    0.00    0.00   95.92
23:25:39       2    1.30    0.00   25.97    0.00    0.00    2.60    0.00    0.00    0.00   70.13
23:25:39       3    2.02    0.00    2.02    0.00    0.00    0.00    0.00    0.00    0.00   95.96

23:25:39     CPU    %usr   %nice    %sys %iowait    %irq   %soft  %steal  %guest  %gnice   %idle
23:25:40     all    1.89    0.00   13.48    0.00    0.00   19.68    0.00    0.00    0.00   64.96
23:25:40       0    1.00    0.00   28.00    0.00    0.00   71.00    0.00    0.00    0.00    0.00
23:25:40       1    3.09    0.00    1.03    0.00    0.00    0.00    0.00    0.00    0.00   95.88
23:25:40       2    1.32    0.00   25.00    0.00    0.00    2.63    0.00    0.00    0.00   71.05
23:25:40       3    2.04    0.00    2.04    0.00    0.00    0.00    0.00    0.00    0.00   95.92

23:25:40     CPU    %usr   %nice    %sys %iowait    %irq   %soft  %steal  %guest  %gnice   %idle
23:25:41     all    1.33    0.00   12.80    0.00    0.00   20.53    0.00    0.00    0.00   65.33
23:25:41       0    0.00    0.00   24.75    0.00    0.00   75.25    0.00    0.00    0.00    0.00
23:25:41       1    2.04    0.00    1.02    0.00    0.00    0.00    0.00    0.00    0.00   96.94
23:25:41       2    1.30    0.00   27.27    0.00    0.00    1.30    0.00    0.00    0.00   70.13
23:25:41       3    2.02    0.00    1.01    0.00    0.00    0.00    0.00    0.00    0.00   96.97
