Linux 7.0.0-31-generic (ubuntu) 	09/10/26 	_aarch64_	(4 CPU)

23:23:22     CPU    %usr   %nice    %sys %iowait    %irq   %soft  %steal  %guest  %gnice   %idle
23:23:23     all    1.06    0.26   12.17    0.26    0.00   20.11    0.00    0.00    0.00   66.14
23:23:23       0    0.00    0.00   25.25    0.00    0.00   60.61    0.00    0.00    0.00   14.14
23:23:23       1    1.00    1.00    1.00    1.00    0.00    0.00    0.00    0.00    0.00   96.00
23:23:23       2    2.56    0.00   24.36    0.00    0.00   20.51    0.00    0.00    0.00   52.56
23:23:23       3    0.99    0.00    0.99    0.00    0.00    0.00    0.00    0.00    0.00   98.02

23:23:23     CPU    %usr   %nice    %sys %iowait    %irq   %soft  %steal  %guest  %gnice   %idle
23:23:24     all    0.27    0.00   11.08    0.00    0.00   20.81    0.00    0.00    0.00   67.84
23:23:24       0    0.00    0.00   23.76    0.00    0.00   67.33    0.00    0.00    0.00    8.91
23:23:24       1    1.01    0.00    0.00    0.00    0.00    0.00    0.00    0.00    0.00   98.99
23:23:24       2    0.00    0.00   23.94    0.00    0.00   12.68    0.00    0.00    0.00   63.38
23:23:24       3    0.00    0.00    0.00    0.00    0.00    0.00    0.00    0.00    0.00  100.00

23:23:24     CPU    %usr   %nice    %sys %iowait    %irq   %soft  %steal  %guest  %gnice   %idle
23:23:25     all    0.53    0.00   11.70    0.00    0.00   20.74    0.00    0.00    0.00   67.02
23:23:25       0    0.97    0.00   25.24    0.00    0.00   67.96    0.00    0.00    0.00    5.83
23:23:25       1    0.00    0.00    0.00    0.00    0.00    0.00    0.00    0.00    0.00  100.00
23:23:25       2    1.37    0.00   24.66    0.00    0.00   10.96    0.00    0.00    0.00   63.01
23:23:25       3    0.00    0.00    0.00    0.00    0.00    0.00    0.00    0.00    0.00  100.00

23:23:25     CPU    %usr   %nice    %sys %iowait    %irq   %soft  %steal  %guest  %gnice   %idle
23:23:26     all    0.54    0.00   11.80    0.00    0.00   20.91    0.00    0.00    0.00   66.76
23:23:26       0    0.00    0.00   24.49    0.00    0.00   70.41    0.00    0.00    0.00    5.10
23:23:26       1    0.00    0.00    0.00    0.00    0.00    0.00    0.00    0.00    0.00  100.00
23:23:26       2    1.32    0.00   26.32    0.00    0.00   11.84    0.00    0.00    0.00   60.53
23:23:26       3    1.00    0.00    0.00    0.00    0.00    0.00    0.00    0.00    0.00   99.00

23:23:26     CPU    %usr   %nice    %sys %iowait    %irq   %soft  %steal  %guest  %gnice   %idle
23:23:27     all    0.27    0.00   10.84    0.00    0.00   21.14    0.00    0.00    0.00   67.75
23:23:27       0    0.00    0.00   23.23    0.00    0.00   71.72    0.00    0.00    0.00    5.05
23:23:27       1    1.01    0.00    0.00    0.00    0.00    0.00    0.00    0.00    0.00   98.99
23:23:27       2    0.00    0.00   23.94    0.00    0.00    9.86    0.00    0.00    0.00   66.20
23:23:27       3    0.00    0.00    0.00    0.00    0.00    0.00    0.00    0.00    0.00  100.00

23:23:27     CPU    %usr   %nice    %sys %iowait    %irq   %soft  %steal  %guest  %gnice   %idle
23:23:28     all    0.54    0.00   10.72    0.00    0.00   21.72    0.00    0.00    0.00   67.02
23:23:28       0    0.00    0.00   21.21    0.00    0.00   72.73    0.00    0.00    0.00    6.06
23:23:28       1    0.00    0.00    0.00    0.00    0.00    0.00    0.00    0.00    0.00  100.00
23:23:28       2    1.33    0.00   25.33    0.00    0.00   12.00    0.00    0.00    0.00   61.33
23:23:28       3    1.00    0.00    0.00    0.00    0.00    0.00    0.00    0.00    0.00   99.00

23:23:28     CPU    %usr   %nice    %sys %iowait    %irq   %soft  %steal  %guest  %gnice   %idle
23:23:29     all    0.54    0.00   10.48    0.00    0.00   21.77    0.00    0.00    0.00   67.20
23:23:29       0    0.99    0.00   21.78    0.00    0.00   72.28    0.00    0.00    0.00    4.95
23:23:29       1    0.00    0.00    0.00    0.00    0.00    0.00    0.00    0.00    0.00  100.00
23:23:29       2    1.39    0.00   22.22    0.00    0.00   11.11    0.00    0.00    0.00   65.28
23:23:29       3    0.00    0.00    1.00    0.00    0.00    0.00    0.00    0.00    0.00   99.00

23:23:29     CPU    %usr   %nice    %sys %iowait    %irq   %soft  %steal  %guest  %gnice   %idle
23:23:30     all    0.27    0.00   11.89    0.00    0.00   20.54    0.00    0.00    0.00   67.30
23:23:30       0    0.00    0.00   25.00    0.00    0.00   69.00    0.00    0.00    0.00    6.00
23:23:30       1    1.01    0.00    0.00    0.00    0.00    0.00    0.00    0.00    0.00   98.99
23:23:30       2    0.00    0.00   26.39    0.00    0.00    9.72    0.00    0.00    0.00   63.89
23:23:30       3    0.00    0.00    0.00    0.00    0.00    0.00    0.00    0.00    0.00  100.00

23:23:30     CPU    %usr   %nice    %sys %iowait    %irq   %soft  %steal  %guest  %gnice   %idle
23:23:31     all    0.80    0.00   10.96    0.00    0.00   21.66    0.00    0.00    0.00   66.58
23:23:31       0    0.00    0.00   21.21    0.00    0.00   73.74    0.00    0.00    0.00    5.05
23:23:31       1    1.00    0.00    1.00    0.00    0.00    0.00    0.00    0.00    0.00   98.00
23:23:31       2    1.35    0.00   25.68    0.00    0.00   10.81    0.00    0.00    0.00   62.16
23:23:31       3    0.99    0.00    0.00    0.00    0.00    0.00    0.00    0.00    0.00   99.01

23:23:31     CPU    %usr   %nice    %sys %iowait    %irq   %soft  %steal  %guest  %gnice   %idle
23:23:32     all    0.54    0.00   11.08    0.00    0.00   21.62    0.00    0.00    0.00   66.76
23:23:32       0    0.00    0.00   22.77    0.00    0.00   69.31    0.00    0.00    0.00    7.92
23:23:32       1    0.00    0.00    0.00    0.00    0.00    0.00    0.00    0.00    0.00  100.00
23:23:32       2    1.39    0.00   23.61    0.00    0.00   13.89    0.00    0.00    0.00   61.11
23:23:32       3    1.01    0.00    1.01    0.00    0.00    0.00    0.00    0.00    0.00   97.98

23:23:32     CPU    %usr   %nice    %sys %iowait    %irq   %soft  %steal  %guest  %gnice   %idle
23:23:33     all    1.07    0.00   10.72    0.00    0.00   21.18    0.00    0.00    0.00   67.02
23:23:33       0    1.01    0.00   21.21    0.00    0.00   68.69    0.00    0.00    0.00    9.09
23:23:33       1    1.01    0.00    1.01    0.00    0.00    0.00    0.00    0.00    0.00   97.98
23:23:33       2    1.33    0.00   24.00    0.00    0.00   14.67    0.00    0.00    0.00   60.00
23:23:33       3    1.00    0.00    0.00    0.00    0.00    0.00    0.00    0.00    0.00   99.00

23:23:33     CPU    %usr   %nice    %sys %iowait    %irq   %soft  %steal  %guest  %gnice   %idle
23:23:34     all    0.27    0.00   11.35    0.00    0.00   21.08    0.00    0.00    0.00   67.30
23:23:34       0    0.00    0.00   25.25    0.00    0.00   69.70    0.00    0.00    0.00    5.05
23:23:34       1    0.00    0.00    0.00    0.00    0.00    0.00    0.00    0.00    0.00  100.00
23:23:34       2    1.37    0.00   23.29    0.00    0.00   12.33    0.00    0.00    0.00   63.01
23:23:34       3    0.00    0.00    0.00    0.00    0.00    0.00    0.00    0.00    0.00  100.00

23:23:34     CPU    %usr   %nice    %sys %iowait    %irq   %soft  %steal  %guest  %gnice   %idle
23:23:35     all    0.54    0.00   12.06    0.00    0.00   20.64    0.00    0.00    0.00   66.76
23:23:35       0    0.00    0.00   24.00    0.00    0.00   69.00    0.00    0.00    0.00    7.00
23:23:35       1    1.01    0.00    0.00    0.00    0.00    0.00    0.00    0.00    0.00   98.99
23:23:35       2    0.00    0.00   28.38    0.00    0.00   10.81    0.00    0.00    0.00   60.81
23:23:35       3    1.00    0.00    0.00    0.00    0.00    0.00    0.00    0.00    0.00   99.00

23:23:35     CPU    %usr   %nice    %sys %iowait    %irq   %soft  %steal  %guest  %gnice   %idle
23:23:36     all    1.34    0.00   11.29    0.00    0.00   21.24    0.00    0.00    0.00   66.13
23:23:36       0    0.00    0.00   23.47    0.00    0.00   71.43    0.00    0.00    0.00    5.10
23:23:36       1    1.01    0.00    0.00    0.00    0.00    0.00    0.00    0.00    0.00   98.99
23:23:36       2    2.63    0.00   25.00    0.00    0.00   11.84    0.00    0.00    0.00   60.53
23:23:36       3    2.02    0.00    0.00    0.00    0.00    0.00    0.00    0.00    0.00   97.98

23:23:36     CPU    %usr   %nice    %sys %iowait    %irq   %soft  %steal  %guest  %gnice   %idle
23:23:37     all    0.27    0.00   10.51    0.00    0.00   21.56    0.00    0.00    0.00   67.65
23:23:37       0    0.99    0.00   21.78    0.00    0.00   72.28    0.00    0.00    0.00    4.95
23:23:37       1    0.00    0.00    0.00    0.00    0.00    0.00    0.00    0.00    0.00  100.00
23:23:37       2    0.00    0.00   23.94    0.00    0.00    9.86    0.00    0.00    0.00   66.20
23:23:37       3    0.00    0.00    0.00    0.00    0.00    0.00    0.00    0.00    0.00  100.00

23:23:37     CPU    %usr   %nice    %sys %iowait    %irq   %soft  %steal  %guest  %gnice   %idle
23:23:38     all    6.70    0.27   13.14    0.00    0.00   20.38    0.00    0.00    0.00   59.52
23:23:38       0    2.97    0.99   21.78    0.00    0.00   63.37    0.00    0.00    0.00   10.89
23:23:38       1    9.09    0.00    8.08    0.00    0.00    0.00    0.00    0.00    0.00   82.83
23:23:38       2    6.76    0.00   21.62    0.00    0.00   16.22    0.00    0.00    0.00   55.41
23:23:38       3    8.08    0.00    3.03    0.00    0.00    0.00    0.00    0.00    0.00   88.89

23:23:38     CPU    %usr   %nice    %sys %iowait    %irq   %soft  %steal  %guest  %gnice   %idle
23:23:39     all    0.54    0.00   10.78    0.00    0.00   21.29    0.00    0.00    0.00   67.39
23:23:39       0    0.00    0.00   23.23    0.00    0.00   71.72    0.00    0.00    0.00    5.05
23:23:39       1    0.00    0.00    0.00    0.00    0.00    0.00    0.00    0.00    0.00  100.00
23:23:39       2    1.37    0.00   23.29    0.00    0.00   10.96    0.00    0.00    0.00   64.38
23:23:39       3    1.00    0.00    0.00    0.00    0.00    0.00    0.00    0.00    0.00   99.00

23:23:39     CPU    %usr   %nice    %sys %iowait    %irq   %soft  %steal  %guest  %gnice   %idle
23:23:40     all    0.81    0.00   11.02    0.27    0.00   20.70    0.00    0.00    0.00   67.20
23:23:40       0    0.00    0.00   22.22    0.00    0.00   70.71    0.00    0.00    0.00    7.07
23:23:40       1    1.01    0.00    0.00    0.00    0.00    0.00    0.00    0.00    0.00   98.99
23:23:40       2    1.37    0.00   26.03    0.00    0.00    9.59    0.00    0.00    0.00   63.01
23:23:40       3    0.99    0.00    0.00    0.99    0.00    0.00    0.00    0.00    0.00   98.02
