Linux 7.0.0-31-generic (ubuntu) 	09/10/26 	_aarch64_	(4 CPU)

23:24:22     CPU    %usr   %nice    %sys %iowait    %irq   %soft  %steal  %guest  %gnice   %idle
23:24:23     all    0.53    0.26    8.16    0.26    0.00   19.74    0.00    0.00    0.00   71.05
23:24:23       0    0.00    1.05   16.84    0.00    0.00   25.26    0.00    0.00    0.00   56.84
23:24:23       1    0.00    0.00    0.00    1.02    0.00    0.00    0.00    0.00    0.00   98.98
23:24:23       2    1.14    0.00   17.05    0.00    0.00   57.95    0.00    0.00    0.00   23.86
23:24:23       3    1.01    0.00    0.00    0.00    0.00    0.00    0.00    0.00    0.00   98.99

23:24:23     CPU    %usr   %nice    %sys %iowait    %irq   %soft  %steal  %guest  %gnice   %idle
23:24:24     all    0.26    0.00    7.79    0.00    0.00   17.92    0.00    0.00    0.00   74.03
23:24:24       0    0.00    0.00   13.54    0.00    0.00   26.04    0.00    0.00    0.00   60.42
23:24:24       1    1.01    0.00    0.00    0.00    0.00    0.00    0.00    0.00    0.00   98.99
23:24:24       2    0.00    0.00   17.78    0.00    0.00   48.89    0.00    0.00    0.00   33.33
23:24:24       3    0.00    0.00    1.00    0.00    0.00    0.00    0.00    0.00    0.00   99.00

23:24:24     CPU    %usr   %nice    %sys %iowait    %irq   %soft  %steal  %guest  %gnice   %idle
23:24:25     all    0.52    0.00    8.64    0.00    0.00   19.63    0.00    0.00    0.00   71.20
23:24:25       0    0.98    0.00   15.69    0.00    0.00   30.39    0.00    0.00    0.00   52.94
23:24:25       1    0.00    0.00    1.01    0.00    0.00    0.00    0.00    0.00    0.00   98.99
23:24:25       2    1.22    0.00   19.51    0.00    0.00   53.66    0.00    0.00    0.00   25.61
23:24:25       3    0.00    0.00    0.00    0.00    0.00    0.00    0.00    0.00    0.00  100.00

23:24:25     CPU    %usr   %nice    %sys %iowait    %irq   %soft  %steal  %guest  %gnice   %idle
23:24:26     all    0.52    0.00    8.55    0.00    0.00   18.91    0.00    0.00    0.00   72.02
23:24:26       0    0.00    0.00   16.33    0.00    0.00   26.53    0.00    0.00    0.00   57.14
23:24:26       1    0.00    0.00    0.00    0.00    0.00    0.00    0.00    0.00    0.00  100.00
23:24:26       2    1.12    0.00   19.10    0.00    0.00   52.81    0.00    0.00    0.00   26.97
23:24:26       3    1.00    0.00    0.00    0.00    0.00    0.00    0.00    0.00    0.00   99.00

23:24:26     CPU    %usr   %nice    %sys %iowait    %irq   %soft  %steal  %guest  %gnice   %idle
23:24:27     all    0.26    0.00    8.09    0.00    0.00   20.10    0.00    0.00    0.00   71.54
23:24:27       0    1.01    0.00   15.15    0.00    0.00   29.29    0.00    0.00    0.00   54.55
23:24:27       1    0.00    0.00    0.00    0.00    0.00    0.00    0.00    0.00    0.00  100.00
23:24:27       2    0.00    0.00   18.60    0.00    0.00   55.81    0.00    0.00    0.00   25.58
23:24:27       3    0.00    0.00    0.00    0.00    0.00    0.00    0.00    0.00    0.00  100.00

23:24:27     CPU    %usr   %nice    %sys %iowait    %irq   %soft  %steal  %guest  %gnice   %idle
23:24:28     all    1.30    0.00    8.07    0.00    0.00   20.05    0.00    0.00    0.00   70.57
23:24:28       0    2.00    0.00   16.00    0.00    0.00   28.00    0.00    0.00    0.00   54.00
23:24:28       1    1.01    0.00    0.00    0.00    0.00    0.00    0.00    0.00    0.00   98.99
23:24:28       2    1.18    0.00   17.65    0.00    0.00   57.65    0.00    0.00    0.00   23.53
23:24:28       3    1.00    0.00    0.00    0.00    0.00    0.00    0.00    0.00    0.00   99.00

23:24:28     CPU    %usr   %nice    %sys %iowait    %irq   %soft  %steal  %guest  %gnice   %idle
23:24:29     all    0.26    0.00    8.83    0.00    0.00   19.48    0.00    0.00    0.00   71.43
23:24:29       0    0.00    0.00   16.83    0.00    0.00   26.73    0.00    0.00    0.00   56.44
23:24:29       1    0.00    0.00    0.00    0.00    0.00    0.00    0.00    0.00    0.00  100.00
23:24:29       2    1.16    0.00   19.77    0.00    0.00   55.81    0.00    0.00    0.00   23.26
23:24:29       3    0.00    0.00    0.00    0.00    0.00    0.00    0.00    0.00    0.00  100.00

23:24:29     CPU    %usr   %nice    %sys %iowait    %irq   %soft  %steal  %guest  %gnice   %idle
23:24:30     all    0.26    0.00    8.05    0.00    0.00   20.26    0.00    0.00    0.00   71.43
23:24:30       0    0.00    0.00   15.00    0.00    0.00   29.00    0.00    0.00    0.00   56.00
23:24:30       1    0.00    0.00    0.00    0.00    0.00    0.00    0.00    0.00    0.00  100.00
23:24:30       2    0.00    0.00   18.60    0.00    0.00   56.98    0.00    0.00    0.00   24.42
23:24:30       3    0.99    0.00    0.00    0.00    0.00    0.00    0.00    0.00    0.00   99.01

23:24:30     CPU    %usr   %nice    %sys %iowait    %irq   %soft  %steal  %guest  %gnice   %idle
23:24:31     all    0.78    0.00    8.53    0.00    0.00   18.60    0.00    0.00    0.00   72.09
23:24:31       0    0.99    0.00   14.85    0.00    0.00   27.72    0.00    0.00    0.00   56.44
23:24:31       1    1.00    0.00    0.00    0.00    0.00    0.00    0.00    0.00    0.00   99.00
23:24:31       2    1.15    0.00   20.69    0.00    0.00   50.57    0.00    0.00    0.00   27.59
23:24:31       3    0.00    0.00    0.00    0.00    0.00    0.00    0.00    0.00    0.00  100.00

23:24:31     CPU    %usr   %nice    %sys %iowait    %irq   %soft  %steal  %guest  %gnice   %idle
23:24:32     all    0.52    0.00    5.94    0.00    0.00   13.18    0.00    0.00    0.00   80.36
23:24:32       0    0.00    0.00   11.00    0.00    0.00   19.00    0.00    0.00    0.00   70.00
23:24:32       1    1.02    0.00    0.00    0.00    0.00    0.00    0.00    0.00    0.00   98.98
23:24:32       2    0.00    0.00   13.33    0.00    0.00   35.56    0.00    0.00    0.00   51.11
23:24:32       3    1.01    0.00    0.00    0.00    0.00    0.00    0.00    0.00    0.00   98.99

23:24:32     CPU    %usr   %nice    %sys %iowait    %irq   %soft  %steal  %guest  %gnice   %idle
23:24:33     all    0.26    0.52    7.25    0.00    0.00   17.62    0.00    0.00    0.00   74.35
23:24:33       0    0.00    0.00   13.13    0.00    0.00   25.25    0.00    0.00    0.00   61.62
23:24:33       1    0.00    1.00    1.00    0.00    0.00    0.00    0.00    0.00    0.00   98.00
23:24:33       2    1.15    0.00   16.09    0.00    0.00   49.43    0.00    0.00    0.00   33.33
23:24:33       3    0.00    1.00    0.00    0.00    0.00    0.00    0.00    0.00    0.00   99.00

23:24:33     CPU    %usr   %nice    %sys %iowait    %irq   %soft  %steal  %guest  %gnice   %idle
23:24:34     all    1.02    0.00    8.18    0.26    0.00   16.62    0.00    0.00    0.00   73.91
23:24:34       0    0.96    0.00   15.38    0.00    0.00   25.00    0.00    0.00    0.00   58.65
23:24:34       1    1.00    0.00    0.00    0.00    0.00    0.00    0.00    0.00    0.00   99.00
23:24:34       2    1.16    0.00   18.60    0.00    0.00   45.35    0.00    0.00    0.00   34.88
23:24:34       3    0.99    0.00    0.00    0.99    0.00    0.00    0.00    0.00    0.00   98.02

23:24:34     CPU    %usr   %nice    %sys %iowait    %irq   %soft  %steal  %guest  %gnice   %idle
23:24:35     all    0.77    0.00    7.20    0.00    0.00   14.40    0.00    0.00    0.00   77.63
23:24:35       0    0.00    0.00   14.85    0.00    0.00   20.79    0.00    0.00    0.00   64.36
23:24:35       1    2.04    0.00    0.00    0.00    0.00    0.00    0.00    0.00    0.00   97.96
23:24:35       2    1.10    0.00   14.29    0.00    0.00   38.46    0.00    0.00    0.00   46.15
23:24:35       3    0.00    0.00    0.00    0.00    0.00    0.00    0.00    0.00    0.00  100.00

23:24:35     CPU    %usr   %nice    %sys %iowait    %irq   %soft  %steal  %guest  %gnice   %idle
23:24:36     all    0.52    0.00    8.33    0.00    0.00   19.79    0.00    0.00    0.00   71.35
23:24:36       0    0.00    0.00   16.00    0.00    0.00   28.00    0.00    0.00    0.00   56.00
23:24:36       1    0.00    0.00    1.00    0.00    0.00    0.00    0.00    0.00    0.00   99.00
23:24:36       2    1.20    0.00   16.87    0.00    0.00   57.83    0.00    0.00    0.00   24.10
23:24:36       3    0.99    0.00    0.99    0.00    0.00    0.00    0.00    0.00    0.00   98.02

23:24:36     CPU    %usr   %nice    %sys %iowait    %irq   %soft  %steal  %guest  %gnice   %idle
23:24:37     all    0.77    0.00    7.22    0.00    0.00   20.10    0.00    0.00    0.00   71.91
23:24:37       0    1.03    0.00   13.40    0.00    0.00   25.77    0.00    0.00    0.00   59.79
23:24:37       1    1.01    0.00    0.00    0.00    0.00    0.00    0.00    0.00    0.00   98.99
23:24:37       2    1.09    0.00   16.30    0.00    0.00   57.61    0.00    0.00    0.00   25.00
23:24:37       3    0.00    0.00    0.00    0.00    0.00    0.00    0.00    0.00    0.00  100.00

23:24:37     CPU    %usr   %nice    %sys %iowait    %irq   %soft  %steal  %guest  %gnice   %idle
23:24:38     all    0.26    0.00    7.85    0.00    0.00   20.16    0.00    0.00    0.00   71.73
23:24:38       0    0.00    0.00   14.89    0.00    0.00   26.60    0.00    0.00    0.00   58.51
23:24:38       1    1.00    0.00    0.00    0.00    0.00    0.00    0.00    0.00    0.00   99.00
23:24:38       2    0.00    0.00   17.98    0.00    0.00   58.43    0.00    0.00    0.00   23.60
23:24:38       3    0.00    0.00    0.00    0.00    0.00    0.00    0.00    0.00    0.00  100.00

23:24:38     CPU    %usr   %nice    %sys %iowait    %irq   %soft  %steal  %guest  %gnice   %idle
23:24:39     all    0.26    0.00    6.23    0.00    0.00   15.06    0.00    0.00    0.00   78.44
23:24:39       0    0.00    0.00   12.12    0.00    0.00   21.21    0.00    0.00    0.00   66.67
23:24:39       1    0.00    0.00    0.00    0.00    0.00    0.00    0.00    0.00    0.00  100.00
23:24:39       2    1.12    0.00   13.48    0.00    0.00   41.57    0.00    0.00    0.00   43.82
23:24:39       3    0.00    0.00    0.00    0.00    0.00    0.00    0.00    0.00    0.00  100.00

23:24:39     CPU    %usr   %nice    %sys %iowait    %irq   %soft  %steal  %guest  %gnice   %idle
23:24:40     all    0.78    0.00    8.05    0.00    0.00   19.74    0.00    0.00    0.00   71.43
23:24:40       0    0.96    0.00   15.38    0.00    0.00   29.81    0.00    0.00    0.00   53.85
23:24:40       1    1.00    0.00    0.00    0.00    0.00    0.00    0.00    0.00    0.00   99.00
23:24:40       2    1.22    0.00   18.29    0.00    0.00   54.88    0.00    0.00    0.00   25.61
23:24:40       3    0.00    0.00    0.00    0.00    0.00    0.00    0.00    0.00    0.00  100.00
