Linux 7.0.0-31-generic (ubuntu) 	09/10/26 	_aarch64_	(4 CPU)

23:24:02     CPU    %usr   %nice    %sys %iowait    %irq   %soft  %steal  %guest  %gnice   %idle
23:24:03     all    0.81    0.54   10.78    0.00    0.00   21.02    0.00    0.00    0.00   66.85
23:24:03       0    0.00    0.00   22.22    0.00    0.00   63.64    0.00    0.00    0.00   14.14
23:24:03       1    1.01    1.01    0.00    0.00    0.00    0.00    0.00    0.00    0.00   97.98
23:24:03       2    1.35    0.00   24.32    0.00    0.00   20.27    0.00    0.00    0.00   54.05
23:24:03       3    1.01    1.01    0.00    0.00    0.00    0.00    0.00    0.00    0.00   97.98

23:24:03     CPU    %usr   %nice    %sys %iowait    %irq   %soft  %steal  %guest  %gnice   %idle
23:24:04     all    0.27    0.00   10.87    0.00    0.00   21.20    0.00    0.00    0.00   67.66
23:24:04       0    0.00    0.00   23.71    0.00    0.00   69.07    0.00    0.00    0.00    7.22
23:24:04       1    0.00    0.00    0.00    0.00    0.00    0.00    0.00    0.00    0.00  100.00
23:24:04       2    1.35    0.00   22.97    0.00    0.00   14.86    0.00    0.00    0.00   60.81
23:24:04       3    0.00    0.00    0.00    0.00    0.00    0.00    0.00    0.00    0.00  100.00

23:24:04     CPU    %usr   %nice    %sys %iowait    %irq   %soft  %steal  %guest  %gnice   %idle
23:24:05     all    0.53    0.00   12.03    0.00    0.00   20.86    0.00    0.00    0.00   66.58
23:24:05       0    0.98    0.00   24.51    0.00    0.00   68.63    0.00    0.00    0.00    5.88
23:24:05       1    0.00    0.00    0.00    0.00    0.00    0.00    0.00    0.00    0.00  100.00
23:24:05       2    0.00    0.00   26.39    0.00    0.00   11.11    0.00    0.00    0.00   62.50
23:24:05       3    0.99    0.00    0.99    0.00    0.00    0.00    0.00    0.00    0.00   98.02

23:24:05     CPU    %usr   %nice    %sys %iowait    %irq   %soft  %steal  %guest  %gnice   %idle
23:24:06     all    1.07    0.00   11.73    0.00    0.00   20.53    0.00    0.00    0.00   66.67
23:24:06       0    0.00    0.00   25.00    0.00    0.00   69.00    0.00    0.00    0.00    6.00
23:24:06       1    1.00    0.00    1.00    0.00    0.00    0.00    0.00    0.00    0.00   98.00
23:24:06       2    2.67    0.00   24.00    0.00    0.00   10.67    0.00    0.00    0.00   62.67
23:24:06       3    1.00    0.00    0.00    0.00    0.00    0.00    0.00    0.00    0.00   99.00

23:24:06     CPU    %usr   %nice    %sys %iowait    %irq   %soft  %steal  %guest  %gnice   %idle
23:24:07     all    0.27    0.00   11.59    0.00    0.00   20.75    0.00    0.00    0.00   67.39
23:24:07       0    0.00    0.00   24.49    0.00    0.00   69.39    0.00    0.00    0.00    6.12
23:24:07       1    0.00    0.00    0.00    0.00    0.00    0.00    0.00    0.00    0.00  100.00
23:24:07       2    1.33    0.00   25.33    0.00    0.00   12.00    0.00    0.00    0.00   61.33
23:24:07       3    0.00    0.00    0.00    0.00    0.00    0.00    0.00    0.00    0.00  100.00

23:24:07     CPU    %usr   %nice    %sys %iowait    %irq   %soft  %steal  %guest  %gnice   %idle
23:24:08     all    0.81    0.00   11.62    0.00    0.00   20.81    0.00    0.00    0.00   66.76
23:24:08       0    0.00    0.00   25.00    0.00    0.00   71.00    0.00    0.00    0.00    4.00
23:24:08       1    1.01    0.00    0.00    0.00    0.00    0.00    0.00    0.00    0.00   98.99
23:24:08       2    1.41    0.00   25.35    0.00    0.00    8.45    0.00    0.00    0.00   64.79
23:24:08       3    1.00    0.00    0.00    0.00    0.00    0.00    0.00    0.00    0.00   99.00

23:24:08     CPU    %usr   %nice    %sys %iowait    %irq   %soft  %steal  %guest  %gnice   %idle
23:24:09     all    0.81    0.00   10.54    0.00    0.00   21.35    0.00    0.00    0.00   67.30
23:24:09       0    1.01    0.00   21.21    0.00    0.00   72.73    0.00    0.00    0.00    5.05
23:24:09       1    1.01    0.00    0.00    0.00    0.00    0.00    0.00    0.00    0.00   98.99
23:24:09       2    1.37    0.00   24.66    0.00    0.00    9.59    0.00    0.00    0.00   64.38
23:24:09       3    0.00    0.00    0.00    0.00    0.00    0.00    0.00    0.00    0.00  100.00

23:24:09     CPU    %usr   %nice    %sys %iowait    %irq   %soft  %steal  %guest  %gnice   %idle
23:24:10     all    1.08    0.00   10.57    0.00    0.00   21.68    0.00    0.00    0.00   66.67
23:24:10       0    0.00    0.00   21.00    0.00    0.00   74.00    0.00    0.00    0.00    5.00
23:24:10       1    2.02    0.00    0.00    0.00    0.00    0.00    0.00    0.00    0.00   97.98
23:24:10       2    1.41    0.00   25.35    0.00    0.00    8.45    0.00    0.00    0.00   64.79
23:24:10       3    1.01    0.00    0.00    0.00    0.00    0.00    0.00    0.00    0.00   98.99

23:24:10     CPU    %usr   %nice    %sys %iowait    %irq   %soft  %steal  %guest  %gnice   %idle
23:24:11     all    0.27    0.00   11.56    0.00    0.00   20.97    0.00    0.00    0.00   67.20
23:24:11       0    0.00    0.00   23.23    0.00    0.00   70.71    0.00    0.00    0.00    6.06
23:24:11       1    0.00    0.00    0.00    0.00    0.00    0.00    0.00    0.00    0.00  100.00
23:24:11       2    0.00    0.00   27.03    0.00    0.00   10.81    0.00    0.00    0.00   62.16
23:24:11       3    1.00    0.00    0.00    0.00    0.00    0.00    0.00    0.00    0.00   99.00

23:24:11     CPU    %usr   %nice    %sys %iowait    %irq   %soft  %steal  %guest  %gnice   %idle
23:24:12     all    0.54    0.00   11.29    0.00    0.00   20.97    0.00    0.00    0.00   67.20
23:24:12       0    0.98    0.00   24.51    0.00    0.00   66.67    0.00    0.00    0.00    7.84
23:24:12       1    0.00    0.00    1.01    0.00    0.00    0.00    0.00    0.00    0.00   98.99
23:24:12       2    1.39    0.00   22.22    0.00    0.00   13.89    0.00    0.00    0.00   62.50
23:24:12       3    0.00    0.00    0.00    0.00    0.00    0.00    0.00    0.00    0.00  100.00

23:24:12     CPU    %usr   %nice    %sys %iowait    %irq   %soft  %steal  %guest  %gnice   %idle
23:24:13     all    1.07    0.00   11.53    0.00    0.00   20.91    0.00    0.00    0.00   66.49
23:24:13       0    0.00    0.00   24.00    0.00    0.00   68.00    0.00    0.00    0.00    8.00
23:24:13       1    2.02    0.00    0.00    0.00    0.00    0.00    0.00    0.00    0.00   97.98
23:24:13       2    1.33    0.00   25.33    0.00    0.00   13.33    0.00    0.00    0.00   60.00
23:24:13       3    1.01    0.00    0.00    0.00    0.00    0.00    0.00    0.00    0.00   98.99

23:24:13     CPU    %usr   %nice    %sys %iowait    %irq   %soft  %steal  %guest  %gnice   %idle
23:24:14     all    0.27    0.00   12.13    0.27    0.00   20.22    0.00    0.00    0.00   67.12
23:24:14       0    0.00    0.00   26.26    0.00    0.00   68.69    0.00    0.00    0.00    5.05
23:24:14       1    0.00    0.00    1.00    0.00    0.00    0.00    0.00    0.00    0.00   99.00
23:24:14       2    1.39    0.00   25.00    0.00    0.00    9.72    0.00    0.00    0.00   63.89
23:24:14       3    0.00    0.00    0.00    1.00    0.00    0.00    0.00    0.00    0.00   99.00

23:24:14     CPU    %usr   %nice    %sys %iowait    %irq   %soft  %steal  %guest  %gnice   %idle
23:24:15     all    0.81    0.00   11.32    0.00    0.00   20.75    0.00    0.00    0.00   67.12
23:24:15       0    0.99    0.00   24.75    0.00    0.00   69.31    0.00    0.00    0.00    4.95
23:24:15       1    1.01    0.00    0.00    0.00    0.00    0.00    0.00    0.00    0.00   98.99
23:24:15       2    1.41    0.00   23.94    0.00    0.00    9.86    0.00    0.00    0.00   64.79
23:24:15       3    0.00    0.00    0.00    0.00    0.00    0.00    0.00    0.00    0.00  100.00

23:24:15     CPU    %usr   %nice    %sys %iowait    %irq   %soft  %steal  %guest  %gnice   %idle
23:24:16     all    0.27    0.00   12.03    0.00    0.00   21.12    0.00    0.00    0.00   66.58
23:24:16       0    0.00    0.00   25.00    0.00    0.00   71.00    0.00    0.00    0.00    4.00
23:24:16       1    0.00    0.00    0.00    0.00    0.00    0.00    0.00    0.00    0.00  100.00
23:24:16       2    1.33    0.00   25.33    0.00    0.00   10.67    0.00    0.00    0.00   62.67
23:24:16       3    0.00    0.00    1.00    0.00    0.00    0.00    0.00    0.00    0.00   99.00

23:24:16     CPU    %usr   %nice    %sys %iowait    %irq   %soft  %steal  %guest  %gnice   %idle
23:24:17     all    0.54    0.00   12.16    0.00    0.00   20.27    0.00    0.00    0.00   67.03
23:24:17       0    0.00    0.00   26.26    0.00    0.00   68.69    0.00    0.00    0.00    5.05
23:24:17       1    1.01    0.00    0.00    0.00    0.00    0.00    0.00    0.00    0.00   98.99
23:24:17       2    1.37    0.00   26.03    0.00    0.00    9.59    0.00    0.00    0.00   63.01
23:24:17       3    0.00    0.00    0.00    0.00    0.00    0.00    0.00    0.00    0.00  100.00

23:24:17     CPU    %usr   %nice    %sys %iowait    %irq   %soft  %steal  %guest  %gnice   %idle
23:24:18     all    1.35    0.00   11.89    0.00    0.00   20.81    0.00    0.00    0.00   65.95
23:24:18       0    1.00    0.00   24.00    0.00    0.00   70.00    0.00    0.00    0.00    5.00
23:24:18       1    2.02    0.00    1.01    0.00    0.00    0.00    0.00    0.00    0.00   96.97
23:24:18       2    0.00    0.00   26.39    0.00    0.00    9.72    0.00    0.00    0.00   63.89
23:24:18       3    2.02    0.00    0.00    0.00    0.00    0.00    0.00    0.00    0.00   97.98

23:24:18     CPU    %usr   %nice    %sys %iowait    %irq   %soft  %steal  %guest  %gnice   %idle
23:24:19     all    1.07    0.00   11.20    0.00    0.00   21.33    0.00    0.00    0.00   66.40
23:24:19       0    0.00    0.00   22.77    0.00    0.00   71.29    0.00    0.00    0.00    5.94
23:24:19       1    1.01    0.00    0.00    0.00    0.00    0.00    0.00    0.00    0.00   98.99
23:24:19       2    2.67    0.00   25.33    0.00    0.00   10.67    0.00    0.00    0.00   61.33
23:24:19       3    1.00    0.00    0.00    0.00    0.00    0.00    0.00    0.00    0.00   99.00

23:24:19     CPU    %usr   %nice    %sys %iowait    %irq   %soft  %steal  %guest  %gnice   %idle
23:24:20     all    0.27    0.00   11.05    0.00    0.00   21.02    0.00    0.00    0.00   67.65
23:24:20       0    0.00    0.00   23.23    0.00    0.00   69.70    0.00    0.00    0.00    7.07
23:24:20       1    0.00    0.00    0.00    0.00    0.00    0.00    0.00    0.00    0.00  100.00
23:24:20       2    1.35    0.00   24.32    0.00    0.00   12.16    0.00    0.00    0.00   62.16
23:24:20       3    0.00    0.00    0.00    0.00    0.00    0.00    0.00    0.00    0.00  100.00
