Linux 7.0.0-31-generic (ubuntu) 	09/10/26 	_aarch64_	(4 CPU)

23:24:42     CPU    %usr   %nice    %sys %iowait    %irq   %soft  %steal  %guest  %gnice   %idle
23:24:43     all    7.12    0.00   11.87    0.00    0.00   19.26    0.00    0.00    0.00   61.74
23:24:43       0    5.00    0.00   24.00    0.00    0.00   68.00    0.00    0.00    0.00    3.00
23:24:43       1    9.00    0.00    1.00    0.00    0.00    0.00    0.00    0.00    0.00   90.00
23:24:43       2    7.59    0.00   24.05    0.00    0.00    6.33    0.00    0.00    0.00   62.03
23:24:43       3    7.00    0.00    1.00    0.00    0.00    0.00    0.00    0.00    0.00   92.00

23:24:43     CPU    %usr   %nice    %sys %iowait    %irq   %soft  %steal  %guest  %gnice   %idle
23:24:44     all    0.27    0.00   11.02    0.00    0.00   21.51    0.00    0.00    0.00   67.20
23:24:44       0    0.99    0.00   21.78    0.00    0.00   76.24    0.00    0.00    0.00    0.99
23:24:44       1    0.00    0.00    0.00    0.00    0.00    0.00    0.00    0.00    0.00  100.00
23:24:44       2    0.00    0.00   25.68    0.00    0.00    4.05    0.00    0.00    0.00   70.27
23:24:44       3    0.00    0.00    0.00    0.00    0.00    0.00    0.00    0.00    0.00  100.00

23:24:44     CPU    %usr   %nice    %sys %iowait    %irq   %soft  %steal  %guest  %gnice   %idle
23:24:45     all    1.07    0.00   11.53    0.00    0.00   20.64    0.00    0.00    0.00   66.76
23:24:45       0    0.00    0.00   25.00    0.00    0.00   74.00    0.00    0.00    0.00    1.00
23:24:45       1    2.02    0.00    0.00    0.00    0.00    0.00    0.00    0.00    0.00   97.98
23:24:45       2    1.33    0.00   24.00    0.00    0.00    4.00    0.00    0.00    0.00   70.67
23:24:45       3    1.01    0.00    0.00    0.00    0.00    0.00    0.00    0.00    0.00   98.99

23:24:45     CPU    %usr   %nice    %sys %iowait    %irq   %soft  %steal  %guest  %gnice   %idle
23:24:46     all    0.81    0.00   12.37    0.00    0.00   19.89    0.00    0.00    0.00   66.94
23:24:46       0    0.00    0.00   27.27    0.00    0.00   72.73    0.00    0.00    0.00    0.00
23:24:46       1    2.02    0.00    0.00    0.00    0.00    0.00    0.00    0.00    0.00   97.98
23:24:46       2    1.35    0.00   24.32    0.00    0.00    2.70    0.00    0.00    0.00   71.62
23:24:46       3    0.00    0.00    1.00    0.00    0.00    0.00    0.00    0.00    0.00   99.00

23:24:46     CPU    %usr   %nice    %sys %iowait    %irq   %soft  %steal  %guest  %gnice   %idle
23:24:47     all    0.54    0.00   10.99    0.00    0.00   21.45    0.00    0.00    0.00   67.02
23:24:47       0    0.00    0.00   22.22    0.00    0.00   77.78    0.00    0.00    0.00    0.00
23:24:47       1    1.01    0.00    0.00    0.00    0.00    0.00    0.00    0.00    0.00   98.99
23:24:47       2    0.00    0.00   25.33    0.00    0.00    4.00    0.00    0.00    0.00   70.67
23:24:47       3    1.00    0.00    0.00    0.00    0.00    0.00    0.00    0.00    0.00   99.00

23:24:47     CPU    %usr   %nice    %sys %iowait    %irq   %soft  %steal  %guest  %gnice   %idle
23:24:48     all    0.80    0.00   10.72    0.00    0.00   20.91    0.00    0.00    0.00   67.56
23:24:48       0    0.99    0.00   23.76    0.00    0.00   74.26    0.00    0.00    0.00    0.99
23:24:48       1    1.01    0.00    0.00    0.00    0.00    0.00    0.00    0.00    0.00   98.99
23:24:48       2    1.37    0.00   21.92    0.00    0.00    4.11    0.00    0.00    0.00   72.60
23:24:48       3    0.00    0.00    0.00    0.00    0.00    0.00    0.00    0.00    0.00  100.00

23:24:48     CPU    %usr   %nice    %sys %iowait    %irq   %soft  %steal  %guest  %gnice   %idle
23:24:49     all    1.07    0.00   12.30    0.80    0.00   20.59    0.00    0.00    0.00   65.24
23:24:49       0    0.00    0.00   26.00    0.00    0.00   74.00    0.00    0.00    0.00    0.00
23:24:49       1    1.01    0.00    1.01    0.00    0.00    0.00    0.00    0.00    0.00   97.98
23:24:49       2    1.32    0.00   23.68    0.00    0.00    3.95    0.00    0.00    0.00   71.05
23:24:49       3    2.02    0.00    1.01    3.03    0.00    0.00    0.00    0.00    0.00   93.94

23:24:49     CPU    %usr   %nice    %sys %iowait    %irq   %soft  %steal  %guest  %gnice   %idle
23:24:50     all    1.61    0.00   11.56    0.00    0.00   20.43    0.00    0.00    0.00   66.40
23:24:50       0    0.00    0.00   25.25    0.00    0.00   73.74    0.00    0.00    0.00    1.01
23:24:50       1    2.02    0.00    0.00    0.00    0.00    0.00    0.00    0.00    0.00   97.98
23:24:50       2    1.33    0.00   24.00    0.00    0.00    4.00    0.00    0.00    0.00   70.67
23:24:50       3    3.03    0.00    0.00    0.00    0.00    0.00    0.00    0.00    0.00   96.97

23:24:50     CPU    %usr   %nice    %sys %iowait    %irq   %soft  %steal  %guest  %gnice   %idle
23:24:51     all    0.53    0.00   12.50    0.00    0.00   20.74    0.00    0.00    0.00   66.22
23:24:51       0    0.98    0.00   24.51    0.00    0.00   73.53    0.00    0.00    0.00    0.98
23:24:51       1    1.01    0.00    1.01    0.00    0.00    0.00    0.00    0.00    0.00   97.98
23:24:51       2    0.00    0.00   26.32    0.00    0.00    3.95    0.00    0.00    0.00   69.74
23:24:51       3    0.00    0.00    1.01    0.00    0.00    0.00    0.00    0.00    0.00   98.99

23:24:51     CPU    %usr   %nice    %sys %iowait    %irq   %soft  %steal  %guest  %gnice   %idle
23:24:52     all    0.53    0.00   12.77    0.27    0.00   19.68    0.00    0.00    0.00   66.76
23:24:52       0    0.00    0.00   26.26    0.00    0.00   72.73    0.00    0.00    0.00    1.01
23:24:52       1    0.00    0.00    1.00    1.00    0.00    0.00    0.00    0.00    0.00   98.00
23:24:52       2    1.30    0.00   27.27    0.00    0.00    2.60    0.00    0.00    0.00   68.83
23:24:52       3    1.00    0.00    0.00    0.00    0.00    0.00    0.00    0.00    0.00   99.00

23:24:52     CPU    %usr   %nice    %sys %iowait    %irq   %soft  %steal  %guest  %gnice   %idle
23:24:53     all    0.27    0.00   11.99    0.00    0.00   20.16    0.00    0.00    0.00   67.57
23:24:53       0    0.00    0.00   27.27    0.00    0.00   71.72    0.00    0.00    0.00    1.01
23:24:53       1    1.02    0.00    0.00    0.00    0.00    0.00    0.00    0.00    0.00   98.98
23:24:53       2    0.00    0.00   22.22    0.00    0.00    4.17    0.00    0.00    0.00   73.61
23:24:53       3    0.00    0.00    1.02    0.00    0.00    0.00    0.00    0.00    0.00   98.98

23:24:53     CPU    %usr   %nice    %sys %iowait    %irq   %soft  %steal  %guest  %gnice   %idle
23:24:54     all    0.80    0.00   11.20    0.00    0.00   20.80    0.00    0.00    0.00   67.20
23:24:54       0    1.00    0.00   23.00    0.00    0.00   76.00    0.00    0.00    0.00    0.00
23:24:54       1    1.00    0.00    1.00    0.00    0.00    0.00    0.00    0.00    0.00   98.00
23:24:54       2    1.33    0.00   24.00    0.00    0.00    2.67    0.00    0.00    0.00   72.00
23:24:54       3    0.00    0.00    0.00    0.00    0.00    0.00    0.00    0.00    0.00  100.00

23:24:54     CPU    %usr   %nice    %sys %iowait    %irq   %soft  %steal  %guest  %gnice   %idle
23:24:55     all    0.54    0.00   10.22    0.00    0.00   21.77    0.00    0.00    0.00   67.47
23:24:55       0    0.00    0.00   21.78    0.00    0.00   77.23    0.00    0.00    0.00    0.99
23:24:55       1    0.00    0.00    0.00    0.00    0.00    0.00    0.00    0.00    0.00  100.00
23:24:55       2    1.37    0.00   21.92    0.00    0.00    4.11    0.00    0.00    0.00   72.60
23:24:55       3    1.00    0.00    0.00    0.00    0.00    0.00    0.00    0.00    0.00   99.00

23:24:55     CPU    %usr   %nice    %sys %iowait    %irq   %soft  %steal  %guest  %gnice   %idle
23:24:56     all    0.54    0.00   12.06    0.00    0.00   20.38    0.00    0.00    0.00   67.02
23:24:56       0    0.00    0.00   26.00    0.00    0.00   73.00    0.00    0.00    0.00    1.00
23:24:56       1    1.01    0.00    0.00    0.00    0.00    0.00    0.00    0.00    0.00   98.99
23:24:56       2    1.33    0.00   24.00    0.00    0.00    4.00    0.00    0.00    0.00   70.67
23:24:56       3    0.00    0.00    1.01    0.00    0.00    0.00    0.00    0.00    0.00   98.99

23:24:56     CPU    %usr   %nice    %sys %iowait    %irq   %soft  %steal  %guest  %gnice   %idle
23:24:57     all    0.27    0.00   11.56    0.00    0.00   20.70    0.00    0.00    0.00   67.47
23:24:57       0    0.00    0.00   25.00    0.00    0.00   75.00    0.00    0.00    0.00    0.00
23:24:57       1    0.00    0.00    0.00    0.00    0.00    0.00    0.00    0.00    0.00  100.00
23:24:57       2    1.35    0.00   24.32    0.00    0.00    2.70    0.00    0.00    0.00   71.62
23:24:57       3    0.00    0.00    0.00    0.00    0.00    0.00    0.00    0.00    0.00  100.00

23:24:57     CPU    %usr   %nice    %sys %iowait    %irq   %soft  %steal  %guest  %gnice   %idle
23:24:58     all    0.27    0.00   11.76    0.00    0.00   20.59    0.00    0.00    0.00   67.38
23:24:58       0    0.00    0.00   25.00    0.00    0.00   75.00    0.00    0.00    0.00    0.00
23:24:58       1    0.00    0.00    0.00    0.00    0.00    0.00    0.00    0.00    0.00  100.00
23:24:58       2    0.00    0.00   25.33    0.00    0.00    2.67    0.00    0.00    0.00   72.00
23:24:58       3    1.00    0.00    0.00    0.00    0.00    0.00    0.00    0.00    0.00   99.00

23:24:58     CPU    %usr   %nice    %sys %iowait    %irq   %soft  %steal  %guest  %gnice   %idle
23:24:59     all    0.54    0.00   10.48    0.00    0.00   21.51    0.00    0.00    0.00   67.47
23:24:59       0    0.00    0.00   22.00    0.00    0.00   77.00    0.00    0.00    0.00    1.00
23:24:59       1    1.01    0.00    0.00    0.00    0.00    0.00    0.00    0.00    0.00   98.99
23:24:59       2    1.35    0.00   22.97    0.00    0.00    4.05    0.00    0.00    0.00   71.62
23:24:59       3    0.00    0.00    0.00    0.00    0.00    0.00    0.00    0.00    0.00  100.00

23:24:59     CPU    %usr   %nice    %sys %iowait    %irq   %soft  %steal  %guest  %gnice   %idle
23:25:00     all    1.07    0.00   11.26    0.00    0.00   20.64    0.00    0.00    0.00   67.02
23:25:00       0    1.00    0.00   24.00    0.00    0.00   75.00    0.00    0.00    0.00    0.00
23:25:00       1    1.01    0.00    0.00    0.00    0.00    0.00    0.00    0.00    0.00   98.99
23:25:00       2    1.35    0.00   24.32    0.00    0.00    2.70    0.00    0.00    0.00   71.62
23:25:00       3    1.00    0.00    0.00    0.00    0.00    0.00    0.00    0.00    0.00   99.00
