Linux 7.0.0-31-generic (ubuntu) 	09/10/26 	_aarch64_	(4 CPU)

23:25:03     CPU    %usr   %nice    %sys %iowait    %irq   %soft  %steal  %guest  %gnice   %idle
23:25:04     all    0.27    0.53   11.47    0.27    0.00   20.80    0.00    0.00    0.00   66.67
23:25:04       0    0.00    0.00   23.00    0.00    0.00   75.00    0.00    0.00    0.00    2.00
23:25:04       1    1.01    0.00    1.01    0.00    0.00    0.00    0.00    0.00    0.00   97.98
23:25:04       2    0.00    1.33   24.00    0.00    0.00    4.00    0.00    0.00    0.00   70.67
23:25:04       3    0.00    0.99    0.99    0.99    0.00    0.00    0.00    0.00    0.00   97.03

23:25:04     CPU    %usr   %nice    %sys %iowait    %irq   %soft  %steal  %guest  %gnice   %idle
23:25:05     all    0.80    0.00   10.72    0.00    0.00   21.18    0.00    0.00    0.00   67.29
23:25:05       0    1.00    0.00   22.00    0.00    0.00   77.00    0.00    0.00    0.00    0.00
23:25:05       1    0.00    0.00    0.00    0.00    0.00    0.00    0.00    0.00    0.00  100.00
23:25:05       2    1.35    0.00   24.32    0.00    0.00    2.70    0.00    0.00    0.00   71.62
23:25:05       3    1.00    0.00    0.00    0.00    0.00    0.00    0.00    0.00    0.00   99.00

23:25:05     CPU    %usr   %nice    %sys %iowait    %irq   %soft  %steal  %guest  %gnice   %idle
23:25:06     all    0.27    0.00   11.26    0.00    0.00   21.18    0.00    0.00    0.00   67.29
23:25:06       0    0.00    0.00   23.00    0.00    0.00   76.00    0.00    0.00    0.00    1.00
23:25:06       1    0.00    0.00    0.00    0.00    0.00    0.00    0.00    0.00    0.00  100.00
23:25:06       2    1.32    0.00   25.00    0.00    0.00    3.95    0.00    0.00    0.00   69.74
23:25:06       3    0.00    0.00    0.00    0.00    0.00    0.00    0.00    0.00    0.00  100.00

23:25:06     CPU    %usr   %nice    %sys %iowait    %irq   %soft  %steal  %guest  %gnice   %idle
23:25:07     all    0.80    0.00   11.73    0.00    0.00   20.27    0.00    0.00    0.00   67.20
23:25:07       0    0.00    0.00   25.00    0.00    0.00   74.00    0.00    0.00    0.00    1.00
23:25:07       1    1.00    0.00    0.00    0.00    0.00    0.00    0.00    0.00    0.00   99.00
23:25:07       2    1.33    0.00   25.33    0.00    0.00    2.67    0.00    0.00    0.00   70.67
23:25:07       3    1.00    0.00    0.00    0.00    0.00    0.00    0.00    0.00    0.00   99.00

23:25:07     CPU    %usr   %nice    %sys %iowait    %irq   %soft  %steal  %guest  %gnice   %idle
23:25:08     all    0.27    0.00   10.51    0.00    0.00   21.29    0.00    0.00    0.00   67.92
23:25:08       0    0.00    0.00   23.00    0.00    0.00   77.00    0.00    0.00    0.00    0.00
23:25:08       1    0.00    0.00    0.00    0.00    0.00    0.00    0.00    0.00    0.00  100.00
23:25:08       2    1.37    0.00   21.92    0.00    0.00    2.74    0.00    0.00    0.00   73.97
23:25:08       3    0.00    0.00    0.00    0.00    0.00    0.00    0.00    0.00    0.00  100.00

23:25:08     CPU    %usr   %nice    %sys %iowait    %irq   %soft  %steal  %guest  %gnice   %idle
23:25:09     all    0.53    0.00   11.73    0.00    0.00   20.53    0.00    0.00    0.00   67.20
23:25:09       0    0.00    0.00   24.75    0.00    0.00   73.27    0.00    0.00    0.00    1.98
23:25:09       1    1.00    0.00    0.00    0.00    0.00    0.00    0.00    0.00    0.00   99.00
23:25:09       2    0.00    0.00   25.33    0.00    0.00    4.00    0.00    0.00    0.00   70.67
23:25:09       3    1.01    0.00    0.00    0.00    0.00    0.00    0.00    0.00    0.00   98.99

23:25:09     CPU    %usr   %nice    %sys %iowait    %irq   %soft  %steal  %guest  %gnice   %idle
23:25:10     all    1.07    0.00   11.47    0.00    0.00   20.80    0.00    0.00    0.00   66.67
23:25:10       0    1.01    0.00   22.22    0.00    0.00   76.77    0.00    0.00    0.00    0.00
23:25:10       1    1.01    0.00    0.00    0.00    0.00    0.00    0.00    0.00    0.00   98.99
23:25:10       2    1.28    0.00   26.92    0.00    0.00    2.56    0.00    0.00    0.00   69.23
23:25:10       3    1.01    0.00    0.00    0.00    0.00    0.00    0.00    0.00    0.00   98.99

23:25:10     CPU    %usr   %nice    %sys %iowait    %irq   %soft  %steal  %guest  %gnice   %idle
23:25:11     all    1.86    0.00   12.20    0.00    0.00   20.42    0.00    0.00    0.00   65.52
23:25:11       0    0.00    0.00   25.74    0.00    0.00   72.28    0.00    0.00    0.00    1.98
23:25:11       1    4.04    0.00    0.00    0.00    0.00    0.00    0.00    0.00    0.00   95.96
23:25:11       2    2.60    0.00   25.97    0.00    0.00    5.19    0.00    0.00    0.00   66.23
23:25:11       3    1.00    0.00    0.00    0.00    0.00    0.00    0.00    0.00    0.00   99.00

23:25:11     CPU    %usr   %nice    %sys %iowait    %irq   %soft  %steal  %guest  %gnice   %idle
23:25:12     all    0.54    0.00   12.33    0.00    0.00   20.38    0.00    0.00    0.00   66.76
23:25:12       0    0.00    0.00   25.25    0.00    0.00   72.73    0.00    0.00    0.00    2.02
23:25:12       1    1.01    0.00    1.01    0.00    0.00    0.00    0.00    0.00    0.00   97.98
23:25:12       2    1.32    0.00   25.00    0.00    0.00    5.26    0.00    0.00    0.00   68.42
23:25:12       3    0.00    0.00    1.01    0.00    0.00    0.00    0.00    0.00    0.00   98.99

23:25:12     CPU    %usr   %nice    %sys %iowait    %irq   %soft  %steal  %guest  %gnice   %idle
23:25:13     all    0.53    0.00   11.23    0.00    0.00   20.59    0.00    0.00    0.00   67.65
23:25:13       0    0.00    0.00   24.75    0.00    0.00   74.26    0.00    0.00    0.00    0.99
23:25:13       1    1.00    0.00    0.00    0.00    0.00    0.00    0.00    0.00    0.00   99.00
23:25:13       2    0.00    0.00   23.29    0.00    0.00    2.74    0.00    0.00    0.00   73.97
23:25:13       3    1.00    0.00    0.00    0.00    0.00    0.00    0.00    0.00    0.00   99.00

23:25:13     CPU    %usr   %nice    %sys %iowait    %irq   %soft  %steal  %guest  %gnice   %idle
23:25:14     all    1.08    0.00   11.32    0.27    0.00   21.02    0.00    0.00    0.00   66.31
23:25:14       0    0.00    0.00   23.23    0.00    0.00   75.76    0.00    0.00    0.00    1.01
23:25:14       1    2.02    0.00    1.01    1.01    0.00    0.00    0.00    0.00    0.00   95.96
23:25:14       2    1.35    0.00   24.32    0.00    0.00    4.05    0.00    0.00    0.00   70.27
23:25:14       3    1.01    0.00    0.00    0.00    0.00    0.00    0.00    0.00    0.00   98.99

23:25:14     CPU    %usr   %nice    %sys %iowait    %irq   %soft  %steal  %guest  %gnice   %idle
23:25:15     all    0.54    0.00   11.56    0.00    0.00   20.97    0.00    0.00    0.00   66.94
23:25:15       0    1.00    0.00   24.00    0.00    0.00   75.00    0.00    0.00    0.00    0.00
23:25:15       1    0.00    0.00    0.00    0.00    0.00    0.00    0.00    0.00    0.00  100.00
23:25:15       2    1.32    0.00   25.00    0.00    0.00    3.95    0.00    0.00    0.00   69.74
23:25:15       3    0.00    0.00    0.00    0.00    0.00    0.00    0.00    0.00    0.00  100.00

23:25:15     CPU    %usr   %nice    %sys %iowait    %irq   %soft  %steal  %guest  %gnice   %idle
23:25:16     all    0.53    0.00   10.67    0.00    0.00   21.33    0.00    0.00    0.00   67.47
23:25:16       0    0.00    0.00   21.78    0.00    0.00   77.23    0.00    0.00    0.00    0.99
23:25:16       1    0.00    0.00    0.00    0.00    0.00    0.00    0.00    0.00    0.00  100.00
23:25:16       2    1.35    0.00   22.97    0.00    0.00    2.70    0.00    0.00    0.00   72.97
23:25:16       3    0.99    0.00    0.99    0.00    0.00    0.00    0.00    0.00    0.00   98.02

23:25:16     CPU    %usr   %nice    %sys %iowait    %irq   %soft  %steal  %guest  %gnice   %idle
23:25:17     all    0.53    0.00   12.50    0.00    0.00   19.95    0.00    0.00    0.00   67.02
23:25:17       0    0.00    0.00   27.00    0.00    0.00   73.00    0.00    0.00    0.00    0.00
23:25:17       1    1.00    0.00    1.00    0.00    0.00    0.00    0.00    0.00    0.00   98.00
23:25:17       2    1.32    0.00   25.00    0.00    0.00    2.63    0.00    0.00    0.00   71.05
23:25:17       3    0.00    0.00    0.00    0.00    0.00    0.00    0.00    0.00    0.00  100.00

23:25:17     CPU    %usr   %nice    %sys %iowait    %irq   %soft  %steal  %guest  %gnice   %idle
23:25:18     all    0.00    0.00   13.07    0.00    0.00   20.00    0.00    0.00    0.00   66.93
23:25:18       0    0.00    0.00   26.53    0.00    0.00   73.47    0.00    0.00    0.00    0.00
23:25:18       1    0.00    0.00    0.00    0.00    0.00    0.00    0.00    0.00    0.00  100.00
23:25:18       2    0.00    0.00   29.11    0.00    0.00    3.80    0.00    0.00    0.00   67.09
23:25:18       3    0.00    0.00    0.00    0.00    0.00    0.00    0.00    0.00    0.00  100.00

23:25:18     CPU    %usr   %nice    %sys %iowait    %irq   %soft  %steal  %guest  %gnice   %idle
23:25:19     all    1.07    0.00   10.72    0.00    0.00   21.18    0.00    0.00    0.00   67.02
23:25:19       0    0.99    0.00   22.77    0.00    0.00   76.24    0.00    0.00    0.00    0.00
23:25:19       1    1.01    0.00    0.00    0.00    0.00    0.00    0.00    0.00    0.00   98.99
23:25:19       2    1.37    0.00   23.29    0.00    0.00    2.74    0.00    0.00    0.00   72.60
23:25:19       3    1.00    0.00    0.00    0.00    0.00    0.00    0.00    0.00    0.00   99.00

23:25:19     CPU    %usr   %nice    %sys %iowait    %irq   %soft  %steal  %guest  %gnice   %idle
23:25:20     all    0.27    0.00   11.20    0.00    0.00   21.33    0.00    0.00    0.00   67.20
23:25:20       0    0.00    0.00   21.78    0.00    0.00   77.23    0.00    0.00    0.00    0.99
23:25:20       1    0.00    0.00    0.00    0.00    0.00    0.00    0.00    0.00    0.00  100.00
23:25:20       2    1.30    0.00   25.97    0.00    0.00    2.60    0.00    0.00    0.00   70.13
23:25:20       3    0.00    0.00    0.00    0.00    0.00    0.00    0.00    0.00    0.00  100.00

23:25:20     CPU    %usr   %nice    %sys %iowait    %irq   %soft  %steal  %guest  %gnice   %idle
23:25:21     all    0.54    0.00   11.02    0.00    0.00   21.24    0.00    0.00    0.00   67.20
23:25:21       0    0.00    0.00   22.22    0.00    0.00   77.78    0.00    0.00    0.00    0.00
23:25:21       1    0.00    0.00    0.00    0.00    0.00    0.00    0.00    0.00    0.00  100.00
23:25:21       2    1.33    0.00   25.33    0.00    0.00    2.67    0.00    0.00    0.00   70.67
23:25:21       3    1.01    0.00    0.00    0.00    0.00    0.00    0.00    0.00    0.00   98.99
