Linux 7.0.0-31-generic (ubuntu) 	09/10/26 	_aarch64_	(4 CPU)

23:22:42     CPU    %usr   %nice    %sys %iowait    %irq   %soft  %steal  %guest  %gnice   %idle
23:22:43     all    0.80    0.00   11.47    0.00    0.00   20.53    0.00    0.00    0.00   67.20
23:22:43       0    0.00    0.00   24.75    0.00    0.00   74.26    0.00    0.00    0.00    0.99
23:22:43       1    1.00    0.00    0.00    0.00    0.00    0.00    0.00    0.00    0.00   99.00
23:22:43       2    1.35    0.00   24.32    0.00    0.00    2.70    0.00    0.00    0.00   71.62
23:22:43       3    1.00    0.00    0.00    0.00    0.00    0.00    0.00    0.00    0.00   99.00

23:22:43     CPU    %usr   %nice    %sys %iowait    %irq   %soft  %steal  %guest  %gnice   %idle
23:22:44     all    0.27    0.00   11.56    0.00    0.00   21.24    0.00    0.00    0.00   66.94
23:22:44       0    0.00    0.00   24.00    0.00    0.00   75.00    0.00    0.00    0.00    1.00
23:22:44       1    0.00    0.00    0.00    0.00    0.00    0.00    0.00    0.00    0.00  100.00
23:22:44       2    0.00    0.00   25.33    0.00    0.00    5.33    0.00    0.00    0.00   69.33
23:22:44       3    1.01    0.00    0.00    0.00    0.00    0.00    0.00    0.00    0.00   98.99

23:22:44     CPU    %usr   %nice    %sys %iowait    %irq   %soft  %steal  %guest  %gnice   %idle
23:22:45     all    0.53    0.00   11.94    0.27    0.00   20.42    0.00    0.00    0.00   66.84
23:22:45       0    0.00    0.00   24.75    0.00    0.00   74.26    0.00    0.00    0.00    0.99
23:22:45       1    0.99    0.00    0.99    0.99    0.00    0.00    0.00    0.00    0.00   97.03
23:22:45       2    1.32    0.00   25.00    0.00    0.00    2.63    0.00    0.00    0.00   71.05
23:22:45       3    0.00    0.00    0.00    0.00    0.00    0.00    0.00    0.00    0.00  100.00

23:22:45     CPU    %usr   %nice    %sys %iowait    %irq   %soft  %steal  %guest  %gnice   %idle
23:22:46     all    0.80    0.00   12.30    0.00    0.00   20.05    0.00    0.00    0.00   66.84
23:22:46       0    0.00    0.00   26.53    0.00    0.00   73.47    0.00    0.00    0.00    0.00
23:22:46       1    1.01    0.00    0.00    0.00    0.00    0.00    0.00    0.00    0.00   98.99
23:22:46       2    1.32    0.00   25.00    0.00    0.00    3.95    0.00    0.00    0.00   69.74
23:22:46       3    0.99    0.00    0.99    0.00    0.00    0.00    0.00    0.00    0.00   98.02

23:22:46     CPU    %usr   %nice    %sys %iowait    %irq   %soft  %steal  %guest  %gnice   %idle
23:22:47     all    7.77    0.00   11.53    0.00    0.00   19.84    0.00    0.00    0.00   60.86
23:22:47       0    3.96    0.00   25.74    0.00    0.00   69.31    0.00    0.00    0.00    0.99
23:22:47       1   13.27    0.00    0.00    0.00    0.00    0.00    0.00    0.00    0.00   86.73
23:22:47       2    4.00    0.00   22.67    0.00    0.00    5.33    0.00    0.00    0.00   68.00
23:22:47       3    9.09    0.00    0.00    0.00    0.00    0.00    0.00    0.00    0.00   90.91

23:22:47     CPU    %usr   %nice    %sys %iowait    %irq   %soft  %steal  %guest  %gnice   %idle
23:22:48     all    1.06    0.00   11.97    0.00    0.00   20.21    0.00    0.00    0.00   66.76
23:22:48       0    0.99    0.00   24.75    0.00    0.00   73.27    0.00    0.00    0.00    0.99
23:22:48       1    1.01    0.00    0.00    0.00    0.00    0.00    0.00    0.00    0.00   98.99
23:22:48       2    1.32    0.00   26.32    0.00    0.00    2.63    0.00    0.00    0.00   69.74
23:22:48       3    1.00    0.00    0.00    0.00    0.00    0.00    0.00    0.00    0.00   99.00

23:22:48     CPU    %usr   %nice    %sys %iowait    %irq   %soft  %steal  %guest  %gnice   %idle
23:22:49     all    0.27    0.00   11.76    0.00    0.00   20.59    0.00    0.00    0.00   67.38
23:22:49       0    0.00    0.00   25.00    0.00    0.00   74.00    0.00    0.00    0.00    1.00
23:22:49       1    0.00    0.00    0.00    0.00    0.00    0.00    0.00    0.00    0.00  100.00
23:22:49       2    1.32    0.00   25.00    0.00    0.00    3.95    0.00    0.00    0.00   69.74
23:22:49       3    0.00    0.00    0.00    0.00    0.00    0.00    0.00    0.00    0.00  100.00

23:22:49     CPU    %usr   %nice    %sys %iowait    %irq   %soft  %steal  %guest  %gnice   %idle
23:22:50     all    0.54    0.00   11.29    0.00    0.00   20.97    0.00    0.00    0.00   67.20
23:22:50       0    0.00    0.00   23.23    0.00    0.00   75.76    0.00    0.00    0.00    1.01
23:22:50       1    1.01    0.00    0.00    0.00    0.00    0.00    0.00    0.00    0.00   98.99
23:22:50       2    1.33    0.00   25.33    0.00    0.00    4.00    0.00    0.00    0.00   69.33
23:22:50       3    0.00    0.00    0.00    0.00    0.00    0.00    0.00    0.00    0.00  100.00

23:22:50     CPU    %usr   %nice    %sys %iowait    %irq   %soft  %steal  %guest  %gnice   %idle
23:22:51     all    0.80    0.00   11.70    0.27    0.00   20.48    0.00    0.00    0.00   66.76
23:22:51       0    0.00    0.00   25.25    0.00    0.00   74.75    0.00    0.00    0.00    0.00
23:22:51       1    1.00    0.00    1.00    0.00    0.00    0.00    0.00    0.00    0.00   98.00
23:22:51       2    1.32    0.00   23.68    0.00    0.00    3.95    0.00    0.00    0.00   71.05
23:22:51       3    0.99    0.00    0.00    0.99    0.00    0.00    0.00    0.00    0.00   98.02

23:22:51     CPU    %usr   %nice    %sys %iowait    %irq   %soft  %steal  %guest  %gnice   %idle
23:22:52     all    1.87    0.00   12.83    0.00    0.00   20.05    0.00    0.00    0.00   65.24
23:22:52       0    0.00    0.00   26.00    0.00    0.00   72.00    0.00    0.00    0.00    2.00
23:22:52       1    2.04    0.00    0.00    0.00    0.00    0.00    0.00    0.00    0.00   97.96
23:22:52       2    1.32    0.00   27.63    0.00    0.00    3.95    0.00    0.00    0.00   67.11
23:22:52       3    4.00    0.00    1.00    0.00    0.00    0.00    0.00    0.00    0.00   95.00

23:22:52     CPU    %usr   %nice    %sys %iowait    %irq   %soft  %steal  %guest  %gnice   %idle
23:22:53     all    0.27    0.00   11.05    0.00    0.00   21.29    0.00    0.00    0.00   67.39
23:22:53       0    0.00    0.00   23.00    0.00    0.00   77.00    0.00    0.00    0.00    0.00
23:22:53       1    0.00    0.00    0.00    0.00    0.00    0.00    0.00    0.00    0.00  100.00
23:22:53       2    1.35    0.00   24.32    0.00    0.00    2.70    0.00    0.00    0.00   71.62
23:22:53       3    0.00    0.00    0.00    0.00    0.00    0.00    0.00    0.00    0.00  100.00

23:22:53     CPU    %usr   %nice    %sys %iowait    %irq   %soft  %steal  %guest  %gnice   %idle
23:22:54     all    0.27    0.00   12.20    0.00    0.00   20.69    0.00    0.00    0.00   66.84
23:22:54       0    0.00    0.00   24.75    0.00    0.00   73.27    0.00    0.00    0.00    1.98
23:22:54       1    0.00    0.00    1.01    0.00    0.00    0.00    0.00    0.00    0.00   98.99
23:22:54       2    0.00    0.00   25.00    0.00    0.00    5.26    0.00    0.00    0.00   69.74
23:22:54       3    0.99    0.00    0.99    0.00    0.00    0.00    0.00    0.00    0.00   98.02

23:22:54     CPU    %usr   %nice    %sys %iowait    %irq   %soft  %steal  %guest  %gnice   %idle
23:22:55     all    0.27    0.00   11.80    0.00    0.00   20.64    0.00    0.00    0.00   67.29
23:22:55       0    0.00    0.00   25.00    0.00    0.00   75.00    0.00    0.00    0.00    0.00
23:22:55       1    0.00    0.00    0.00    0.00    0.00    0.00    0.00    0.00    0.00  100.00
23:22:55       2    1.33    0.00   25.33    0.00    0.00    2.67    0.00    0.00    0.00   70.67
23:22:55       3    0.00    0.00    0.00    0.00    0.00    0.00    0.00    0.00    0.00  100.00

23:22:55     CPU    %usr   %nice    %sys %iowait    %irq   %soft  %steal  %guest  %gnice   %idle
23:22:56     all    0.80    0.00   11.53    0.00    0.00   20.38    0.00    0.00    0.00   67.29
23:22:56       0    0.00    0.00   24.24    0.00    0.00   74.75    0.00    0.00    0.00    1.01
23:22:56       1    1.01    0.00    0.00    0.00    0.00    0.00    0.00    0.00    0.00   98.99
23:22:56       2    1.33    0.00   25.33    0.00    0.00    2.67    0.00    0.00    0.00   70.67
23:22:56       3    1.00    0.00    0.00    0.00    0.00    0.00    0.00    0.00    0.00   99.00

23:22:56     CPU    %usr   %nice    %sys %iowait    %irq   %soft  %steal  %guest  %gnice   %idle
23:22:57     all    1.07    0.00   10.93    0.00    0.00   20.80    0.00    0.00    0.00   67.20
23:22:57       0    1.00    0.00   23.00    0.00    0.00   75.00    0.00    0.00    0.00    1.00
23:22:57       1    0.00    0.00    0.00    0.00    0.00    0.00    0.00    0.00    0.00  100.00
23:22:57       2    2.63    0.00   23.68    0.00    0.00    3.95    0.00    0.00    0.00   69.74
23:22:57       3    1.00    0.00    0.00    0.00    0.00    0.00    0.00    0.00    0.00   99.00

23:22:57     CPU    %usr   %nice    %sys %iowait    %irq   %soft  %steal  %guest  %gnice   %idle
23:22:58     all    0.27    0.00   12.33    0.00    0.00   20.38    0.00    0.00    0.00   67.02
23:22:58       0    0.00    0.00   25.74    0.00    0.00   73.27    0.00    0.00    0.00    0.99
23:22:58       1    1.01    0.00    0.00    0.00    0.00    0.00    0.00    0.00    0.00   98.99
23:22:58       2    0.00    0.00   26.67    0.00    0.00    2.67    0.00    0.00    0.00   70.67
23:22:58       3    0.00    0.00    0.00    0.00    0.00    0.00    0.00    0.00    0.00  100.00

23:22:58     CPU    %usr   %nice    %sys %iowait    %irq   %soft  %steal  %guest  %gnice   %idle
23:22:59     all    0.54    0.00   11.32    0.00    0.00   20.75    0.00    0.00    0.00   67.39
23:22:59       0    0.00    0.00   24.24    0.00    0.00   75.76    0.00    0.00    0.00    0.00
23:22:59       1    0.00    0.00    0.00    0.00    0.00    0.00    0.00    0.00    0.00  100.00
23:22:59       2    1.35    0.00   24.32    0.00    0.00    2.70    0.00    0.00    0.00   71.62
23:22:59       3    1.00    0.00    0.00    0.00    0.00    0.00    0.00    0.00    0.00   99.00

23:22:59     CPU    %usr   %nice    %sys %iowait    %irq   %soft  %steal  %guest  %gnice   %idle
23:23:00     all    0.79    0.00   12.43    0.00    0.00   20.37    0.00    0.00    0.00   66.40
23:23:00       0    1.00    0.00   25.00    0.00    0.00   74.00    0.00    0.00    0.00    0.00
23:23:00       1    1.00    0.00    1.00    0.00    0.00    0.00    0.00    0.00    0.00   98.00
23:23:00       2    1.28    0.00   25.64    0.00    0.00    3.85    0.00    0.00    0.00   69.23
23:23:00       3    0.00    0.00    1.00    0.00    0.00    0.00    0.00    0.00    0.00   99.00
