Linux 7.0.0-31-generic (ubuntu) 	09/10/26 	_aarch64_	(4 CPU)

23:26:03     CPU    %usr   %nice    %sys %iowait    %irq   %soft  %steal  %guest  %gnice   %idle
23:26:04     all    1.56    0.26    8.85    0.00    0.00   20.05    0.00    0.00    0.00   69.27
23:26:04       0    1.00    0.00   18.00    0.00    0.00   28.00    0.00    0.00    0.00   53.00
23:26:04       1    2.02    1.01    1.01    0.00    0.00    0.00    0.00    0.00    0.00   95.96
23:26:04       2    1.16    0.00   16.28    0.00    0.00   56.98    0.00    0.00    0.00   25.58
23:26:04       3    2.02    0.00    1.01    0.00    0.00    0.00    0.00    0.00    0.00   96.97

23:26:04     CPU    %usr   %nice    %sys %iowait    %irq   %soft  %steal  %guest  %gnice   %idle
23:26:05     all    1.31    0.00    8.36    0.00    0.00   20.37    0.00    0.00    0.00   69.97
23:26:05       0    1.02    0.00   15.31    0.00    0.00   28.57    0.00    0.00    0.00   55.10
23:26:05       1    1.02    0.00    0.00    0.00    0.00    0.00    0.00    0.00    0.00   98.98
23:26:05       2    1.15    0.00   18.39    0.00    0.00   57.47    0.00    0.00    0.00   22.99
23:26:05       3    2.00    0.00    1.00    0.00    0.00    0.00    0.00    0.00    0.00   97.00

23:26:05     CPU    %usr   %nice    %sys %iowait    %irq   %soft  %steal  %guest  %gnice   %idle
23:26:06     all    1.82    0.00    8.83    0.00    0.00   19.48    0.00    0.00    0.00   69.87
23:26:06       0    1.01    0.00   17.17    0.00    0.00   27.27    0.00    0.00    0.00   54.55
23:26:06       1    3.03    0.00    0.00    0.00    0.00    0.00    0.00    0.00    0.00   96.97
23:26:06       2    2.27    0.00   19.32    0.00    0.00   54.55    0.00    0.00    0.00   23.86
23:26:06       3    1.01    0.00    0.00    0.00    0.00    0.00    0.00    0.00    0.00   98.99

23:26:06     CPU    %usr   %nice    %sys %iowait    %irq   %soft  %steal  %guest  %gnice   %idle
23:26:07     all    1.30    0.00    7.55    0.26    0.00   18.23    0.00    0.00    0.00   72.66
23:26:07       0    1.03    0.00   14.43    0.00    0.00   25.77    0.00    0.00    0.00   58.76
23:26:07       1    1.98    0.00    0.99    0.99    0.00    0.00    0.00    0.00    0.00   96.04
23:26:07       2    0.00    0.00   16.28    0.00    0.00   52.33    0.00    0.00    0.00   31.40
23:26:07       3    2.00    0.00    0.00    0.00    0.00    0.00    0.00    0.00    0.00   98.00

23:26:07     CPU    %usr   %nice    %sys %iowait    %irq   %soft  %steal  %guest  %gnice   %idle
23:26:08     all    1.81    0.00    7.24    0.00    0.00   14.99    0.00    0.00    0.00   75.97
23:26:08       0    1.02    0.00   13.27    0.00    0.00   20.41    0.00    0.00    0.00   65.31
23:26:08       1    2.02    0.00    1.01    0.00    0.00    0.00    0.00    0.00    0.00   96.97
23:26:08       2    2.20    0.00   14.29    0.00    0.00   41.76    0.00    0.00    0.00   41.76
23:26:08       3    2.02    0.00    1.01    0.00    0.00    0.00    0.00    0.00    0.00   96.97

23:26:08     CPU    %usr   %nice    %sys %iowait    %irq   %soft  %steal  %guest  %gnice   %idle
23:26:09     all    1.31    0.00    7.31    0.00    0.00   20.89    0.00    0.00    0.00   70.50
23:26:09       0    1.02    0.00   14.29    0.00    0.00   29.59    0.00    0.00    0.00   55.10
23:26:09       1    1.01    0.00    0.00    0.00    0.00    0.00    0.00    0.00    0.00   98.99
23:26:09       2    1.16    0.00   16.28    0.00    0.00   59.30    0.00    0.00    0.00   23.26
23:26:09       3    2.00    0.00    0.00    0.00    0.00    0.00    0.00    0.00    0.00   98.00

23:26:09     CPU    %usr   %nice    %sys %iowait    %irq   %soft  %steal  %guest  %gnice   %idle
23:26:10     all    2.07    0.00    5.68    0.00    0.00   12.14    0.00    0.00    0.00   80.10
23:26:10       0    3.09    0.00   10.31    0.00    0.00   15.46    0.00    0.00    0.00   71.13
23:26:10       1    3.06    0.00    0.00    0.00    0.00    0.00    0.00    0.00    0.00   96.94
23:26:10       2    0.00    0.00   11.83    0.00    0.00   34.41    0.00    0.00    0.00   53.76
23:26:10       3    2.02    0.00    1.01    0.00    0.00    0.00    0.00    0.00    0.00   96.97

23:26:10     CPU    %usr   %nice    %sys %iowait    %irq   %soft  %steal  %guest  %gnice   %idle
23:26:11     all    1.04    0.00    8.62    0.00    0.00   19.58    0.00    0.00    0.00   70.76
23:26:11       0    1.03    0.00   15.46    0.00    0.00   28.87    0.00    0.00    0.00   54.64
23:26:11       1    1.00    0.00    1.00    0.00    0.00    0.00    0.00    0.00    0.00   98.00
23:26:11       2    1.16    0.00   19.77    0.00    0.00   54.65    0.00    0.00    0.00   24.42
23:26:11       3    1.00    0.00    0.00    0.00    0.00    0.00    0.00    0.00    0.00   99.00

23:26:11     CPU    %usr   %nice    %sys %iowait    %irq   %soft  %steal  %guest  %gnice   %idle
23:26:12     all    5.91    0.00    6.94    0.00    0.00   14.91    0.00    0.00    0.00   72.24
23:26:12       0    5.05    0.00   14.14    0.00    0.00   19.19    0.00    0.00    0.00   61.62
23:26:12       1    8.00    0.00    0.00    0.00    0.00    0.00    0.00    0.00    0.00   92.00
23:26:12       2    2.22    0.00   13.33    0.00    0.00   43.33    0.00    0.00    0.00   41.11
23:26:12       3    8.00    0.00    1.00    0.00    0.00    0.00    0.00    0.00    0.00   91.00

23:26:12     CPU    %usr   %nice    %sys %iowait    %irq   %soft  %steal  %guest  %gnice   %idle
23:26:13     all    1.05    0.00    8.40    0.00    0.00   19.16    0.00    0.00    0.00   71.39
23:26:13       0    1.00    0.00   17.00    0.00    0.00   27.00    0.00    0.00    0.00   55.00
23:26:13       1    1.03    0.00    0.00    0.00    0.00    0.00    0.00    0.00    0.00   98.97
23:26:13       2    1.18    0.00   17.65    0.00    0.00   54.12    0.00    0.00    0.00   27.06
23:26:13       3    1.01    0.00    0.00    0.00    0.00    0.00    0.00    0.00    0.00   98.99

23:26:13     CPU    %usr   %nice    %sys %iowait    %irq   %soft  %steal  %guest  %gnice   %idle
23:26:14     all    1.27    0.25    4.06    0.00    0.00    9.14    0.00    0.00    0.00   85.28
23:26:14       0    1.01    1.01    7.07    0.00    0.00   12.12    0.00    0.00    0.00   78.79
23:26:14       1    1.02    0.00    0.00    0.00    0.00    0.00    0.00    0.00    0.00   98.98
23:26:14       2    1.04    0.00    8.33    0.00    0.00   25.00    0.00    0.00    0.00   65.62
23:26:14       3    1.98    0.00    0.99    0.00    0.00    0.00    0.00    0.00    0.00   97.03

23:26:14     CPU    %usr   %nice    %sys %iowait    %irq   %soft  %steal  %guest  %gnice   %idle
23:26:15     all    0.78    0.00    6.46    0.00    0.00   17.83    0.00    0.00    0.00   74.94
23:26:15       0    0.00    0.00   13.27    0.00    0.00   24.49    0.00    0.00    0.00   62.24
23:26:15       1    0.99    0.00    0.99    0.00    0.00    0.00    0.00    0.00    0.00   98.02
23:26:15       2    1.14    0.00   12.50    0.00    0.00   51.14    0.00    0.00    0.00   35.23
23:26:15       3    1.00    0.00    0.00    0.00    0.00    0.00    0.00    0.00    0.00   99.00

23:26:15     CPU    %usr   %nice    %sys %iowait    %irq   %soft  %steal  %guest  %gnice   %idle
23:26:16     all    0.78    0.00    8.59    0.00    0.00   19.53    0.00    0.00    0.00   71.09
23:26:16       0    0.99    0.00   16.83    0.00    0.00   28.71    0.00    0.00    0.00   53.47
23:26:16       1    1.01    0.00    0.00    0.00    0.00    0.00    0.00    0.00    0.00   98.99
23:26:16       2    1.18    0.00   18.82    0.00    0.00   54.12    0.00    0.00    0.00   25.88
23:26:16       3    0.00    0.00    0.00    0.00    0.00    0.00    0.00    0.00    0.00  100.00

23:26:16     CPU    %usr   %nice    %sys %iowait    %irq   %soft  %steal  %guest  %gnice   %idle
23:26:17     all    0.78    0.00    7.01    0.00    0.00   16.10    0.00    0.00    0.00   76.10
23:26:17       0    0.00    0.00   12.37    0.00    0.00   22.68    0.00    0.00    0.00   64.95
23:26:17       1    1.02    0.00    0.00    0.00    0.00    0.00    0.00    0.00    0.00   98.98
23:26:17       2    0.00    0.00   15.73    0.00    0.00   44.94    0.00    0.00    0.00   39.33
23:26:17       3    1.98    0.00    0.99    0.00    0.00    0.00    0.00    0.00    0.00   97.03

23:26:17     CPU    %usr   %nice    %sys %iowait    %irq   %soft  %steal  %guest  %gnice   %idle
23:26:18     all    0.78    0.00    8.09    0.00    0.00   18.54    0.00    0.00    0.00   72.58
23:26:18       0    1.05    0.00   15.79    0.00    0.00   25.26    0.00    0.00    0.00   57.89
23:26:18       1    1.01    0.00    0.00    0.00    0.00    0.00    0.00    0.00    0.00   98.99
23:26:18       2    1.11    0.00   17.78    0.00    0.00   52.22    0.00    0.00    0.00   28.89
23:26:18       3    0.00    0.00    0.00    0.00    0.00    0.00    0.00    0.00    0.00  100.00

23:26:18     CPU    %usr   %nice    %sys %iowait    %irq   %soft  %steal  %guest  %gnice   %idle
23:26:19     all    0.77    0.00    6.19    0.00    0.00   15.98    0.00    0.00    0.00   77.06
23:26:19       0    0.00    0.00   12.12    0.00    0.00   22.22    0.00    0.00    0.00   65.66
23:26:19       1    0.00    0.00    0.00    0.00    0.00    0.00    0.00    0.00    0.00  100.00
23:26:19       2    1.10    0.00   13.19    0.00    0.00   43.96    0.00    0.00    0.00   41.76
23:26:19       3    2.00    0.00    0.00    0.00    0.00    0.00    0.00    0.00    0.00   98.00

23:26:19     CPU    %usr   %nice    %sys %iowait    %irq   %soft  %steal  %guest  %gnice   %idle
23:26:20     all    0.78    0.00    6.46    0.00    0.00   14.47    0.00    0.00    0.00   78.29
23:26:20       0    0.00    0.00   12.12    0.00    0.00   21.21    0.00    0.00    0.00   66.67
23:26:20       1    1.00    0.00    1.00    0.00    0.00    0.00    0.00    0.00    0.00   98.00
23:26:20       2    1.12    0.00   13.48    0.00    0.00   39.33    0.00    0.00    0.00   46.07
23:26:20       3    1.01    0.00    0.00    0.00    0.00    0.00    0.00    0.00    0.00   98.99
