Linux 7.0.0-31-generic (ubuntu) 	09/10/26 	_aarch64_	(4 CPU)

23:22:22     CPU    %usr   %nice    %sys %iowait    %irq   %soft  %steal  %guest  %gnice   %idle
23:22:23     all    6.70    0.27    9.92    0.54    0.00   20.64    0.00    0.00    0.00   61.93
23:22:23       0    5.05    0.00   19.19    1.01    0.00   60.61    0.00    0.00    0.00   14.14
23:22:23       1    6.06    1.01    2.02    0.00    0.00    0.00    0.00    0.00    0.00   90.91
23:22:23       2    6.58    0.00   19.74    0.00    0.00   22.37    0.00    0.00    0.00   51.32
23:22:23       3    9.09    0.00    1.01    1.01    0.00    0.00    0.00    0.00    0.00   88.89

23:22:23     CPU    %usr   %nice    %sys %iowait    %irq   %soft  %steal  %guest  %gnice   %idle
23:22:24     all    2.43    0.00   11.08    0.00    0.00   20.81    0.00    0.00    0.00   65.68
23:22:24       0    1.01    0.00   22.22    0.00    0.00   64.65    0.00    0.00    0.00   12.12
23:22:24       1    4.12    0.00    0.00    0.00    0.00    0.00    0.00    0.00    0.00   95.88
23:22:24       2    1.33    0.00   24.00    0.00    0.00   17.33    0.00    0.00    0.00   57.33
23:22:24       3    3.03    0.00    1.01    0.00    0.00    0.00    0.00    0.00    0.00   95.96

23:22:24     CPU    %usr   %nice    %sys %iowait    %irq   %soft  %steal  %guest  %gnice   %idle
23:22:25     all    4.56    0.00   10.99    0.00    0.00   20.91    0.00    0.00    0.00   63.54
23:22:25       0    1.01    0.00   23.23    0.00    0.00   61.62    0.00    0.00    0.00   14.14
23:22:25       1    6.06    0.00    1.01    0.00    0.00    0.00    0.00    0.00    0.00   92.93
23:22:25       2    1.32    0.00   22.37    0.00    0.00   22.37    0.00    0.00    0.00   53.95
23:22:25       3    9.09    0.00    0.00    0.00    0.00    0.00    0.00    0.00    0.00   90.91

23:22:25     CPU    %usr   %nice    %sys %iowait    %irq   %soft  %steal  %guest  %gnice   %idle
23:22:26     all    8.85    0.00   11.53    0.00    0.00   19.84    0.00    0.00    0.00   59.79
23:22:26       0    3.06    0.00   22.45    0.00    0.00   58.16    0.00    0.00    0.00   16.33
23:22:26       1   12.24    0.00    1.02    0.00    0.00    0.00    0.00    0.00    0.00   86.73
23:22:26       2    5.13    0.00   23.08    0.00    0.00   21.79    0.00    0.00    0.00   50.00
23:22:26       3   14.14    0.00    2.02    0.00    0.00    0.00    0.00    0.00    0.00   83.84

23:22:26     CPU    %usr   %nice    %sys %iowait    %irq   %soft  %steal  %guest  %gnice   %idle
23:22:27     all    4.57    0.00   11.02    0.00    0.00   19.89    0.00    0.00    0.00   64.52
23:22:27       0    2.02    0.00   22.22    0.00    0.00   59.60    0.00    0.00    0.00   16.16
23:22:27       1    5.10    0.00    1.02    0.00    0.00    0.00    0.00    0.00    0.00   93.88
23:22:27       2    5.26    0.00   22.37    0.00    0.00   19.74    0.00    0.00    0.00   52.63
23:22:27       3    6.06    0.00    1.01    0.00    0.00    0.00    0.00    0.00    0.00   92.93

23:22:27     CPU    %usr   %nice    %sys %iowait    %irq   %soft  %steal  %guest  %gnice   %idle
23:22:28     all    3.24    0.00   11.08    0.00    0.00   21.08    0.00    0.00    0.00   64.59
23:22:28       0    2.04    0.00   22.45    0.00    0.00   65.31    0.00    0.00    0.00   10.20
23:22:28       1    5.10    0.00    1.02    0.00    0.00    0.00    0.00    0.00    0.00   93.88
23:22:28       2    1.33    0.00   22.67    0.00    0.00   18.67    0.00    0.00    0.00   57.33
23:22:28       3    4.04    0.00    1.01    0.00    0.00    0.00    0.00    0.00    0.00   94.95

23:22:28     CPU    %usr   %nice    %sys %iowait    %irq   %soft  %steal  %guest  %gnice   %idle
23:22:29     all    1.34    0.00   11.50    0.00    0.00   20.59    0.00    0.00    0.00   66.58
23:22:29       0    0.99    0.00   23.76    0.00    0.00   68.32    0.00    0.00    0.00    6.93
23:22:29       1    1.00    0.00    0.00    0.00    0.00    0.00    0.00    0.00    0.00   99.00
23:22:29       2    1.35    0.00   25.68    0.00    0.00   10.81    0.00    0.00    0.00   62.16
23:22:29       3    2.02    0.00    0.00    0.00    0.00    0.00    0.00    0.00    0.00   97.98

23:22:29     CPU    %usr   %nice    %sys %iowait    %irq   %soft  %steal  %guest  %gnice   %idle
23:22:30     all    0.81    0.00   11.89    0.00    0.00   20.81    0.00    0.00    0.00   66.49
23:22:30       0    0.00    0.00   24.49    0.00    0.00   71.43    0.00    0.00    0.00    4.08
23:22:30       1    1.01    0.00    0.00    0.00    0.00    0.00    0.00    0.00    0.00   98.99
23:22:30       2    1.35    0.00   27.03    0.00    0.00    9.46    0.00    0.00    0.00   62.16
23:22:30       3    1.01    0.00    0.00    0.00    0.00    0.00    0.00    0.00    0.00   98.99

23:22:30     CPU    %usr   %nice    %sys %iowait    %irq   %soft  %steal  %guest  %gnice   %idle
23:22:31     all    0.54    0.00   11.53    0.00    0.00   20.91    0.00    0.00    0.00   67.02
23:22:31       0    0.00    0.00   24.75    0.00    0.00   69.31    0.00    0.00    0.00    5.94
23:22:31       1    0.00    0.00    0.00    0.00    0.00    0.00    0.00    0.00    0.00  100.00
23:22:31       2    1.35    0.00   24.32    0.00    0.00   10.81    0.00    0.00    0.00   63.51
23:22:31       3    1.00    0.00    0.00    0.00    0.00    0.00    0.00    0.00    0.00   99.00

23:22:31     CPU    %usr   %nice    %sys %iowait    %irq   %soft  %steal  %guest  %gnice   %idle
23:22:32     all    0.27    0.00   11.65    0.00    0.00   20.87    0.00    0.00    0.00   67.21
23:22:32       0    0.00    0.00   24.24    0.00    0.00   68.69    0.00    0.00    0.00    7.07
23:22:32       1    1.01    0.00    0.00    0.00    0.00    0.00    0.00    0.00    0.00   98.99
23:22:32       2    0.00    0.00   25.00    0.00    0.00   12.50    0.00    0.00    0.00   62.50
23:22:32       3    0.00    0.00    1.01    0.00    0.00    0.00    0.00    0.00    0.00   98.99

23:22:32     CPU    %usr   %nice    %sys %iowait    %irq   %soft  %steal  %guest  %gnice   %idle
23:22:33     all    2.96    0.00   10.51    0.00    0.00   21.29    0.00    0.00    0.00   65.23
23:22:33       0    2.97    0.00   21.78    0.00    0.00   69.31    0.00    0.00    0.00    5.94
23:22:33       1    1.01    0.00    0.00    0.00    0.00    0.00    0.00    0.00    0.00   98.99
23:22:33       2    4.11    0.00   23.29    0.00    0.00   12.33    0.00    0.00    0.00   60.27
23:22:33       3    4.08    0.00    0.00    0.00    0.00    0.00    0.00    0.00    0.00   95.92

23:22:33     CPU    %usr   %nice    %sys %iowait    %irq   %soft  %steal  %guest  %gnice   %idle
23:22:34     all    0.53    0.00   11.76    0.00    0.00   21.12    0.00    0.00    0.00   66.58
23:22:34       0    0.00    0.00   23.23    0.00    0.00   69.70    0.00    0.00    0.00    7.07
23:22:34       1    0.00    0.00    1.01    0.00    0.00    0.00    0.00    0.00    0.00   98.99
23:22:34       2    1.32    0.00   25.00    0.00    0.00   13.16    0.00    0.00    0.00   60.53
23:22:34       3    1.00    0.00    1.00    0.00    0.00    0.00    0.00    0.00    0.00   98.00

23:22:34     CPU    %usr   %nice    %sys %iowait    %irq   %soft  %steal  %guest  %gnice   %idle
23:22:35     all    0.80    0.00   11.73    0.00    0.00   21.07    0.00    0.00    0.00   66.40
23:22:35       0    0.99    0.00   22.77    0.00    0.00   71.29    0.00    0.00    0.00    4.95
23:22:35       1    0.00    0.00    0.00    0.00    0.00    0.00    0.00    0.00    0.00  100.00
23:22:35       2    1.33    0.00   28.00    0.00    0.00    9.33    0.00    0.00    0.00   61.33
23:22:35       3    1.00    0.00    0.00    0.00    0.00    0.00    0.00    0.00    0.00   99.00

23:22:35     CPU    %usr   %nice    %sys %iowait    %irq   %soft  %steal  %guest  %gnice   %idle
23:22:36     all    0.54    0.00   10.78    0.00    0.00   21.56    0.00    0.00    0.00   67.12
23:22:36       0    0.00    0.00   22.22    0.00    0.00   73.74    0.00    0.00    0.00    4.04
23:22:36       1    1.00    0.00    1.00    0.00    0.00    0.00    0.00    0.00    0.00   98.00
23:22:36       2    1.39    0.00   23.61    0.00    0.00    9.72    0.00    0.00    0.00   65.28
23:22:36       3    0.00    0.00    0.00    0.00    0.00    0.00    0.00    0.00    0.00  100.00

23:22:36     CPU    %usr   %nice    %sys %iowait    %irq   %soft  %steal  %guest  %gnice   %idle
23:22:37     all    0.27    0.00   10.84    0.00    0.00   21.41    0.00    0.00    0.00   67.48
23:22:37       0    0.00    0.00   24.00    0.00    0.00   72.00    0.00    0.00    0.00    4.00
23:22:37       1    1.00    0.00    0.00    0.00    0.00    0.00    0.00    0.00    0.00   99.00
23:22:37       2    0.00    0.00   22.86    0.00    0.00   10.00    0.00    0.00    0.00   67.14
23:22:37       3    0.00    0.00    0.00    0.00    0.00    0.00    0.00    0.00    0.00  100.00

23:22:37     CPU    %usr   %nice    %sys %iowait    %irq   %soft  %steal  %guest  %gnice   %idle
23:22:38     all    0.54    0.00   11.80    0.00    0.00   20.64    0.00    0.00    0.00   67.02
23:22:38       0    0.00    0.00   25.74    0.00    0.00   68.32    0.00    0.00    0.00    5.94
23:22:38       1    0.00    0.00    0.00    0.00    0.00    0.00    0.00    0.00    0.00  100.00
23:22:38       2    1.37    0.00   24.66    0.00    0.00   10.96    0.00    0.00    0.00   63.01
23:22:38       3    1.00    0.00    0.00    0.00    0.00    0.00    0.00    0.00    0.00   99.00

23:22:38     CPU    %usr   %nice    %sys %iowait    %irq   %soft  %steal  %guest  %gnice   %idle
23:22:39     all    0.81    0.00   11.62    0.00    0.00   20.81    0.00    0.00    0.00   66.76
23:22:39       0    1.00    0.00   25.00    0.00    0.00   68.00    0.00    0.00    0.00    6.00
23:22:39       1    1.02    0.00    0.00    0.00    0.00    0.00    0.00    0.00    0.00   98.98
23:22:39       2    1.37    0.00   23.29    0.00    0.00   12.33    0.00    0.00    0.00   63.01
23:22:39       3    0.00    0.00    1.01    0.00    0.00    0.00    0.00    0.00    0.00   98.99

23:22:39     CPU    %usr   %nice    %sys %iowait    %irq   %soft  %steal  %guest  %gnice   %idle
23:22:40     all    0.54    0.00   12.13    0.00    0.00   20.22    0.00    0.00    0.00   67.12
23:22:40       0    0.00    0.00   25.77    0.00    0.00   70.10    0.00    0.00    0.00    4.12
23:22:40       1    1.00    0.00    0.00    0.00    0.00    0.00    0.00    0.00    0.00   99.00
23:22:40       2    0.00    0.00   27.40    0.00    0.00    9.59    0.00    0.00    0.00   63.01
23:22:40       3    0.99    0.00    0.00    0.00    0.00    0.00    0.00    0.00    0.00   99.01
