Linux 7.0.0-31-generic (ubuntu) 	09/10/26 	_aarch64_	(4 CPU)

23:23:02     CPU    %usr   %nice    %sys %iowait    %irq   %soft  %steal  %guest  %gnice   %idle
23:23:03     all    0.27    0.27   11.83    0.00    0.00   20.16    0.00    0.00    0.00   67.47
23:23:03       0    0.00    0.00   24.49    0.00    0.00   75.51    0.00    0.00    0.00    0.00
23:23:03       1    0.00    0.00    1.01    0.00    0.00    0.00    0.00    0.00    0.00   98.99
23:23:03       2    0.00    1.32   25.00    0.00    0.00    1.32    0.00    0.00    0.00   72.37
23:23:03       3    1.01    0.00    0.00    0.00    0.00    0.00    0.00    0.00    0.00   98.99

23:23:03     CPU    %usr   %nice    %sys %iowait    %irq   %soft  %steal  %guest  %gnice   %idle
23:23:04     all    1.32    0.00   12.17    0.00    0.00   20.63    0.00    0.00    0.00   65.87
23:23:04       0    0.99    0.00   23.76    0.00    0.00   75.25    0.00    0.00    0.00    0.00
23:23:04       1    1.02    0.00    0.00    0.00    0.00    0.00    0.00    0.00    0.00   98.98
23:23:04       2    1.25    0.00   27.50    0.00    0.00    2.50    0.00    0.00    0.00   68.75
23:23:04       3    2.02    0.00    0.00    0.00    0.00    0.00    0.00    0.00    0.00   97.98

23:23:04     CPU    %usr   %nice    %sys %iowait    %irq   %soft  %steal  %guest  %gnice   %idle
23:23:05     all    0.53    0.00   12.17    0.00    0.00   20.90    0.00    0.00    0.00   66.40
23:23:05       0    0.00    0.00   23.00    0.00    0.00   77.00    0.00    0.00    0.00    0.00
23:23:05       1    1.01    0.00    0.00    0.00    0.00    0.00    0.00    0.00    0.00   98.99
23:23:05       2    1.27    0.00   27.85    0.00    0.00    2.53    0.00    0.00    0.00   68.35
23:23:05       3    0.00    0.00    1.00    0.00    0.00    0.00    0.00    0.00    0.00   99.00

23:23:05     CPU    %usr   %nice    %sys %iowait    %irq   %soft  %steal  %guest  %gnice   %idle
23:23:06     all    0.53    0.00   11.70    0.00    0.00   20.74    0.00    0.00    0.00   67.02
23:23:06       0    0.00    0.00   24.00    0.00    0.00   76.00    0.00    0.00    0.00    0.00
23:23:06       1    1.01    0.00    0.00    0.00    0.00    0.00    0.00    0.00    0.00   98.99
23:23:06       2    0.00    0.00   25.97    0.00    0.00    2.60    0.00    0.00    0.00   71.43
23:23:06       3    1.00    0.00    0.00    0.00    0.00    0.00    0.00    0.00    0.00   99.00

23:23:06     CPU    %usr   %nice    %sys %iowait    %irq   %soft  %steal  %guest  %gnice   %idle
23:23:07     all    1.06    0.00   11.44    0.00    0.00   20.48    0.00    0.00    0.00   67.02
23:23:07       0    1.00    0.00   24.00    0.00    0.00   75.00    0.00    0.00    0.00    0.00
23:23:07       1    0.00    0.00    0.00    0.00    0.00    0.00    0.00    0.00    0.00  100.00
23:23:07       2    2.56    0.00   24.36    0.00    0.00    2.56    0.00    0.00    0.00   70.51
23:23:07       3    1.00    0.00    0.00    0.00    0.00    0.00    0.00    0.00    0.00   99.00

23:23:07     CPU    %usr   %nice    %sys %iowait    %irq   %soft  %steal  %guest  %gnice   %idle
23:23:08     all    0.53    0.00   12.63    0.00    0.00   20.53    0.00    0.00    0.00   66.32
23:23:08       0    0.00    0.00   24.00    0.00    0.00   76.00    0.00    0.00    0.00    0.00
23:23:08       1    1.00    0.00    1.00    0.00    0.00    0.00    0.00    0.00    0.00   98.00
23:23:08       2    1.23    0.00   28.40    0.00    0.00    2.47    0.00    0.00    0.00   67.90
23:23:08       3    0.00    0.00    0.00    0.00    0.00    0.00    0.00    0.00    0.00  100.00

23:23:08     CPU    %usr   %nice    %sys %iowait    %irq   %soft  %steal  %guest  %gnice   %idle
23:23:09     all    0.53    0.00   12.00    0.00    0.00   20.27    0.00    0.00    0.00   67.20
23:23:09       0    0.00    0.00   26.00    0.00    0.00   74.00    0.00    0.00    0.00    0.00
23:23:09       1    1.01    0.00    0.00    0.00    0.00    0.00    0.00    0.00    0.00   98.99
23:23:09       2    1.30    0.00   24.68    0.00    0.00    2.60    0.00    0.00    0.00   71.43
23:23:09       3    0.00    0.00    0.00    0.00    0.00    0.00    0.00    0.00    0.00  100.00

23:23:09     CPU    %usr   %nice    %sys %iowait    %irq   %soft  %steal  %guest  %gnice   %idle
23:23:10     all    1.85    0.00   12.17    0.00    0.00   20.37    0.00    0.00    0.00   65.61
23:23:10       0    0.00    0.00   24.24    0.00    0.00   75.76    0.00    0.00    0.00    0.00
23:23:10       1    4.04    0.00    0.00    0.00    0.00    0.00    0.00    0.00    0.00   95.96
23:23:10       2    1.25    0.00   27.50    0.00    0.00    2.50    0.00    0.00    0.00   68.75
23:23:10       3    2.00    0.00    0.00    0.00    0.00    0.00    0.00    0.00    0.00   98.00

23:23:10     CPU    %usr   %nice    %sys %iowait    %irq   %soft  %steal  %guest  %gnice   %idle
23:23:11     all    0.53    0.00   12.17    0.00    0.00   20.37    0.00    0.00    0.00   66.93
23:23:11       0    0.99    0.00   24.75    0.00    0.00   74.26    0.00    0.00    0.00    0.00
23:23:11       1    0.00    0.00    0.00    0.00    0.00    0.00    0.00    0.00    0.00  100.00
23:23:11       2    1.25    0.00   26.25    0.00    0.00    2.50    0.00    0.00    0.00   70.00
23:23:11       3    0.00    0.00    0.00    0.00    0.00    0.00    0.00    0.00    0.00  100.00

23:23:11     CPU    %usr   %nice    %sys %iowait    %irq   %soft  %steal  %guest  %gnice   %idle
23:23:12     all    0.00    0.00   13.72    0.26    0.00   19.53    0.00    0.00    0.00   66.49
23:23:12       0    0.00    0.00   26.73    0.00    0.00   72.28    0.00    0.00    0.00    0.99
23:23:12       1    0.00    0.00    1.01    0.00    0.00    0.00    0.00    0.00    0.00   98.99
23:23:12       2    0.00    0.00   30.38    0.00    0.00    1.27    0.00    0.00    0.00   68.35
23:23:12       3    0.00    0.00    0.00    1.00    0.00    0.00    0.00    0.00    0.00   99.00

23:23:12     CPU    %usr   %nice    %sys %iowait    %irq   %soft  %steal  %guest  %gnice   %idle
23:23:13     all    0.53    0.53   12.70    0.00    0.00   20.11    0.00    0.00    0.00   66.14
23:23:13       0    0.00    0.00   26.26    0.00    0.00   73.74    0.00    0.00    0.00    0.00
23:23:13       1    1.00    1.00    1.00    0.00    0.00    0.00    0.00    0.00    0.00   97.00
23:23:13       2    1.25    0.00   26.25    0.00    0.00    3.75    0.00    0.00    0.00   68.75
23:23:13       3    0.00    1.01    0.00    0.00    0.00    0.00    0.00    0.00    0.00   98.99

23:23:13     CPU    %usr   %nice    %sys %iowait    %irq   %soft  %steal  %guest  %gnice   %idle
23:23:14     all    0.53    0.00   12.00    0.00    0.00   20.53    0.00    0.00    0.00   66.93
23:23:14       0    0.00    0.00   24.24    0.00    0.00   75.76    0.00    0.00    0.00    0.00
23:23:14       1    1.01    0.00    1.01    0.00    0.00    0.00    0.00    0.00    0.00   97.98
23:23:14       2    1.30    0.00   24.68    0.00    0.00    2.60    0.00    0.00    0.00   71.43
23:23:14       3    0.00    0.00    1.00    0.00    0.00    0.00    0.00    0.00    0.00   99.00

23:23:14     CPU    %usr   %nice    %sys %iowait    %irq   %soft  %steal  %guest  %gnice   %idle
23:23:15     all    0.53    0.00   11.44    0.27    0.00   20.48    0.00    0.00    0.00   67.29
23:23:15       0    0.00    0.00   24.00    0.00    0.00   76.00    0.00    0.00    0.00    0.00
23:23:15       1    0.00    0.00    0.00    1.00    0.00    0.00    0.00    0.00    0.00   99.00
23:23:15       2    1.32    0.00   25.00    0.00    0.00    1.32    0.00    0.00    0.00   72.37
23:23:15       3    1.00    0.00    0.00    0.00    0.00    0.00    0.00    0.00    0.00   99.00

23:23:15     CPU    %usr   %nice    %sys %iowait    %irq   %soft  %steal  %guest  %gnice   %idle
23:23:16     all    0.27    0.00   11.26    0.00    0.00   20.91    0.00    0.00    0.00   67.56
23:23:16       0    0.99    0.00   23.76    0.00    0.00   75.25    0.00    0.00    0.00    0.00
23:23:16       1    0.00    0.00    0.00    0.00    0.00    0.00    0.00    0.00    0.00  100.00
23:23:16       2    0.00    0.00   24.00    0.00    0.00    2.67    0.00    0.00    0.00   73.33
23:23:16       3    0.00    0.00    0.00    0.00    0.00    0.00    0.00    0.00    0.00  100.00

23:23:16     CPU    %usr   %nice    %sys %iowait    %irq   %soft  %steal  %guest  %gnice   %idle
23:23:17     all    0.80    0.00   11.47    0.00    0.00   20.27    0.00    0.00    0.00   67.47
23:23:17       0    0.00    0.00   25.00    0.00    0.00   75.00    0.00    0.00    0.00    0.00
23:23:17       1    1.00    0.00    0.00    0.00    0.00    0.00    0.00    0.00    0.00   99.00
23:23:17       2    1.33    0.00   24.00    0.00    0.00    1.33    0.00    0.00    0.00   73.33
23:23:17       3    1.00    0.00    0.00    0.00    0.00    0.00    0.00    0.00    0.00   99.00

23:23:17     CPU    %usr   %nice    %sys %iowait    %irq   %soft  %steal  %guest  %gnice   %idle
23:23:18     all    0.53    0.00   12.20    0.00    0.00   20.42    0.00    0.00    0.00   66.84
23:23:18       0    1.00    0.00   24.00    0.00    0.00   75.00    0.00    0.00    0.00    0.00
23:23:18       1    0.00    0.00    0.00    0.00    0.00    0.00    0.00    0.00    0.00  100.00
23:23:18       2    1.25    0.00   27.50    0.00    0.00    2.50    0.00    0.00    0.00   68.75
23:23:18       3    0.00    0.00    0.00    0.00    0.00    0.00    0.00    0.00    0.00  100.00

23:23:18     CPU    %usr   %nice    %sys %iowait    %irq   %soft  %steal  %guest  %gnice   %idle
23:23:19     all    0.53    0.00   12.47    0.00    0.00   19.63    0.00    0.00    0.00   67.37
23:23:19       0    0.00    0.00   28.00    0.00    0.00   72.00    0.00    0.00    0.00    0.00
23:23:19       1    0.00    0.00    0.00    0.00    0.00    0.00    0.00    0.00    0.00  100.00
23:23:19       2    1.28    0.00   24.36    0.00    0.00    2.56    0.00    0.00    0.00   71.79
23:23:19       3    1.00    0.00    0.00    0.00    0.00    0.00    0.00    0.00    0.00   99.00

23:23:19     CPU    %usr   %nice    %sys %iowait    %irq   %soft  %steal  %guest  %gnice   %idle
23:23:20     all    0.53    0.00   10.64    0.00    0.00   21.54    0.00    0.00    0.00   67.29
23:23:20       0    0.00    0.00   21.00    0.00    0.00   79.00    0.00    0.00    0.00    0.00
23:23:20       1    1.00    0.00    0.00    0.00    0.00    0.00    0.00    0.00    0.00   99.00
23:23:20       2    1.30    0.00   24.68    0.00    0.00    2.60    0.00    0.00    0.00   71.43
23:23:20       3    0.00    0.00    0.00    0.00    0.00    0.00    0.00    0.00    0.00  100.00
