Linux 7.0.0-31-generic (ubuntu) 	09/10/26 	_aarch64_	(4 CPU)

23:26:23     CPU    %usr   %nice    %sys %iowait    %irq   %soft  %steal  %guest  %gnice   %idle
23:26:24     all    3.05    0.00    0.76    0.00    0.00    0.00    0.00    0.00    0.00   96.18
23:26:24       0    3.06    0.00    1.02    0.00    0.00    0.00    0.00    0.00    0.00   95.92
23:26:24       1    4.04    0.00    1.01    0.00    0.00    0.00    0.00    0.00    0.00   94.95
23:26:24       2    3.06    0.00    0.00    0.00    0.00    0.00    0.00    0.00    0.00   96.94
23:26:24       3    2.04    0.00    1.02    0.00    0.00    0.00    0.00    0.00    0.00   96.94

23:26:24     CPU    %usr   %nice    %sys %iowait    %irq   %soft  %steal  %guest  %gnice   %idle
23:26:25     all   16.41    0.00    3.85    0.00    0.00    0.00    0.00    0.00    0.00   79.74
23:26:25       0   12.24    0.00    2.04    0.00    0.00    0.00    0.00    0.00    0.00   85.71
23:26:25       1   12.50    0.00    5.21    0.00    0.00    0.00    0.00    0.00    0.00   82.29
23:26:25       2   22.45    0.00    2.04    0.00    0.00    0.00    0.00    0.00    0.00   75.51
23:26:25       3   18.37    0.00    6.12    0.00    0.00    0.00    0.00    0.00    0.00   75.51

23:26:25     CPU    %usr   %nice    %sys %iowait    %irq   %soft  %steal  %guest  %gnice   %idle
23:26:26     all    5.64    0.00    1.03    0.26    0.00    0.00    0.00    0.00    0.00   93.08
23:26:26       0    6.32    0.00    1.05    0.00    0.00    0.00    0.00    0.00    0.00   92.63
23:26:26       1    4.04    0.00    1.01    1.01    0.00    0.00    0.00    0.00    0.00   93.94
23:26:26       2    4.08    0.00    1.02    0.00    0.00    0.00    0.00    0.00    0.00   94.90
23:26:26       3    8.16    0.00    1.02    0.00    0.00    0.00    0.00    0.00    0.00   90.82

23:26:26     CPU    %usr   %nice    %sys %iowait    %irq   %soft  %steal  %guest  %gnice   %idle
23:26:27     all   13.40    0.00    2.06    0.00    0.00    0.00    0.00    0.00    0.00   84.54
23:26:27       0   11.34    0.00    2.06    0.00    0.00    0.00    0.00    0.00    0.00   86.60
23:26:27       1   12.37    0.00    2.06    0.00    0.00    0.00    0.00    0.00    0.00   85.57
23:26:27       2   14.58    0.00    2.08    0.00    0.00    0.00    0.00    0.00    0.00   83.33
23:26:27       3   15.31    0.00    2.04    0.00    0.00    0.00    0.00    0.00    0.00   82.65

23:26:27     CPU    %usr   %nice    %sys %iowait    %irq   %soft  %steal  %guest  %gnice   %idle
23:26:28     all    9.00    0.00    1.80    0.00    0.00    0.00    0.00    0.00    0.00   89.20
23:26:28       0   11.34    0.00    2.06    0.00    0.00    0.00    0.00    0.00    0.00   86.60
23:26:28       1    7.22    0.00    1.03    0.00    0.00    0.00    0.00    0.00    0.00   91.75
23:26:28       2    9.18    0.00    3.06    0.00    0.00    0.00    0.00    0.00    0.00   87.76
23:26:28       3    8.25    0.00    1.03    0.00    0.00    0.00    0.00    0.00    0.00   90.72

Average:     CPU    %usr   %nice    %sys %iowait    %irq   %soft  %steal  %guest  %gnice   %idle
Average:     all    9.49    0.00    1.90    0.05    0.00    0.00    0.00    0.00    0.00   88.56
Average:       0    8.87    0.00    1.65    0.00    0.00    0.00    0.00    0.00    0.00   89.48
Average:       1    7.99    0.00    2.05    0.20    0.00    0.00    0.00    0.00    0.00   89.75
Average:       2   10.66    0.00    1.64    0.00    0.00    0.00    0.00    0.00    0.00   87.70
Average:       3   10.43    0.00    2.25    0.00    0.00    0.00    0.00    0.00    0.00   87.32
