Linux 7.0.0-31-generic (ubuntu) 	09/10/26 	_aarch64_	(4 CPU)

23:31:15     CPU    %usr   %nice    %sys %iowait    %irq   %soft  %steal  %guest  %gnice   %idle
23:31:16     all    2.32    0.52   32.99    0.00    0.00   11.86    0.00    0.00    0.00   52.32
23:31:16       0    5.05    0.00   64.65    0.00    0.00   29.29    0.00    0.00    0.00    1.01
23:31:16       1    0.99    0.00    1.98    0.00    0.00    0.00    0.00    0.00    0.00   97.03
23:31:16       2    2.25    1.12   68.54    0.00    0.00   19.10    0.00    0.00    0.00    8.99
23:31:16       3    1.01    1.01    1.01    0.00    0.00    0.00    0.00    0.00    0.00   96.97

23:31:16     CPU    %usr   %nice    %sys %iowait    %irq   %soft  %steal  %guest  %gnice   %idle
23:31:17     all    1.82    0.00   31.77    0.00    0.00   13.28    0.00    0.00    0.00   53.12
23:31:17       0    3.96    0.00   64.36    0.00    0.00   31.68    0.00    0.00    0.00    0.00
23:31:17       1    0.00    0.00    0.00    0.00    0.00    0.00    0.00    0.00    0.00  100.00
23:31:17       2    2.35    0.00   67.06    0.00    0.00   22.35    0.00    0.00    0.00    8.24
23:31:17       3    1.00    0.00    0.00    0.00    0.00    0.00    0.00    0.00    0.00   99.00

23:31:17     CPU    %usr   %nice    %sys %iowait    %irq   %soft  %steal  %guest  %gnice   %idle
23:31:18     all    2.58    0.00   31.52    0.00    0.00   13.44    0.00    0.00    0.00   52.45
23:31:18       0    5.00    0.00   64.00    0.00    0.00   31.00    0.00    0.00    0.00    0.00
23:31:18       1    1.00    0.00    0.00    0.00    0.00    0.00    0.00    0.00    0.00   99.00
23:31:18       2    3.41    0.00   64.77    0.00    0.00   23.86    0.00    0.00    0.00    7.95
23:31:18       3    1.01    0.00    1.01    0.00    0.00    0.00    0.00    0.00    0.00   97.98

23:31:18     CPU    %usr   %nice    %sys %iowait    %irq   %soft  %steal  %guest  %gnice   %idle
23:31:19     all    2.08    0.00   32.03    0.00    0.00   12.50    0.00    0.00    0.00   53.39
23:31:19       0    5.00    0.00   63.00    0.00    0.00   32.00    0.00    0.00    0.00    0.00
23:31:19       1    0.00    0.00    0.00    0.00    0.00    0.00    0.00    0.00    0.00  100.00
23:31:19       2    3.45    0.00   68.97    0.00    0.00   18.39    0.00    0.00    0.00    9.20
23:31:19       3    0.00    0.00    0.00    0.00    0.00    0.00    0.00    0.00    0.00  100.00

23:31:19     CPU    %usr   %nice    %sys %iowait    %irq   %soft  %steal  %guest  %gnice   %idle
23:31:20     all    2.54    0.00   33.25    0.25    0.00   12.44    0.00    0.00    0.00   51.52
23:31:20       0    4.00    0.00   68.00    0.00    0.00   28.00    0.00    0.00    0.00    0.00
23:31:20       1    0.99    0.00    0.99    0.00    0.00    0.00    0.00    0.00    0.00   98.02
23:31:20       2    2.20    0.00   67.03    0.00    0.00   23.08    0.00    0.00    0.00    7.69
23:31:20       3    2.94    0.00    0.98    0.98    0.00    0.00    0.00    0.00    0.00   95.10

23:31:20     CPU    %usr   %nice    %sys %iowait    %irq   %soft  %steal  %guest  %gnice   %idle
23:31:21     all    2.03    0.00   29.70    0.00    0.00   15.74    0.00    0.00    0.00   52.54
23:31:21       0    5.00    0.00   60.00    0.00    0.00   35.00    0.00    0.00    0.00    0.00
23:31:21       1    0.00    0.00    0.00    0.00    0.00    0.00    0.00    0.00    0.00  100.00
23:31:21       2    2.13    0.00   60.64    0.00    0.00   28.72    0.00    0.00    0.00    8.51
23:31:21       3    1.00    0.00    0.00    0.00    0.00    0.00    0.00    0.00    0.00   99.00

23:31:21     CPU    %usr   %nice    %sys %iowait    %irq   %soft  %steal  %guest  %gnice   %idle
23:31:22     all    2.54    0.00   30.53    0.00    0.00   15.01    0.00    0.00    0.00   51.91
23:31:22       0    5.94    0.00   63.37    0.00    0.00   30.69    0.00    0.00    0.00    0.00
23:31:22       1    1.01    0.00    0.00    0.00    0.00    0.00    0.00    0.00    0.00   98.99
23:31:22       2    3.19    0.00   59.57    0.00    0.00   29.79    0.00    0.00    0.00    7.45
23:31:22       3    0.00    0.00    0.00    0.00    0.00    0.00    0.00    0.00    0.00  100.00

23:31:22     CPU    %usr   %nice    %sys %iowait    %irq   %soft  %steal  %guest  %gnice   %idle
23:31:23     all    2.81    0.00   30.61    0.00    0.00   15.05    0.00    0.00    0.00   51.53
23:31:23       0    5.00    0.00   62.00    0.00    0.00   33.00    0.00    0.00    0.00    0.00
23:31:23       1    1.02    0.00    0.00    0.00    0.00    0.00    0.00    0.00    0.00   98.98
23:31:23       2    4.26    0.00   60.64    0.00    0.00   27.66    0.00    0.00    0.00    7.45
23:31:23       3    1.00    0.00    1.00    0.00    0.00    0.00    0.00    0.00    0.00   98.00

23:31:23     CPU    %usr   %nice    %sys %iowait    %irq   %soft  %steal  %guest  %gnice   %idle
23:31:24     all    2.54    0.00   30.53    0.00    0.00   15.01    0.00    0.00    0.00   51.91
23:31:24       0    6.00    0.00   62.00    0.00    0.00   32.00    0.00    0.00    0.00    0.00
23:31:24       1    0.00    0.00    1.01    0.00    0.00    0.00    0.00    0.00    0.00   98.99
23:31:24       2    3.19    0.00   60.64    0.00    0.00   28.72    0.00    0.00    0.00    7.45
23:31:24       3    1.00    0.00    0.00    0.00    0.00    0.00    0.00    0.00    0.00   99.00

23:31:24     CPU    %usr   %nice    %sys %iowait    %irq   %soft  %steal  %guest  %gnice   %idle
23:31:25     all    2.05    0.00   31.03    0.00    0.00   14.62    0.00    0.00    0.00   52.31
23:31:25       0    4.04    0.00   61.62    0.00    0.00   34.34    0.00    0.00    0.00    0.00
23:31:25       1    1.00    0.00    0.00    0.00    0.00    0.00    0.00    0.00    0.00   99.00
23:31:25       2    3.23    0.00   64.52    0.00    0.00   24.73    0.00    0.00    0.00    7.53
23:31:25       3    0.00    0.00    0.00    0.00    0.00    0.00    0.00    0.00    0.00  100.00

23:31:25     CPU    %usr   %nice    %sys %iowait    %irq   %soft  %steal  %guest  %gnice   %idle
23:31:26     all    2.78    0.00   30.89    0.00    0.00   14.68    0.00    0.00    0.00   51.65
23:31:26       0    5.94    0.00   60.40    0.00    0.00   33.66    0.00    0.00    0.00    0.00
23:31:26       1    0.00    0.00    1.01    0.00    0.00    0.00    0.00    0.00    0.00   98.99
23:31:26       2    3.19    0.00   63.83    0.00    0.00   25.53    0.00    0.00    0.00    7.45
23:31:26       3    1.98    0.00    0.00    0.00    0.00    0.00    0.00    0.00    0.00   98.02

23:31:26     CPU    %usr   %nice    %sys %iowait    %irq   %soft  %steal  %guest  %gnice   %idle
23:31:27     all    2.54    0.00   31.30    0.00    0.00   13.74    0.00    0.00    0.00   52.42
23:31:27       0    5.05    0.00   65.66    0.00    0.00   29.29    0.00    0.00    0.00    0.00
23:31:27       1    0.99    0.00    0.00    0.00    0.00    0.00    0.00    0.00    0.00   99.01
23:31:27       2    4.26    0.00   61.70    0.00    0.00   26.60    0.00    0.00    0.00    7.45
23:31:27       3    0.00    0.00    0.00    0.00    0.00    0.00    0.00    0.00    0.00  100.00

23:31:27     CPU    %usr   %nice    %sys %iowait    %irq   %soft  %steal  %guest  %gnice   %idle
23:31:28     all    2.05    0.00   30.69    0.00    0.00   14.83    0.00    0.00    0.00   52.43
23:31:28       0    5.00    0.00   63.00    0.00    0.00   32.00    0.00    0.00    0.00    0.00
23:31:28       1    0.00    0.00    0.00    0.00    0.00    0.00    0.00    0.00    0.00  100.00
23:31:28       2    3.23    0.00   61.29    0.00    0.00   27.96    0.00    0.00    0.00    7.53
23:31:28       3    0.00    0.00    0.00    0.00    0.00    0.00    0.00    0.00    0.00  100.00

23:31:28     CPU    %usr   %nice    %sys %iowait    %irq   %soft  %steal  %guest  %gnice   %idle
23:31:29     all    2.04    0.00   31.04    0.00    0.00   14.76    0.00    0.00    0.00   52.16
23:31:29       0    4.95    0.00   63.37    0.00    0.00   31.68    0.00    0.00    0.00    0.00
23:31:29       1    0.00    0.00    0.00    0.00    0.00    0.00    0.00    0.00    0.00  100.00
23:31:29       2    3.19    0.00   61.70    0.00    0.00   27.66    0.00    0.00    0.00    7.45
23:31:29       3    0.00    0.00    0.00    0.00    0.00    0.00    0.00    0.00    0.00  100.00

23:31:29     CPU    %usr   %nice    %sys %iowait    %irq   %soft  %steal  %guest  %gnice   %idle
23:31:30     all    2.78    0.00   30.63    0.00    0.00   14.68    0.00    0.00    0.00   51.90
23:31:30       0    6.00    0.00   60.00    0.00    0.00   34.00    0.00    0.00    0.00    0.00
23:31:30       1    1.00    0.00    0.00    0.00    0.00    0.00    0.00    0.00    0.00   99.00
23:31:30       2    3.16    0.00   64.21    0.00    0.00   25.26    0.00    0.00    0.00    7.37
23:31:30       3    1.00    0.00    0.00    0.00    0.00    0.00    0.00    0.00    0.00   99.00

23:31:30     CPU    %usr   %nice    %sys %iowait    %irq   %soft  %steal  %guest  %gnice   %idle
23:31:31     all    2.28    0.00   31.90    0.00    0.00   13.42    0.00    0.00    0.00   52.41
23:31:31       0    6.00    0.00   65.00    0.00    0.00   29.00    0.00    0.00    0.00    0.00
23:31:31       1    0.00    0.00    0.00    0.00    0.00    0.00    0.00    0.00    0.00  100.00
23:31:31       2    2.13    0.00   63.83    0.00    0.00   25.53    0.00    0.00    0.00    8.51
23:31:31       3    0.98    0.00    0.98    0.00    0.00    0.00    0.00    0.00    0.00   98.04

23:31:31     CPU    %usr   %nice    %sys %iowait    %irq   %soft  %steal  %guest  %gnice   %idle
23:31:32     all    2.79    0.00   31.73    0.00    0.00   13.96    0.00    0.00    0.00   51.52
23:31:32       0    5.00    0.00   63.00    0.00    0.00   32.00    0.00    0.00    0.00    0.00
23:31:32       1    1.01    0.00    0.00    0.00    0.00    0.00    0.00    0.00    0.00   98.99
23:31:32       2    4.17    0.00   64.58    0.00    0.00   23.96    0.00    0.00    0.00    7.29
23:31:32       3    1.01    0.00    0.00    0.00    0.00    0.00    0.00    0.00    0.00   98.99

23:31:32     CPU    %usr   %nice    %sys %iowait    %irq   %soft  %steal  %guest  %gnice   %idle
23:31:33     all    2.05    0.26   31.71    0.00    0.00   14.07    0.00    0.00    0.00   51.92
23:31:33       0    4.00    0.00   64.00    0.00    0.00   32.00    0.00    0.00    0.00    0.00
23:31:33       1    1.00    0.00    1.00    0.00    0.00    0.00    0.00    0.00    0.00   98.00
23:31:33       2    3.26    0.00   64.13    0.00    0.00   25.00    0.00    0.00    0.00    7.61
23:31:33       3    0.00    1.01    0.00    0.00    0.00    0.00    0.00    0.00    0.00   98.99

23:31:33     CPU    %usr   %nice    %sys %iowait    %irq   %soft  %steal  %guest  %gnice   %idle
23:31:34     all    2.28    0.00   31.22    0.00    0.00   14.47    0.00    0.00    0.00   52.03
23:31:34       0    5.00    0.00   64.00    0.00    0.00   31.00    0.00    0.00    0.00    0.00
23:31:34       1    1.00    0.00    0.00    0.00    0.00    0.00    0.00    0.00    0.00   99.00
23:31:34       2    2.13    0.00   62.77    0.00    0.00   27.66    0.00    0.00    0.00    7.45
23:31:34       3    1.00    0.00    0.00    0.00    0.00    0.00    0.00    0.00    0.00   99.00

23:31:34     CPU    %usr   %nice    %sys %iowait    %irq   %soft  %steal  %guest  %gnice   %idle
23:31:35     all    2.54    0.00   31.22    0.00    0.00   14.21    0.00    0.00    0.00   52.03
23:31:35       0    5.00    0.00   63.00    0.00    0.00   32.00    0.00    0.00    0.00    0.00
23:31:35       1    0.00    0.00    0.00    0.00    0.00    0.00    0.00    0.00    0.00  100.00
23:31:35       2    4.17    0.00   62.50    0.00    0.00   25.00    0.00    0.00    0.00    8.33
23:31:35       3    1.00    0.00    0.00    0.00    0.00    0.00    0.00    0.00    0.00   99.00
