Linux 7.0.0-31-generic (ubuntu) 	09/10/26 	_aarch64_	(4 CPU)

23:30:53     CPU    %usr   %nice    %sys %iowait    %irq   %soft  %steal  %guest  %gnice   %idle
23:30:54     all    1.78    0.76   35.28    0.00    0.00   12.18    0.00    0.00    0.00   50.00
23:30:54       0    3.00    0.00   73.00    0.00    0.00   24.00    0.00    0.00    0.00    0.00
23:30:54       1    1.01    2.02    1.01    0.00    0.00    0.00    0.00    0.00    0.00   95.96
23:30:54       2    2.08    0.00   67.71    0.00    0.00   25.00    0.00    0.00    0.00    5.21
23:30:54       3    1.01    1.01    0.00    0.00    0.00    0.00    0.00    0.00    0.00   97.98

23:30:54     CPU    %usr   %nice    %sys %iowait    %irq   %soft  %steal  %guest  %gnice   %idle
23:30:55     all    1.77    0.00   35.10    0.00    0.00   11.87    0.00    0.00    0.00   51.26
23:30:55       0    4.04    0.00   72.73    0.00    0.00   23.23    0.00    0.00    0.00    0.00
23:30:55       1    1.00    0.00    0.00    0.00    0.00    0.00    0.00    0.00    0.00   99.00
23:30:55       2    2.06    0.00   68.04    0.00    0.00   24.74    0.00    0.00    0.00    5.15
23:30:55       3    0.00    0.00    1.00    0.00    0.00    0.00    0.00    0.00    0.00   99.00

23:30:55     CPU    %usr   %nice    %sys %iowait    %irq   %soft  %steal  %guest  %gnice   %idle
23:30:56     all    1.99    0.00   36.48    0.00    0.00   11.17    0.00    0.00    0.00   50.37
23:30:56       0    3.92    0.00   74.51    0.00    0.00   21.57    0.00    0.00    0.00    0.00
23:30:56       1    1.00    0.00    0.00    0.00    0.00    0.00    0.00    0.00    0.00   99.00
23:30:56       2    1.98    0.00   70.30    0.00    0.00   22.77    0.00    0.00    0.00    4.95
23:30:56       3    1.00    0.00    0.00    0.00    0.00    0.00    0.00    0.00    0.00   99.00

23:30:56     CPU    %usr   %nice    %sys %iowait    %irq   %soft  %steal  %guest  %gnice   %idle
23:30:57     all    1.26    0.00   34.85    0.00    0.00   12.37    0.00    0.00    0.00   51.52
23:30:57       0    3.00    0.00   72.00    0.00    0.00   25.00    0.00    0.00    0.00    0.00
23:30:57       1    0.00    0.00    1.00    0.00    0.00    0.00    0.00    0.00    0.00   99.00
23:30:57       2    2.08    0.00   67.71    0.00    0.00   25.00    0.00    0.00    0.00    5.21
23:30:57       3    0.00    0.00    0.00    0.00    0.00    0.00    0.00    0.00    0.00  100.00

23:30:57     CPU    %usr   %nice    %sys %iowait    %irq   %soft  %steal  %guest  %gnice   %idle
23:30:58     all    1.77    0.00   36.11    0.00    0.00   11.11    0.00    0.00    0.00   51.01
23:30:58       0    3.00    0.00   74.00    0.00    0.00   23.00    0.00    0.00    0.00    0.00
23:30:58       1    1.01    0.00    0.00    0.00    0.00    0.00    0.00    0.00    0.00   98.99
23:30:58       2    3.06    0.00   70.41    0.00    0.00   21.43    0.00    0.00    0.00    5.10
23:30:58       3    0.00    0.00    0.00    0.00    0.00    0.00    0.00    0.00    0.00  100.00

23:30:58     CPU    %usr   %nice    %sys %iowait    %irq   %soft  %steal  %guest  %gnice   %idle
23:30:59     all    1.51    0.00   35.52    0.00    0.00   11.84    0.00    0.00    0.00   51.13
23:30:59       0    4.00    0.00   71.00    0.00    0.00   25.00    0.00    0.00    0.00    0.00
23:30:59       1    0.00    0.00    0.00    0.00    0.00    0.00    0.00    0.00    0.00  100.00
23:30:59       2    2.02    0.00   70.71    0.00    0.00   22.22    0.00    0.00    0.00    5.05
23:30:59       3    0.00    0.00    0.00    0.00    0.00    0.00    0.00    0.00    0.00  100.00

23:30:59     CPU    %usr   %nice    %sys %iowait    %irq   %soft  %steal  %guest  %gnice   %idle
23:31:00     all    3.00    0.00   35.50    0.00    0.00   11.50    0.00    0.00    0.00   50.00
23:31:00       0    2.97    0.00   71.29    0.00    0.00   24.75    0.00    0.00    0.00    0.99
23:31:00       1    2.97    0.00    0.99    0.00    0.00    0.00    0.00    0.00    0.00   96.04
23:31:00       2    3.09    0.00   70.10    0.00    0.00   21.65    0.00    0.00    0.00    5.15
23:31:00       3    2.97    0.00    0.99    0.00    0.00    0.00    0.00    0.00    0.00   96.04

23:31:00     CPU    %usr   %nice    %sys %iowait    %irq   %soft  %steal  %guest  %gnice   %idle
23:31:01     all    1.78    0.00   34.86    0.00    0.00   11.96    0.00    0.00    0.00   51.40
23:31:01       0    3.03    0.00   70.71    0.00    0.00   26.26    0.00    0.00    0.00    0.00
23:31:01       1    1.01    0.00    0.00    0.00    0.00    0.00    0.00    0.00    0.00   98.99
23:31:01       2    2.08    0.00   69.79    0.00    0.00   21.88    0.00    0.00    0.00    6.25
23:31:01       3    1.01    0.00    0.00    0.00    0.00    0.00    0.00    0.00    0.00   98.99

23:31:01     CPU    %usr   %nice    %sys %iowait    %irq   %soft  %steal  %guest  %gnice   %idle
23:31:02     all    4.36    0.51   34.87    0.00    0.00   11.28    0.00    0.00    0.00   48.97
23:31:02       0    3.09    0.00   73.20    0.00    0.00   23.71    0.00    0.00    0.00    0.00
23:31:02       1    5.15    1.03    1.03    0.00    0.00    0.00    0.00    0.00    0.00   92.78
23:31:02       2    3.09    1.03   64.95    0.00    0.00   21.65    0.00    0.00    0.00    9.28
23:31:02       3    6.06    0.00    1.01    0.00    0.00    0.00    0.00    0.00    0.00   92.93

23:31:02     CPU    %usr   %nice    %sys %iowait    %irq   %soft  %steal  %guest  %gnice   %idle
23:31:03     all    2.55    0.00   35.46    0.00    0.00   11.99    0.00    0.00    0.00   50.00
23:31:03       0    3.00    0.00   71.00    0.00    0.00   26.00    0.00    0.00    0.00    0.00
23:31:03       1    4.04    0.00    1.01    0.00    0.00    0.00    0.00    0.00    0.00   94.95
23:31:03       2    1.06    0.00   70.21    0.00    0.00   22.34    0.00    0.00    0.00    6.38
23:31:03       3    2.02    0.00    1.01    0.00    0.00    0.00    0.00    0.00    0.00   96.97

23:31:03     CPU    %usr   %nice    %sys %iowait    %irq   %soft  %steal  %guest  %gnice   %idle
23:31:04     all    2.54    0.00   35.11    0.00    0.00   12.47    0.00    0.00    0.00   49.87
23:31:04       0    3.00    0.00   71.00    0.00    0.00   26.00    0.00    0.00    0.00    0.00
23:31:04       1    2.04    0.00    1.02    0.00    0.00    0.00    0.00    0.00    0.00   96.94
23:31:04       2    3.09    0.00   67.01    0.00    0.00   23.71    0.00    0.00    0.00    6.19
23:31:04       3    2.04    0.00    1.02    0.00    0.00    0.00    0.00    0.00    0.00   96.94

23:31:04     CPU    %usr   %nice    %sys %iowait    %irq   %soft  %steal  %guest  %gnice   %idle
23:31:05     all    2.77    0.00   36.02    0.00    0.00   12.09    0.00    0.00    0.00   49.12
23:31:05       0    2.97    0.00   75.25    0.00    0.00   21.78    0.00    0.00    0.00    0.00
23:31:05       1    3.03    0.00    1.01    0.00    0.00    0.00    0.00    0.00    0.00   95.96
23:31:05       2    2.04    0.00   66.33    0.00    0.00   26.53    0.00    0.00    0.00    5.10
23:31:05       3    3.03    0.00    1.01    0.00    0.00    0.00    0.00    0.00    0.00   95.96

23:31:05     CPU    %usr   %nice    %sys %iowait    %irq   %soft  %steal  %guest  %gnice   %idle
23:31:06     all    2.28    0.00   36.04    0.00    0.00   11.42    0.00    0.00    0.00   50.25
23:31:06       0    3.00    0.00   73.00    0.00    0.00   24.00    0.00    0.00    0.00    0.00
23:31:06       1    2.04    0.00    0.00    0.00    0.00    0.00    0.00    0.00    0.00   97.96
23:31:06       2    2.06    0.00   70.10    0.00    0.00   21.65    0.00    0.00    0.00    6.19
23:31:06       3    2.02    0.00    1.01    0.00    0.00    0.00    0.00    0.00    0.00   96.97

23:31:06     CPU    %usr   %nice    %sys %iowait    %irq   %soft  %steal  %guest  %gnice   %idle
23:31:07     all    2.78    0.00   36.71    0.00    0.00   11.14    0.00    0.00    0.00   49.37
23:31:07       0    4.00    0.00   73.00    0.00    0.00   23.00    0.00    0.00    0.00    0.00
23:31:07       1    3.03    0.00    1.01    0.00    0.00    0.00    0.00    0.00    0.00   95.96
23:31:07       2    2.06    0.00   71.13    0.00    0.00   21.65    0.00    0.00    0.00    5.15
23:31:07       3    2.02    0.00    2.02    0.00    0.00    0.00    0.00    0.00    0.00   95.96

23:31:07     CPU    %usr   %nice    %sys %iowait    %irq   %soft  %steal  %guest  %gnice   %idle
23:31:08     all    4.05    0.00   36.46    0.00    0.00   10.89    0.00    0.00    0.00   48.61
23:31:08       0    3.96    0.00   73.27    0.00    0.00   21.78    0.00    0.00    0.00    0.99
23:31:08       1    4.08    0.00    2.04    0.00    0.00    0.00    0.00    0.00    0.00   93.88
23:31:08       2    3.09    0.00   68.04    0.00    0.00   21.65    0.00    0.00    0.00    7.22
23:31:08       3    5.05    0.00    2.02    0.00    0.00    0.00    0.00    0.00    0.00   92.93

23:31:08     CPU    %usr   %nice    %sys %iowait    %irq   %soft  %steal  %guest  %gnice   %idle
23:31:09     all    2.56    0.00   34.27    0.00    0.00   12.79    0.00    0.00    0.00   50.38
23:31:09       0    4.00    0.00   68.00    0.00    0.00   28.00    0.00    0.00    0.00    0.00
23:31:09       1    2.04    0.00    1.02    0.00    0.00    0.00    0.00    0.00    0.00   96.94
23:31:09       2    2.11    0.00   67.37    0.00    0.00   23.16    0.00    0.00    0.00    7.37
23:31:09       3    2.04    0.00    1.02    0.00    0.00    0.00    0.00    0.00    0.00   96.94

23:31:09     CPU    %usr   %nice    %sys %iowait    %irq   %soft  %steal  %guest  %gnice   %idle
23:31:10     all    3.54    0.00   36.62    0.00    0.00   10.35    0.00    0.00    0.00   49.49
23:31:10       0    3.03    0.00   74.75    0.00    0.00   22.22    0.00    0.00    0.00    0.00
23:31:10       1    5.00    0.00    1.00    0.00    0.00    0.00    0.00    0.00    0.00   94.00
23:31:10       2    3.09    0.00   71.13    0.00    0.00   19.59    0.00    0.00    0.00    6.19
23:31:10       3    3.00    0.00    1.00    0.00    0.00    0.00    0.00    0.00    0.00   96.00

23:31:10     CPU    %usr   %nice    %sys %iowait    %irq   %soft  %steal  %guest  %gnice   %idle
23:31:11     all    2.28    0.00   35.95    0.00    0.00   11.14    0.00    0.00    0.00   50.63
23:31:11       0    3.00    0.00   74.00    0.00    0.00   23.00    0.00    0.00    0.00    0.00
23:31:11       1    2.02    0.00    0.00    0.00    0.00    0.00    0.00    0.00    0.00   97.98
23:31:11       2    2.08    0.00   69.79    0.00    0.00   21.88    0.00    0.00    0.00    6.25
23:31:11       3    2.00    0.00    1.00    0.00    0.00    0.00    0.00    0.00    0.00   97.00

23:31:11     CPU    %usr   %nice    %sys %iowait    %irq   %soft  %steal  %guest  %gnice   %idle
23:31:12     all    2.54    0.00   35.79    0.00    0.00   12.18    0.00    0.00    0.00   49.49
23:31:12       0    3.00    0.00   72.00    0.00    0.00   25.00    0.00    0.00    0.00    0.00
23:31:12       1    2.06    0.00    1.03    0.00    0.00    0.00    0.00    0.00    0.00   96.91
23:31:12       2    3.03    0.00   67.68    0.00    0.00   23.23    0.00    0.00    0.00    6.06
23:31:12       3    2.04    0.00    1.02    0.00    0.00    0.00    0.00    0.00    0.00   96.94
