Linux 7.0.0-31-generic (ubuntu) 	09/10/26 	_aarch64_	(4 CPU)

23:33:05     CPU    %usr   %nice    %sys %iowait    %irq   %soft  %steal  %guest  %gnice   %idle
23:33:06     all    2.56    0.26   31.97    0.00    0.00   13.55    0.00    0.00    0.00   51.66
23:33:06       0    4.04    0.00   64.65    0.00    0.00   31.31    0.00    0.00    0.00    0.00
23:33:06       1    2.00    0.00    0.00    0.00    0.00    0.00    0.00    0.00    0.00   98.00
23:33:06       2    4.30    0.00   63.44    0.00    0.00   23.66    0.00    0.00    0.00    8.60
23:33:06       3    0.00    1.01    2.02    0.00    0.00    0.00    0.00    0.00    0.00   96.97

23:33:06     CPU    %usr   %nice    %sys %iowait    %irq   %soft  %steal  %guest  %gnice   %idle
23:33:07     all    2.30    0.00   31.63    0.00    0.00   14.03    0.00    0.00    0.00   52.04
23:33:07       0    6.00    0.00   63.00    0.00    0.00   31.00    0.00    0.00    0.00    0.00
23:33:07       1    0.00    0.00    1.01    0.00    0.00    0.00    0.00    0.00    0.00   98.99
23:33:07       2    2.17    0.00   64.13    0.00    0.00   26.09    0.00    0.00    0.00    7.61
23:33:07       3    0.99    0.00    0.99    0.00    0.00    0.00    0.00    0.00    0.00   98.02

23:33:07     CPU    %usr   %nice    %sys %iowait    %irq   %soft  %steal  %guest  %gnice   %idle
23:33:08     all    2.54    0.00   30.71    0.00    0.00   14.47    0.00    0.00    0.00   52.28
23:33:08       0    5.00    0.00   63.00    0.00    0.00   32.00    0.00    0.00    0.00    0.00
23:33:08       1    1.00    0.00    0.00    0.00    0.00    0.00    0.00    0.00    0.00   99.00
23:33:08       2    3.19    0.00   61.70    0.00    0.00   26.60    0.00    0.00    0.00    8.51
23:33:08       3    1.00    0.00    0.00    0.00    0.00    0.00    0.00    0.00    0.00   99.00

23:33:08     CPU    %usr   %nice    %sys %iowait    %irq   %soft  %steal  %guest  %gnice   %idle
23:33:09     all    3.32    0.00   31.38    0.00    0.00   13.78    0.00    0.00    0.00   51.53
23:33:09       0    7.00    0.00   63.00    0.00    0.00   30.00    0.00    0.00    0.00    0.00
23:33:09       1    2.02    0.00    0.00    0.00    0.00    0.00    0.00    0.00    0.00   97.98
23:33:09       2    3.19    0.00   62.77    0.00    0.00   25.53    0.00    0.00    0.00    8.51
23:33:09       3    1.01    0.00    1.01    0.00    0.00    0.00    0.00    0.00    0.00   97.98

23:33:09     CPU    %usr   %nice    %sys %iowait    %irq   %soft  %steal  %guest  %gnice   %idle
23:33:10     all    3.30    0.00   30.96    0.00    0.00   14.72    0.00    0.00    0.00   51.02
23:33:10       0    4.95    0.00   62.38    0.00    0.00   32.67    0.00    0.00    0.00    0.00
23:33:10       1    1.01    0.00    0.00    0.00    0.00    0.00    0.00    0.00    0.00   98.99
23:33:10       2    3.16    0.00   62.11    0.00    0.00   26.32    0.00    0.00    0.00    8.42
23:33:10       3    4.04    0.00    0.00    0.00    0.00    0.00    0.00    0.00    0.00   95.96

23:33:10     CPU    %usr   %nice    %sys %iowait    %irq   %soft  %steal  %guest  %gnice   %idle
23:33:11     all    2.54    0.00   30.79    0.00    0.00   14.50    0.00    0.00    0.00   52.16
23:33:11       0    5.00    0.00   62.00    0.00    0.00   33.00    0.00    0.00    0.00    0.00
23:33:11       1    0.99    0.00    0.99    0.00    0.00    0.00    0.00    0.00    0.00   98.02
23:33:11       2    3.26    0.00   63.04    0.00    0.00   26.09    0.00    0.00    0.00    7.61
23:33:11       3    1.00    0.00    0.00    0.00    0.00    0.00    0.00    0.00    0.00   99.00

23:33:11     CPU    %usr   %nice    %sys %iowait    %irq   %soft  %steal  %guest  %gnice   %idle
23:33:12     all    3.32    0.00   31.63    0.00    0.00   13.27    0.00    0.00    0.00   51.79
23:33:12       0    7.00    0.00   67.00    0.00    0.00   26.00    0.00    0.00    0.00    0.00
23:33:12       1    3.03    0.00    0.00    0.00    0.00    0.00    0.00    0.00    0.00   96.97
23:33:12       2    3.19    0.00   60.64    0.00    0.00   27.66    0.00    0.00    0.00    8.51
23:33:12       3    0.00    0.00    0.00    0.00    0.00    0.00    0.00    0.00    0.00  100.00

23:33:12     CPU    %usr   %nice    %sys %iowait    %irq   %soft  %steal  %guest  %gnice   %idle
23:33:13     all    2.56    0.00   31.79    0.26    0.00   14.10    0.00    0.00    0.00   51.28
23:33:13       0    5.00    0.00   62.00    0.00    0.00   32.00    0.00    0.00    0.00    1.00
23:33:13       1    1.02    0.00    1.02    0.00    0.00    0.00    0.00    0.00    0.00   97.96
23:33:13       2    3.23    0.00   64.52    0.00    0.00   24.73    0.00    0.00    0.00    7.53
23:33:13       3    1.01    0.00    1.01    1.01    0.00    0.00    0.00    0.00    0.00   96.97

23:33:13     CPU    %usr   %nice    %sys %iowait    %irq   %soft  %steal  %guest  %gnice   %idle
23:33:14     all    2.27    0.00   32.32    0.00    0.00   14.39    0.00    0.00    0.00   51.01
23:33:14       0    4.95    0.00   64.36    0.00    0.00   30.69    0.00    0.00    0.00    0.00
23:33:14       1    0.00    0.00    2.02    0.00    0.00    0.00    0.00    0.00    0.00   97.98
23:33:14       2    4.17    0.00   62.50    0.00    0.00   27.08    0.00    0.00    0.00    6.25
23:33:14       3    0.00    0.00    1.00    0.00    0.00    0.00    0.00    0.00    0.00   99.00

23:33:14     CPU    %usr   %nice    %sys %iowait    %irq   %soft  %steal  %guest  %gnice   %idle
23:33:15     all    2.30    0.00   30.69    0.00    0.00   14.58    0.00    0.00    0.00   52.43
23:33:15       0    6.00    0.00   61.00    0.00    0.00   33.00    0.00    0.00    0.00    0.00
23:33:15       1    0.00    0.00    0.00    0.00    0.00    0.00    0.00    0.00    0.00  100.00
23:33:15       2    3.23    0.00   63.44    0.00    0.00   25.81    0.00    0.00    0.00    7.53
23:33:15       3    0.00    0.00    0.00    0.00    0.00    0.00    0.00    0.00    0.00  100.00

23:33:15     CPU    %usr   %nice    %sys %iowait    %irq   %soft  %steal  %guest  %gnice   %idle
23:33:16     all    2.78    0.00   31.14    0.00    0.00   13.92    0.00    0.00    0.00   52.15
23:33:16       0    6.00    0.00   63.00    0.00    0.00   31.00    0.00    0.00    0.00    0.00
23:33:16       1    1.00    0.00    0.00    0.00    0.00    0.00    0.00    0.00    0.00   99.00
23:33:16       2    3.19    0.00   63.83    0.00    0.00   25.53    0.00    0.00    0.00    7.45
23:33:16       3    0.99    0.00    0.00    0.00    0.00    0.00    0.00    0.00    0.00   99.01

23:33:16     CPU    %usr   %nice    %sys %iowait    %irq   %soft  %steal  %guest  %gnice   %idle
23:33:17     all    2.03    0.00   31.47    0.25    0.00   14.21    0.00    0.00    0.00   52.03
23:33:17       0    5.00    0.00   64.00    0.00    0.00   31.00    0.00    0.00    0.00    0.00
23:33:17       1    0.00    0.00    0.00    1.00    0.00    0.00    0.00    0.00    0.00   99.00
23:33:17       2    3.16    0.00   63.16    0.00    0.00   26.32    0.00    0.00    0.00    7.37
23:33:17       3    0.00    0.00    0.00    0.00    0.00    0.00    0.00    0.00    0.00  100.00

23:33:17     CPU    %usr   %nice    %sys %iowait    %irq   %soft  %steal  %guest  %gnice   %idle
23:33:18     all    2.03    0.00   32.23    0.00    0.00   13.96    0.00    0.00    0.00   51.78
23:33:18       0    5.00    0.00   65.00    0.00    0.00   30.00    0.00    0.00    0.00    0.00
23:33:18       1    0.99    0.00    0.99    0.00    0.00    0.00    0.00    0.00    0.00   98.02
23:33:18       2    2.13    0.00   64.89    0.00    0.00   26.60    0.00    0.00    0.00    6.38
23:33:18       3    0.00    0.00    0.00    0.00    0.00    0.00    0.00    0.00    0.00  100.00

23:33:18     CPU    %usr   %nice    %sys %iowait    %irq   %soft  %steal  %guest  %gnice   %idle
23:33:19     all    2.27    0.00   30.81    0.00    0.00   14.90    0.00    0.00    0.00   52.02
23:33:19       0    4.00    0.00   63.00    0.00    0.00   33.00    0.00    0.00    0.00    0.00
23:33:19       1    1.00    0.00    0.00    0.00    0.00    0.00    0.00    0.00    0.00   99.00
23:33:19       2    4.17    0.00   61.46    0.00    0.00   27.08    0.00    0.00    0.00    7.29
23:33:19       3    0.00    0.00    0.00    0.00    0.00    0.00    0.00    0.00    0.00  100.00

23:33:19     CPU    %usr   %nice    %sys %iowait    %irq   %soft  %steal  %guest  %gnice   %idle
23:33:20     all    2.03    0.00   32.49    0.00    0.00   13.45    0.00    0.00    0.00   52.03
23:33:20       0    4.00    0.00   67.00    0.00    0.00   29.00    0.00    0.00    0.00    0.00
23:33:20       1    0.00    0.00    0.00    0.00    0.00    0.00    0.00    0.00    0.00  100.00
23:33:20       2    3.16    0.00   64.21    0.00    0.00   25.26    0.00    0.00    0.00    7.37
23:33:20       3    1.00    0.00    0.00    0.00    0.00    0.00    0.00    0.00    0.00   99.00

23:33:20     CPU    %usr   %nice    %sys %iowait    %irq   %soft  %steal  %guest  %gnice   %idle
23:33:21     all    2.76    0.00   31.16    0.00    0.00   14.57    0.00    0.00    0.00   51.51
23:33:21       0    5.94    0.00   62.38    0.00    0.00   31.68    0.00    0.00    0.00    0.00
23:33:21       1    1.00    0.00    0.00    0.00    0.00    0.00    0.00    0.00    0.00   99.00
23:33:21       2    3.12    0.00   62.50    0.00    0.00   27.08    0.00    0.00    0.00    7.29
23:33:21       3    0.99    0.00    0.99    0.00    0.00    0.00    0.00    0.00    0.00   98.02

23:33:21     CPU    %usr   %nice    %sys %iowait    %irq   %soft  %steal  %guest  %gnice   %idle
23:33:22     all    2.55    0.00   31.63    0.00    0.00   13.27    0.00    0.00    0.00   52.55
23:33:22       0    7.00    0.00   65.00    0.00    0.00   28.00    0.00    0.00    0.00    0.00
23:33:22       1    0.00    0.00    0.00    0.00    0.00    0.00    0.00    0.00    0.00  100.00
23:33:22       2    3.26    0.00   64.13    0.00    0.00   26.09    0.00    0.00    0.00    6.52
23:33:22       3    0.00    0.00    0.00    0.00    0.00    0.00    0.00    0.00    0.00  100.00

23:33:22     CPU    %usr   %nice    %sys %iowait    %irq   %soft  %steal  %guest  %gnice   %idle
23:33:23     all    1.78    0.00   31.47    0.00    0.00   14.72    0.00    0.00    0.00   52.03
23:33:23       0    4.95    0.00   63.37    0.00    0.00   31.68    0.00    0.00    0.00    0.00
23:33:23       1    0.00    0.00    0.00    0.00    0.00    0.00    0.00    0.00    0.00  100.00
23:33:23       2    2.11    0.00   63.16    0.00    0.00   27.37    0.00    0.00    0.00    7.37
23:33:23       3    0.00    0.00    0.00    0.00    0.00    0.00    0.00    0.00    0.00  100.00

23:33:23     CPU    %usr   %nice    %sys %iowait    %irq   %soft  %steal  %guest  %gnice   %idle
23:33:24     all    3.03    0.00   30.30    0.00    0.00   15.40    0.00    0.00    0.00   51.26
23:33:24       0    5.00    0.00   61.00    0.00    0.00   34.00    0.00    0.00    0.00    0.00
23:33:24       1    1.00    0.00    1.00    0.00    0.00    0.00    0.00    0.00    0.00   98.00
23:33:24       2    5.21    0.00   60.42    0.00    0.00   28.12    0.00    0.00    0.00    6.25
23:33:24       3    1.00    0.00    0.00    0.00    0.00    0.00    0.00    0.00    0.00   99.00

23:33:24     CPU    %usr   %nice    %sys %iowait    %irq   %soft  %steal  %guest  %gnice   %idle
23:33:25     all    2.04    0.00   31.81    0.00    0.00   13.23    0.00    0.00    0.00   52.93
23:33:25       0    5.00    0.00   65.00    0.00    0.00   28.00    0.00    0.00    0.00    2.00
23:33:25       1    0.00    0.00    0.00    0.00    0.00    0.00    0.00    0.00    0.00  100.00
23:33:25       2    2.11    0.00   63.16    0.00    0.00   25.26    0.00    0.00    0.00    9.47
23:33:25       3    1.01    0.00    0.00    0.00    0.00    0.00    0.00    0.00    0.00   98.99
