Linux 7.0.0-31-generic (ubuntu) 	09/10/26 	_aarch64_	(4 CPU)

23:33:50     CPU    %usr   %nice    %sys %iowait    %irq   %soft  %steal  %guest  %gnice   %idle
23:33:51     all    1.77    0.25   35.95    0.00    0.00   11.39    0.00    0.00    0.00   50.63
23:33:51       0    3.03    0.00   73.74    0.00    0.00   23.23    0.00    0.00    0.00    0.00
23:33:51       1    1.00    1.00    1.00    0.00    0.00    0.00    0.00    0.00    0.00   97.00
23:33:51       2    3.09    0.00   69.07    0.00    0.00   22.68    0.00    0.00    0.00    5.15
23:33:51       3    0.00    0.00    1.01    0.00    0.00    0.00    0.00    0.00    0.00   98.99

23:33:51     CPU    %usr   %nice    %sys %iowait    %irq   %soft  %steal  %guest  %gnice   %idle
23:33:52     all    1.52    0.00   35.70    0.00    0.00   11.65    0.00    0.00    0.00   51.14
23:33:52       0    3.00    0.00   72.00    0.00    0.00   25.00    0.00    0.00    0.00    0.00
23:33:52       1    1.00    0.00    0.00    0.00    0.00    0.00    0.00    0.00    0.00   99.00
23:33:52       2    2.08    0.00   71.88    0.00    0.00   21.88    0.00    0.00    0.00    4.17
23:33:52       3    0.00    0.00    0.00    0.00    0.00    0.00    0.00    0.00    0.00  100.00

23:33:52     CPU    %usr   %nice    %sys %iowait    %irq   %soft  %steal  %guest  %gnice   %idle
23:33:53     all    2.52    0.00   36.27    0.25    0.00   11.34    0.00    0.00    0.00   49.62
23:33:53       0    2.97    0.00   73.27    0.00    0.00   22.77    0.00    0.00    0.00    0.99
23:33:53       1    3.03    0.00    1.01    1.01    0.00    0.00    0.00    0.00    0.00   94.95
23:33:53       2    2.06    0.00   70.10    0.00    0.00   22.68    0.00    0.00    0.00    5.15
23:33:53       3    2.00    0.00    1.00    0.00    0.00    0.00    0.00    0.00    0.00   97.00

23:33:53     CPU    %usr   %nice    %sys %iowait    %irq   %soft  %steal  %guest  %gnice   %idle
23:33:54     all    2.01    0.00   36.34    0.00    0.00   11.28    0.00    0.00    0.00   50.38
23:33:54       0    3.96    0.00   75.25    0.00    0.00   20.79    0.00    0.00    0.00    0.00
23:33:54       1    1.00    0.00    1.00    0.00    0.00    0.00    0.00    0.00    0.00   98.00
23:33:54       2    2.04    0.00   69.39    0.00    0.00   24.49    0.00    0.00    0.00    4.08
23:33:54       3    1.00    0.00    0.00    0.00    0.00    0.00    0.00    0.00    0.00   99.00

23:33:54     CPU    %usr   %nice    %sys %iowait    %irq   %soft  %steal  %guest  %gnice   %idle
23:33:55     all    1.26    0.00   36.36    0.00    0.00   11.36    0.00    0.00    0.00   51.01
23:33:55       0    3.03    0.00   74.75    0.00    0.00   22.22    0.00    0.00    0.00    0.00
23:33:55       1    0.00    0.00    0.00    0.00    0.00    0.00    0.00    0.00    0.00  100.00
23:33:55       2    2.02    0.00   70.71    0.00    0.00   23.23    0.00    0.00    0.00    4.04
23:33:55       3    0.00    0.00    0.00    0.00    0.00    0.00    0.00    0.00    0.00  100.00

23:33:55     CPU    %usr   %nice    %sys %iowait    %irq   %soft  %steal  %guest  %gnice   %idle
23:33:56     all    1.75    0.00   35.59    0.00    0.00   11.78    0.00    0.00    0.00   50.88
23:33:56       0    4.00    0.00   73.00    0.00    0.00   23.00    0.00    0.00    0.00    0.00
23:33:56       1    0.00    0.00    0.00    0.00    0.00    0.00    0.00    0.00    0.00  100.00
23:33:56       2    2.02    0.00   69.70    0.00    0.00   24.24    0.00    0.00    0.00    4.04
23:33:56       3    1.00    0.00    0.00    0.00    0.00    0.00    0.00    0.00    0.00   99.00

23:33:56     CPU    %usr   %nice    %sys %iowait    %irq   %soft  %steal  %guest  %gnice   %idle
23:33:57     all    1.76    0.00   35.18    0.00    0.00   12.06    0.00    0.00    0.00   51.01
23:33:57       0    3.96    0.00   72.28    0.00    0.00   23.76    0.00    0.00    0.00    0.00
23:33:57       1    0.00    0.00    0.00    0.00    0.00    0.00    0.00    0.00    0.00  100.00
23:33:57       2    3.06    0.00   68.37    0.00    0.00   24.49    0.00    0.00    0.00    4.08
23:33:57       3    0.00    0.00    0.00    0.00    0.00    0.00    0.00    0.00    0.00  100.00

23:33:57     CPU    %usr   %nice    %sys %iowait    %irq   %soft  %steal  %guest  %gnice   %idle
23:33:58     all    1.26    0.00   36.02    0.00    0.00   11.84    0.00    0.00    0.00   50.88
23:33:58       0    2.00    0.00   75.00    0.00    0.00   23.00    0.00    0.00    0.00    0.00
23:33:58       1    0.00    0.00    0.00    0.00    0.00    0.00    0.00    0.00    0.00  100.00
23:33:58       2    3.03    0.00   68.69    0.00    0.00   24.24    0.00    0.00    0.00    4.04
23:33:58       3    0.00    0.00    0.00    0.00    0.00    0.00    0.00    0.00    0.00  100.00

23:33:58     CPU    %usr   %nice    %sys %iowait    %irq   %soft  %steal  %guest  %gnice   %idle
23:33:59     all    1.76    0.00   35.26    0.00    0.00   12.09    0.00    0.00    0.00   50.88
23:33:59       0    3.00    0.00   74.00    0.00    0.00   23.00    0.00    0.00    0.00    0.00
23:33:59       1    1.01    0.00    0.00    0.00    0.00    0.00    0.00    0.00    0.00   98.99
23:33:59       2    2.04    0.00   67.35    0.00    0.00   25.51    0.00    0.00    0.00    5.10
23:33:59       3    1.00    0.00    0.00    0.00    0.00    0.00    0.00    0.00    0.00   99.00

23:33:59     CPU    %usr   %nice    %sys %iowait    %irq   %soft  %steal  %guest  %gnice   %idle
23:34:00     all    2.00    0.00   35.50    0.00    0.00   12.25    0.00    0.00    0.00   50.25
23:34:00       0    3.96    0.00   72.28    0.00    0.00   23.76    0.00    0.00    0.00    0.00
23:34:00       1    1.00    0.00    0.00    0.00    0.00    0.00    0.00    0.00    0.00   99.00
23:34:00       2    2.00    0.00   69.00    0.00    0.00   25.00    0.00    0.00    0.00    4.00
23:34:00       3    1.01    0.00    0.00    0.00    0.00    0.00    0.00    0.00    0.00   98.99

23:34:00     CPU    %usr   %nice    %sys %iowait    %irq   %soft  %steal  %guest  %gnice   %idle
23:34:01     all    1.51    0.00   36.43    0.00    0.00   11.06    0.00    0.00    0.00   51.01
23:34:01       0    3.03    0.00   74.75    0.00    0.00   22.22    0.00    0.00    0.00    0.00
23:34:01       1    0.00    0.00    0.00    0.00    0.00    0.00    0.00    0.00    0.00  100.00
23:34:01       2    3.03    0.00   70.71    0.00    0.00   22.22    0.00    0.00    0.00    4.04
23:34:01       3    0.00    0.00    0.99    0.00    0.00    0.00    0.00    0.00    0.00   99.01

23:34:01     CPU    %usr   %nice    %sys %iowait    %irq   %soft  %steal  %guest  %gnice   %idle
23:34:02     all    1.75    0.00   36.25    0.00    0.00   11.50    0.00    0.00    0.00   50.50
23:34:02       0    2.97    0.00   75.25    0.00    0.00   21.78    0.00    0.00    0.00    0.00
23:34:02       1    1.00    0.00    0.00    0.00    0.00    0.00    0.00    0.00    0.00   99.00
23:34:02       2    2.02    0.00   69.70    0.00    0.00   24.24    0.00    0.00    0.00    4.04
23:34:02       3    1.00    0.00    0.00    0.00    0.00    0.00    0.00    0.00    0.00   99.00

23:34:02     CPU    %usr   %nice    %sys %iowait    %irq   %soft  %steal  %guest  %gnice   %idle
23:34:03     all    2.01    0.00   36.43    0.00    0.00   11.31    0.00    0.00    0.00   50.25
23:34:03       0    3.00    0.00   74.00    0.00    0.00   23.00    0.00    0.00    0.00    0.00
23:34:03       1    1.00    0.00    1.00    0.00    0.00    0.00    0.00    0.00    0.00   98.00
23:34:03       2    3.03    0.00   70.71    0.00    0.00   22.22    0.00    0.00    0.00    4.04
23:34:03       3    1.01    0.00    0.00    0.00    0.00    0.00    0.00    0.00    0.00   98.99

23:34:03     CPU    %usr   %nice    %sys %iowait    %irq   %soft  %steal  %guest  %gnice   %idle
23:34:04     all    1.51    0.00   35.68    0.00    0.00   11.81    0.00    0.00    0.00   51.01
23:34:04       0    4.00    0.00   73.00    0.00    0.00   23.00    0.00    0.00    0.00    0.00
23:34:04       1    0.00    0.00    0.00    0.00    0.00    0.00    0.00    0.00    0.00  100.00
23:34:04       2    2.02    0.00   69.70    0.00    0.00   24.24    0.00    0.00    0.00    4.04
23:34:04       3    0.00    0.00    0.00    0.00    0.00    0.00    0.00    0.00    0.00  100.00

23:34:04     CPU    %usr   %nice    %sys %iowait    %irq   %soft  %steal  %guest  %gnice   %idle
23:34:05     all    1.78    0.00   35.03    0.00    0.00   12.18    0.00    0.00    0.00   51.02
23:34:05       0    3.03    0.00   72.73    0.00    0.00   24.24    0.00    0.00    0.00    0.00
23:34:05       1    0.00    0.00    0.00    0.00    0.00    0.00    0.00    0.00    0.00  100.00
23:34:05       2    4.12    0.00   68.04    0.00    0.00   24.74    0.00    0.00    0.00    3.09
23:34:05       3    0.00    0.00    0.00    0.00    0.00    0.00    0.00    0.00    0.00  100.00

23:34:05     CPU    %usr   %nice    %sys %iowait    %irq   %soft  %steal  %guest  %gnice   %idle
23:34:06     all    2.24    0.00   35.16    0.25    0.00   12.22    0.00    0.00    0.00   50.12
23:34:06       0    3.96    0.00   72.28    0.00    0.00   23.76    0.00    0.00    0.00    0.00
23:34:06       1    0.99    0.00    0.99    0.00    0.00    0.00    0.00    0.00    0.00   98.02
23:34:06       2    3.06    0.00   68.37    0.00    0.00   25.51    0.00    0.00    0.00    3.06
23:34:06       3    0.99    0.00    0.00    0.99    0.00    0.00    0.00    0.00    0.00   98.02

23:34:06     CPU    %usr   %nice    %sys %iowait    %irq   %soft  %steal  %guest  %gnice   %idle
23:34:07     all    1.51    0.00   36.68    0.00    0.00   11.06    0.00    0.00    0.00   50.75
23:34:07       0    4.00    0.00   73.00    0.00    0.00   23.00    0.00    0.00    0.00    0.00
23:34:07       1    0.00    0.00    0.00    0.00    0.00    0.00    0.00    0.00    0.00  100.00
23:34:07       2    2.02    0.00   72.73    0.00    0.00   21.21    0.00    0.00    0.00    4.04
23:34:07       3    0.00    0.00    1.00    0.00    0.00    0.00    0.00    0.00    0.00   99.00

23:34:07     CPU    %usr   %nice    %sys %iowait    %irq   %soft  %steal  %guest  %gnice   %idle
23:34:08     all    2.00    0.00   35.16    0.00    0.00   12.22    0.00    0.00    0.00   50.62
23:34:08       0    3.00    0.00   74.00    0.00    0.00   23.00    0.00    0.00    0.00    0.00
23:34:08       1    1.00    0.00    0.00    0.00    0.00    0.00    0.00    0.00    0.00   99.00
23:34:08       2    3.00    0.00   67.00    0.00    0.00   26.00    0.00    0.00    0.00    4.00
23:34:08       3    0.99    0.00    0.00    0.00    0.00    0.00    0.00    0.00    0.00   99.01

23:34:08     CPU    %usr   %nice    %sys %iowait    %irq   %soft  %steal  %guest  %gnice   %idle
23:34:09     all    1.26    0.00   35.93    0.00    0.00   12.06    0.00    0.00    0.00   50.75
23:34:09       0    1.98    0.00   74.26    0.00    0.00   23.76    0.00    0.00    0.00    0.00
23:34:09       1    1.00    0.00    0.00    0.00    0.00    0.00    0.00    0.00    0.00   99.00
23:34:09       2    2.04    0.00   69.39    0.00    0.00   24.49    0.00    0.00    0.00    4.08
23:34:09       3    0.00    0.00    0.00    0.00    0.00    0.00    0.00    0.00    0.00  100.00

23:34:09     CPU    %usr   %nice    %sys %iowait    %irq   %soft  %steal  %guest  %gnice   %idle
23:34:10     all    2.01    0.00   34.92    0.00    0.00   12.06    0.00    0.00    0.00   51.01
23:34:10       0    3.03    0.00   72.73    0.00    0.00   23.23    0.00    0.00    0.00    1.01
23:34:10       1    1.01    0.00    0.00    0.00    0.00    0.00    0.00    0.00    0.00   98.99
23:34:10       2    3.00    0.00   67.00    0.00    0.00   25.00    0.00    0.00    0.00    5.00
23:34:10       3    1.00    0.00    0.00    0.00    0.00    0.00    0.00    0.00    0.00   99.00
