Linux 7.0.0-31-generic (ubuntu) 	09/10/26 	_aarch64_	(4 CPU)

23:34:34     CPU    %usr   %nice    %sys %iowait    %irq   %soft  %steal  %guest  %gnice   %idle
23:34:35     all    0.53    0.26   34.04    0.00    0.00    8.18    0.00    0.00    0.00   56.99
23:34:35       0    0.00    0.00   72.45    0.00    0.00   27.55    0.00    0.00    0.00    0.00
23:34:35       1    1.01    0.00    0.00    0.00    0.00    0.00    0.00    0.00    0.00   98.99
23:34:35       2    0.00    1.20   68.67    0.00    0.00    4.82    0.00    0.00    0.00   25.30
23:34:35       3    1.01    0.00    1.01    0.00    0.00    0.00    0.00    0.00    0.00   97.98

23:34:35     CPU    %usr   %nice    %sys %iowait    %irq   %soft  %steal  %guest  %gnice   %idle
23:34:36     all    1.04    0.00   34.72    0.00    0.00    8.03    0.00    0.00    0.00   56.22
23:34:36       0    1.98    0.00   72.28    0.00    0.00   25.74    0.00    0.00    0.00    0.00
23:34:36       1    0.00    0.00    1.02    0.00    0.00    0.00    0.00    0.00    0.00   98.98
23:34:36       2    2.33    0.00   68.60    0.00    0.00    5.81    0.00    0.00    0.00   23.26
23:34:36       3    0.00    0.00    0.99    0.00    0.00    0.00    0.00    0.00    0.00   99.01

23:34:36     CPU    %usr   %nice    %sys %iowait    %irq   %soft  %steal  %guest  %gnice   %idle
23:34:37     all    0.79    0.00   33.77    0.00    0.00    8.64    0.00    0.00    0.00   56.81
23:34:37       0    1.00    0.00   71.00    0.00    0.00   28.00    0.00    0.00    0.00    0.00
23:34:37       1    0.00    0.00    0.00    0.00    0.00    0.00    0.00    0.00    0.00  100.00
23:34:37       2    2.38    0.00   69.05    0.00    0.00    5.95    0.00    0.00    0.00   22.62
23:34:37       3    0.00    0.00    0.00    0.00    0.00    0.00    0.00    0.00    0.00  100.00

23:34:37     CPU    %usr   %nice    %sys %iowait    %irq   %soft  %steal  %guest  %gnice   %idle
23:34:38     all    1.55    0.00   34.46    0.00    0.00    7.51    0.00    0.00    0.00   56.48
23:34:38       0    1.98    0.00   73.27    0.00    0.00   24.75    0.00    0.00    0.00    0.00
23:34:38       1    1.00    0.00    0.00    0.00    0.00    0.00    0.00    0.00    0.00   99.00
23:34:38       2    2.35    0.00   69.41    0.00    0.00    4.71    0.00    0.00    0.00   23.53
23:34:38       3    1.00    0.00    0.00    0.00    0.00    0.00    0.00    0.00    0.00   99.00

23:34:38     CPU    %usr   %nice    %sys %iowait    %irq   %soft  %steal  %guest  %gnice   %idle
23:34:39     all    0.78    0.00   34.73    0.00    0.00    7.83    0.00    0.00    0.00   56.66
23:34:39       0    1.01    0.00   72.73    0.00    0.00   26.26    0.00    0.00    0.00    0.00
23:34:39       1    0.00    0.00    1.01    0.00    0.00    0.00    0.00    0.00    0.00   98.99
23:34:39       2    1.18    0.00   70.59    0.00    0.00    4.71    0.00    0.00    0.00   23.53
23:34:39       3    1.00    0.00    0.00    0.00    0.00    0.00    0.00    0.00    0.00   99.00

23:34:39     CPU    %usr   %nice    %sys %iowait    %irq   %soft  %steal  %guest  %gnice   %idle
23:34:40     all    0.52    0.00   34.64    0.00    0.00    8.07    0.00    0.00    0.00   56.77
23:34:40       0    1.00    0.00   74.00    0.00    0.00   25.00    0.00    0.00    0.00    0.00
23:34:40       1    0.00    0.00    0.00    0.00    0.00    0.00    0.00    0.00    0.00  100.00
23:34:40       2    1.18    0.00   69.41    0.00    0.00    7.06    0.00    0.00    0.00   22.35
23:34:40       3    0.00    0.00    0.00    0.00    0.00    0.00    0.00    0.00    0.00  100.00

23:34:40     CPU    %usr   %nice    %sys %iowait    %irq   %soft  %steal  %guest  %gnice   %idle
23:34:41     all    1.31    0.00   33.77    0.00    0.00    7.59    0.00    0.00    0.00   57.33
23:34:41       0    2.00    0.00   72.00    0.00    0.00   26.00    0.00    0.00    0.00    0.00
23:34:41       1    1.00    0.00    0.00    0.00    0.00    0.00    0.00    0.00    0.00   99.00
23:34:41       2    2.41    0.00   68.67    0.00    0.00    3.61    0.00    0.00    0.00   25.30
23:34:41       3    0.00    0.00    0.00    0.00    0.00    0.00    0.00    0.00    0.00  100.00

23:34:41     CPU    %usr   %nice    %sys %iowait    %irq   %soft  %steal  %guest  %gnice   %idle
23:34:42     all    1.05    0.00   33.33    0.00    0.00    8.40    0.00    0.00    0.00   57.22
23:34:42       0    0.99    0.00   70.30    0.00    0.00   27.72    0.00    0.00    0.00    0.99
23:34:42       1    0.00    0.00    0.00    0.00    0.00    0.00    0.00    0.00    0.00  100.00
23:34:42       2    2.44    0.00   68.29    0.00    0.00    4.88    0.00    0.00    0.00   24.39
23:34:42       3    1.00    0.00    0.00    0.00    0.00    0.00    0.00    0.00    0.00   99.00

23:34:42     CPU    %usr   %nice    %sys %iowait    %irq   %soft  %steal  %guest  %gnice   %idle
23:34:43     all    0.78    0.00   34.72    0.00    0.00    8.03    0.00    0.00    0.00   56.48
23:34:43       0    1.00    0.00   72.00    0.00    0.00   27.00    0.00    0.00    0.00    0.00
23:34:43       1    1.00    0.00    0.00    0.00    0.00    0.00    0.00    0.00    0.00   99.00
23:34:43       2    1.16    0.00   70.93    0.00    0.00    4.65    0.00    0.00    0.00   23.26
23:34:43       3    0.00    0.00    1.00    0.00    0.00    0.00    0.00    0.00    0.00   99.00

23:34:43     CPU    %usr   %nice    %sys %iowait    %irq   %soft  %steal  %guest  %gnice   %idle
23:34:44     all    1.04    0.00   35.51    0.00    0.00    7.31    0.00    0.00    0.00   56.14
23:34:44       0    1.01    0.00   74.75    0.00    0.00   24.24    0.00    0.00    0.00    0.00
23:34:44       1    0.00    0.00    1.01    0.00    0.00    0.00    0.00    0.00    0.00   98.99
23:34:44       2    2.33    0.00   70.93    0.00    0.00    4.65    0.00    0.00    0.00   22.09
23:34:44       3    1.01    0.00    0.00    0.00    0.00    0.00    0.00    0.00    0.00   98.99

23:34:44     CPU    %usr   %nice    %sys %iowait    %irq   %soft  %steal  %guest  %gnice   %idle
23:34:45     all    1.04    0.00   34.20    0.00    0.00    8.03    0.00    0.00    0.00   56.74
23:34:45       0    1.98    0.00   71.29    0.00    0.00   26.73    0.00    0.00    0.00    0.00
23:34:45       1    0.00    0.00    0.00    0.00    0.00    0.00    0.00    0.00    0.00  100.00
23:34:45       2    2.33    0.00   69.77    0.00    0.00    4.65    0.00    0.00    0.00   23.26
23:34:45       3    0.00    0.00    0.00    0.00    0.00    0.00    0.00    0.00    0.00  100.00

23:34:45     CPU    %usr   %nice    %sys %iowait    %irq   %soft  %steal  %guest  %gnice   %idle
23:34:46     all    1.56    0.00   35.16    0.00    0.00    8.07    0.00    0.00    0.00   55.21
23:34:46       0    1.01    0.00   71.72    0.00    0.00   27.27    0.00    0.00    0.00    0.00
23:34:46       1    3.00    0.00    2.00    0.00    0.00    0.00    0.00    0.00    0.00   95.00
23:34:46       2    1.16    0.00   72.09    0.00    0.00    4.65    0.00    0.00    0.00   22.09
23:34:46       3    1.01    0.00    0.00    0.00    0.00    0.00    0.00    0.00    0.00   98.99

23:34:46     CPU    %usr   %nice    %sys %iowait    %irq   %soft  %steal  %guest  %gnice   %idle
23:34:47     all    1.04    0.00   33.94    0.00    0.00    8.36    0.00    0.00    0.00   56.66
23:34:47       0    1.00    0.00   71.00    0.00    0.00   28.00    0.00    0.00    0.00    0.00
23:34:47       1    1.01    0.00    0.00    0.00    0.00    0.00    0.00    0.00    0.00   98.99
23:34:47       2    2.35    0.00   69.41    0.00    0.00    4.71    0.00    0.00    0.00   23.53
23:34:47       3    0.00    0.00    0.00    0.00    0.00    0.00    0.00    0.00    0.00  100.00

23:34:47     CPU    %usr   %nice    %sys %iowait    %irq   %soft  %steal  %guest  %gnice   %idle
23:34:48     all    0.52    0.00   34.29    0.00    0.00    8.31    0.00    0.00    0.00   56.88
23:34:48       0    0.99    0.00   73.27    0.00    0.00   25.74    0.00    0.00    0.00    0.00
23:34:48       1    0.00    0.00    0.00    0.00    0.00    0.00    0.00    0.00    0.00  100.00
23:34:48       2    1.18    0.00   68.24    0.00    0.00    7.06    0.00    0.00    0.00   23.53
23:34:48       3    0.00    0.00    0.00    0.00    0.00    0.00    0.00    0.00    0.00  100.00

23:34:48     CPU    %usr   %nice    %sys %iowait    %irq   %soft  %steal  %guest  %gnice   %idle
23:34:49     all    0.78    0.00   35.16    0.00    0.00    7.29    0.00    0.00    0.00   56.77
23:34:49       0    1.00    0.00   75.00    0.00    0.00   24.00    0.00    0.00    0.00    0.00
23:34:49       1    1.00    0.00    0.00    0.00    0.00    0.00    0.00    0.00    0.00   99.00
23:34:49       2    1.19    0.00   70.24    0.00    0.00    4.76    0.00    0.00    0.00   23.81
23:34:49       3    0.00    0.00    1.00    0.00    0.00    0.00    0.00    0.00    0.00   99.00

23:34:49     CPU    %usr   %nice    %sys %iowait    %irq   %soft  %steal  %guest  %gnice   %idle
23:34:50     all    0.78    0.00   34.64    0.00    0.00    8.07    0.00    0.00    0.00   56.51
23:34:50       0    1.00    0.00   73.00    0.00    0.00   26.00    0.00    0.00    0.00    0.00
23:34:50       1    0.00    0.00    0.00    0.00    0.00    0.00    0.00    0.00    0.00  100.00
23:34:50       2    1.18    0.00   70.59    0.00    0.00    5.88    0.00    0.00    0.00   22.35
23:34:50       3    1.00    0.00    0.00    0.00    0.00    0.00    0.00    0.00    0.00   99.00

23:34:50     CPU    %usr   %nice    %sys %iowait    %irq   %soft  %steal  %guest  %gnice   %idle
23:34:51     all    2.07    0.00   34.46    0.00    0.00    8.29    0.00    0.00    0.00   55.18
23:34:51       0    1.00    0.00   72.00    0.00    0.00   27.00    0.00    0.00    0.00    0.00
23:34:51       1    3.96    0.00    0.99    0.00    0.00    0.00    0.00    0.00    0.00   95.05
23:34:51       2    1.16    0.00   68.60    0.00    0.00    5.81    0.00    0.00    0.00   24.42
23:34:51       3    2.02    0.00    1.01    0.00    0.00    0.00    0.00    0.00    0.00   96.97

23:34:51     CPU    %usr   %nice    %sys %iowait    %irq   %soft  %steal  %guest  %gnice   %idle
23:34:52     all    0.52    0.00   35.16    0.00    0.00    8.07    0.00    0.00    0.00   56.25
23:34:52       0    0.00    0.00   73.00    0.00    0.00   27.00    0.00    0.00    0.00    0.00
23:34:52       1    0.00    0.00    0.00    0.00    0.00    0.00    0.00    0.00    0.00  100.00
23:34:52       2    1.16    0.00   72.09    0.00    0.00    4.65    0.00    0.00    0.00   22.09
23:34:52       3    1.00    0.00    0.00    0.00    0.00    0.00    0.00    0.00    0.00   99.00

23:34:52     CPU    %usr   %nice    %sys %iowait    %irq   %soft  %steal  %guest  %gnice   %idle
23:34:53     all    1.03    0.00   35.57    0.00    0.00    7.47    0.00    0.00    0.00   55.93
23:34:53       0    1.00    0.00   74.00    0.00    0.00   25.00    0.00    0.00    0.00    0.00
23:34:53       1    1.00    0.00    0.00    0.00    0.00    0.00    0.00    0.00    0.00   99.00
23:34:53       2    1.14    0.00   71.59    0.00    0.00    4.55    0.00    0.00    0.00   22.73
23:34:53       3    1.00    0.00    1.00    0.00    0.00    0.00    0.00    0.00    0.00   98.00

23:34:53     CPU    %usr   %nice    %sys %iowait    %irq   %soft  %steal  %guest  %gnice   %idle
23:34:54     all    0.78    0.00   34.73    0.00    0.00    8.09    0.00    0.00    0.00   56.40
23:34:54       0    1.00    0.00   73.00    0.00    0.00   26.00    0.00    0.00    0.00    0.00
23:34:54       1    0.00    0.00    1.01    0.00    0.00    0.00    0.00    0.00    0.00   98.99
23:34:54       2    2.35    0.00   69.41    0.00    0.00    5.88    0.00    0.00    0.00   22.35
23:34:54       3    0.00    0.00    0.00    0.00    0.00    0.00    0.00    0.00    0.00  100.00
