Linux 7.0.0-31-generic (ubuntu) 	09/10/26 	_aarch64_	(4 CPU)

23:31:59     CPU    %usr   %nice    %sys %iowait    %irq   %soft  %steal  %guest  %gnice   %idle
23:32:00     all    5.04    0.25   30.48    0.00    0.00   15.87    0.00    0.00    0.00   48.36
23:32:00       0    7.84    0.98   58.82    0.00    0.00   31.37    0.00    0.00    0.00    0.98
23:32:00       1    3.03    0.00    2.02    0.00    0.00    0.00    0.00    0.00    0.00   94.95
23:32:00       2    7.14    0.00   59.18    0.00    0.00   31.63    0.00    0.00    0.00    2.04
23:32:00       3    2.04    0.00    1.02    0.00    0.00    0.00    0.00    0.00    0.00   96.94

23:32:00     CPU    %usr   %nice    %sys %iowait    %irq   %soft  %steal  %guest  %gnice   %idle
23:32:01     all    5.29    0.00   29.97    0.00    0.00   14.61    0.00    0.00    0.00   50.13
23:32:01       0   10.00    0.00   59.00    0.00    0.00   31.00    0.00    0.00    0.00    0.00
23:32:01       1    2.00    0.00    0.00    0.00    0.00    0.00    0.00    0.00    0.00   98.00
23:32:01       2    8.25    0.00   60.82    0.00    0.00   27.84    0.00    0.00    0.00    3.09
23:32:01       3    1.00    0.00    1.00    0.00    0.00    0.00    0.00    0.00    0.00   98.00

23:32:01     CPU    %usr   %nice    %sys %iowait    %irq   %soft  %steal  %guest  %gnice   %idle
23:32:02     all    4.49    0.00   29.43    0.00    0.00   15.96    0.00    0.00    0.00   50.12
23:32:02       0    7.92    0.00   58.42    0.00    0.00   33.66    0.00    0.00    0.00    0.00
23:32:02       1    1.00    0.00    0.00    0.00    0.00    0.00    0.00    0.00    0.00   99.00
23:32:02       2    8.00    0.00   59.00    0.00    0.00   30.00    0.00    0.00    0.00    3.00
23:32:02       3    1.00    0.00    0.00    0.00    0.00    0.00    0.00    0.00    0.00   99.00

23:32:02     CPU    %usr   %nice    %sys %iowait    %irq   %soft  %steal  %guest  %gnice   %idle
23:32:03     all    4.28    0.00   32.49    0.00    0.00   14.11    0.00    0.00    0.00   49.12
23:32:03       0    8.00    0.00   63.00    0.00    0.00   29.00    0.00    0.00    0.00    0.00
23:32:03       1    1.00    0.00    3.00    0.00    0.00    0.00    0.00    0.00    0.00   96.00
23:32:03       2    7.22    0.00   62.89    0.00    0.00   27.84    0.00    0.00    0.00    2.06
23:32:03       3    1.00    0.00    2.00    0.00    0.00    0.00    0.00    0.00    0.00   97.00

23:32:03     CPU    %usr   %nice    %sys %iowait    %irq   %soft  %steal  %guest  %gnice   %idle
23:32:04     all    3.78    0.00   30.48    0.00    0.00   15.62    0.00    0.00    0.00   50.13
23:32:04       0    7.07    0.00   58.59    0.00    0.00   34.34    0.00    0.00    0.00    0.00
23:32:04       1    1.00    0.00    1.00    0.00    0.00    0.00    0.00    0.00    0.00   98.00
23:32:04       2    6.12    0.00   63.27    0.00    0.00   28.57    0.00    0.00    0.00    2.04
23:32:04       3    1.00    0.00    0.00    0.00    0.00    0.00    0.00    0.00    0.00   99.00

23:32:04     CPU    %usr   %nice    %sys %iowait    %irq   %soft  %steal  %guest  %gnice   %idle
23:32:05     all    4.29    0.00   29.55    0.00    0.00   15.91    0.00    0.00    0.00   50.25
23:32:05       0    9.00    0.00   60.00    0.00    0.00   31.00    0.00    0.00    0.00    0.00
23:32:05       1    0.00    0.00    0.00    0.00    0.00    0.00    0.00    0.00    0.00  100.00
23:32:05       2    7.07    0.00   57.58    0.00    0.00   32.32    0.00    0.00    0.00    3.03
23:32:05       3    1.01    0.00    0.00    0.00    0.00    0.00    0.00    0.00    0.00   98.99

23:32:05     CPU    %usr   %nice    %sys %iowait    %irq   %soft  %steal  %guest  %gnice   %idle
23:32:06     all    5.01    0.00   30.58    0.00    0.00   15.04    0.00    0.00    0.00   49.37
23:32:06       0    9.00    0.00   59.00    0.00    0.00   32.00    0.00    0.00    0.00    0.00
23:32:06       1    1.00    0.00    0.00    0.00    0.00    0.00    0.00    0.00    0.00   99.00
23:32:06       2    6.12    0.00   63.27    0.00    0.00   28.57    0.00    0.00    0.00    2.04
23:32:06       3    3.96    0.00    0.99    0.00    0.00    0.00    0.00    0.00    0.00   95.05

23:32:06     CPU    %usr   %nice    %sys %iowait    %irq   %soft  %steal  %guest  %gnice   %idle
23:32:07     all    4.48    0.00   29.85    0.00    0.00   15.92    0.00    0.00    0.00   49.75
23:32:07       0    7.92    0.00   58.42    0.00    0.00   33.66    0.00    0.00    0.00    0.00
23:32:07       1    1.98    0.00    0.99    0.00    0.00    0.00    0.00    0.00    0.00   97.03
23:32:07       2    7.00    0.00   60.00    0.00    0.00   30.00    0.00    0.00    0.00    3.00
23:32:07       3    1.00    0.00    0.00    0.00    0.00    0.00    0.00    0.00    0.00   99.00

23:32:07     CPU    %usr   %nice    %sys %iowait    %irq   %soft  %steal  %guest  %gnice   %idle
23:32:08     all    4.27    0.25   31.66    0.00    0.00   14.82    0.00    0.00    0.00   48.99
23:32:08       0    7.92    0.00   62.38    0.00    0.00   29.70    0.00    0.00    0.00    0.00
23:32:08       1    1.01    1.01    2.02    0.00    0.00    0.00    0.00    0.00    0.00   95.96
23:32:08       2    7.14    0.00   61.22    0.00    0.00   29.59    0.00    0.00    0.00    2.04
23:32:08       3    1.00    0.00    1.00    0.00    0.00    0.00    0.00    0.00    0.00   98.00

23:32:08     CPU    %usr   %nice    %sys %iowait    %irq   %soft  %steal  %guest  %gnice   %idle
23:32:09     all    3.54    0.00   30.30    0.00    0.00   15.66    0.00    0.00    0.00   50.51
23:32:09       0    7.07    0.00   61.62    0.00    0.00   31.31    0.00    0.00    0.00    0.00
23:32:09       1    1.01    0.00    0.00    0.00    0.00    0.00    0.00    0.00    0.00   98.99
23:32:09       2    6.06    0.00   59.60    0.00    0.00   31.31    0.00    0.00    0.00    3.03
23:32:09       3    0.00    0.00    0.00    0.00    0.00    0.00    0.00    0.00    0.00  100.00

23:32:09     CPU    %usr   %nice    %sys %iowait    %irq   %soft  %steal  %guest  %gnice   %idle
23:32:10     all    5.79    0.00   29.97    0.00    0.00   15.87    0.00    0.00    0.00   48.36
23:32:10       0    7.00    0.00   61.00    0.00    0.00   32.00    0.00    0.00    0.00    0.00
23:32:10       1    4.00    0.00    0.00    0.00    0.00    0.00    0.00    0.00    0.00   96.00
23:32:10       2    7.14    0.00   59.18    0.00    0.00   31.63    0.00    0.00    0.00    2.04
23:32:10       3    5.05    0.00    0.00    0.00    0.00    0.00    0.00    0.00    0.00   94.95

23:32:10     CPU    %usr   %nice    %sys %iowait    %irq   %soft  %steal  %guest  %gnice   %idle
23:32:11     all    4.50    0.00   29.00    0.00    0.00   16.50    0.00    0.00    0.00   50.00
23:32:11       0    9.00    0.00   55.00    0.00    0.00   36.00    0.00    0.00    0.00    0.00
23:32:11       1    1.00    0.00    0.00    0.00    0.00    0.00    0.00    0.00    0.00   99.00
23:32:11       2    7.00    0.00   61.00    0.00    0.00   30.00    0.00    0.00    0.00    2.00
23:32:11       3    1.00    0.00    0.00    0.00    0.00    0.00    0.00    0.00    0.00   99.00

23:32:11     CPU    %usr   %nice    %sys %iowait    %irq   %soft  %steal  %guest  %gnice   %idle
23:32:12     all    3.53    0.25   29.72    0.00    0.00   16.88    0.00    0.00    0.00   49.62
23:32:12       0    7.92    0.00   58.42    0.00    0.00   33.66    0.00    0.00    0.00    0.00
23:32:12       1    0.00    1.02    1.02    0.00    0.00    0.00    0.00    0.00    0.00   97.96
23:32:12       2    5.10    0.00   59.18    0.00    0.00   33.67    0.00    0.00    0.00    2.04
23:32:12       3    1.00    0.00    0.00    0.00    0.00    0.00    0.00    0.00    0.00   99.00

23:32:12     CPU    %usr   %nice    %sys %iowait    %irq   %soft  %steal  %guest  %gnice   %idle
23:32:13     all    4.28    0.00   30.73    0.00    0.00   15.62    0.00    0.00    0.00   49.37
23:32:13       0    8.08    0.00   59.60    0.00    0.00   32.32    0.00    0.00    0.00    0.00
23:32:13       1    1.00    0.00    2.00    0.00    0.00    0.00    0.00    0.00    0.00   97.00
23:32:13       2    6.12    0.00   61.22    0.00    0.00   30.61    0.00    0.00    0.00    2.04
23:32:13       3    2.00    0.00    1.00    0.00    0.00    0.00    0.00    0.00    0.00   97.00

23:32:13     CPU    %usr   %nice    %sys %iowait    %irq   %soft  %steal  %guest  %gnice   %idle
23:32:14     all    4.50    0.25   29.50    0.00    0.00   16.00    0.00    0.00    0.00   49.75
23:32:14       0    8.91    0.00   58.42    0.00    0.00   32.67    0.00    0.00    0.00    0.00
23:32:14       1    1.00    1.00    0.00    0.00    0.00    0.00    0.00    0.00    0.00   98.00
23:32:14       2    7.07    0.00   58.59    0.00    0.00   31.31    0.00    0.00    0.00    3.03
23:32:14       3    1.00    0.00    1.00    0.00    0.00    0.00    0.00    0.00    0.00   98.00

23:32:14     CPU    %usr   %nice    %sys %iowait    %irq   %soft  %steal  %guest  %gnice   %idle
23:32:15     all    3.25    0.00   30.50    0.25    0.00   15.75    0.00    0.00    0.00   50.25
23:32:15       0    6.00    0.00   59.00    0.00    0.00   35.00    0.00    0.00    0.00    0.00
23:32:15       1    0.98    0.00    0.98    0.98    0.00    0.00    0.00    0.00    0.00   97.06
23:32:15       2    6.12    0.00   63.27    0.00    0.00   28.57    0.00    0.00    0.00    2.04
23:32:15       3    0.00    0.00    0.00    0.00    0.00    0.00    0.00    0.00    0.00  100.00

23:32:15     CPU    %usr   %nice    %sys %iowait    %irq   %soft  %steal  %guest  %gnice   %idle
23:32:16     all    3.77    0.00   30.40    0.00    0.00   15.58    0.00    0.00    0.00   50.25
23:32:16       0    6.93    0.00   60.40    0.00    0.00   32.67    0.00    0.00    0.00    0.00
23:32:16       1    0.00    0.00    0.00    0.00    0.00    0.00    0.00    0.00    0.00  100.00
23:32:16       2    7.14    0.00   61.22    0.00    0.00   29.59    0.00    0.00    0.00    2.04
23:32:16       3    1.00    0.00    0.00    0.00    0.00    0.00    0.00    0.00    0.00   99.00

23:32:16     CPU    %usr   %nice    %sys %iowait    %irq   %soft  %steal  %guest  %gnice   %idle
23:32:17     all    4.27    0.00   29.40    0.00    0.00   15.83    0.00    0.00    0.00   50.50
23:32:17       0    9.00    0.00   60.00    0.00    0.00   31.00    0.00    0.00    0.00    0.00
23:32:17       1    0.00    0.00    0.00    0.00    0.00    0.00    0.00    0.00    0.00  100.00
23:32:17       2    8.08    0.00   57.58    0.00    0.00   32.32    0.00    0.00    0.00    2.02
23:32:17       3    0.00    0.00    0.00    0.00    0.00    0.00    0.00    0.00    0.00  100.00

23:32:17     CPU    %usr   %nice    %sys %iowait    %irq   %soft  %steal  %guest  %gnice   %idle
23:32:18     all    3.77    0.00   29.90    0.00    0.00   15.83    0.00    0.00    0.00   50.50
23:32:18       0    7.00    0.00   60.00    0.00    0.00   33.00    0.00    0.00    0.00    0.00
23:32:18       1    1.00    0.00    0.00    0.00    0.00    0.00    0.00    0.00    0.00   99.00
23:32:18       2    7.07    0.00   59.60    0.00    0.00   30.30    0.00    0.00    0.00    3.03
23:32:18       3    0.00    0.00    0.00    0.00    0.00    0.00    0.00    0.00    0.00  100.00
