Linux 7.0.0-31-generic (ubuntu) 	09/10/26 	_aarch64_	(4 CPU)

23:34:56     CPU    %usr   %nice    %sys %iowait    %irq   %soft  %steal  %guest  %gnice   %idle
23:34:57     all    5.04    0.25   31.74    0.00    0.00   14.36    0.00    0.00    0.00   48.61
23:34:57       0    9.00    0.00   61.00    0.00    0.00   30.00    0.00    0.00    0.00    0.00
23:34:57       1    2.02    0.00    2.02    0.00    0.00    0.00    0.00    0.00    0.00   95.96
23:34:57       2    7.14    1.02   61.22    0.00    0.00   27.55    0.00    0.00    0.00    3.06
23:34:57       3    2.00    0.00    3.00    0.00    0.00    0.00    0.00    0.00    0.00   95.00

23:34:57     CPU    %usr   %nice    %sys %iowait    %irq   %soft  %steal  %guest  %gnice   %idle
23:34:58     all    3.54    0.00   30.30    0.00    0.00   15.40    0.00    0.00    0.00   50.76
23:34:58       0    7.07    0.00   59.60    0.00    0.00   33.33    0.00    0.00    0.00    0.00
23:34:58       1    0.00    0.00    0.00    0.00    0.00    0.00    0.00    0.00    0.00  100.00
23:34:58       2    6.12    0.00   62.24    0.00    0.00   28.57    0.00    0.00    0.00    3.06
23:34:58       3    1.00    0.00    0.00    0.00    0.00    0.00    0.00    0.00    0.00   99.00

23:34:58     CPU    %usr   %nice    %sys %iowait    %irq   %soft  %steal  %guest  %gnice   %idle
23:34:59     all    3.79    0.00   30.05    0.00    0.00   15.91    0.00    0.00    0.00   50.25
23:34:59       0    6.93    0.00   60.40    0.00    0.00   32.67    0.00    0.00    0.00    0.00
23:34:59       1    1.01    0.00    0.00    0.00    0.00    0.00    0.00    0.00    0.00   98.99
23:34:59       2    7.22    0.00   59.79    0.00    0.00   30.93    0.00    0.00    0.00    2.06
23:34:59       3    0.00    0.00    0.00    0.00    0.00    0.00    0.00    0.00    0.00  100.00

23:34:59     CPU    %usr   %nice    %sys %iowait    %irq   %soft  %steal  %guest  %gnice   %idle
23:35:00     all    4.04    0.00   29.55    0.00    0.00   16.16    0.00    0.00    0.00   50.25
23:35:00       0    8.08    0.00   58.59    0.00    0.00   33.33    0.00    0.00    0.00    0.00
23:35:00       1    1.01    0.00    0.00    0.00    0.00    0.00    0.00    0.00    0.00   98.99
23:35:00       2    6.06    0.00   59.60    0.00    0.00   31.31    0.00    0.00    0.00    3.03
23:35:00       3    1.01    0.00    0.00    0.00    0.00    0.00    0.00    0.00    0.00   98.99

23:35:00     CPU    %usr   %nice    %sys %iowait    %irq   %soft  %steal  %guest  %gnice   %idle
23:35:01     all    4.28    0.00   29.47    0.00    0.00   15.87    0.00    0.00    0.00   50.38
23:35:01       0    8.91    0.00   58.42    0.00    0.00   32.67    0.00    0.00    0.00    0.00
23:35:01       1    1.00    0.00    0.00    0.00    0.00    0.00    0.00    0.00    0.00   99.00
23:35:01       2    7.22    0.00   59.79    0.00    0.00   30.93    0.00    0.00    0.00    2.06
23:35:01       3    0.00    0.00    0.00    0.00    0.00    0.00    0.00    0.00    0.00  100.00

23:35:01     CPU    %usr   %nice    %sys %iowait    %irq   %soft  %steal  %guest  %gnice   %idle
23:35:02     all    3.51    0.00   31.33    0.00    0.00   14.79    0.00    0.00    0.00   50.38
23:35:02       0    7.07    0.00   63.64    0.00    0.00   29.29    0.00    0.00    0.00    0.00
23:35:02       1    0.00    0.00    1.00    0.00    0.00    0.00    0.00    0.00    0.00   99.00
23:35:02       2    6.06    0.00   61.62    0.00    0.00   30.30    0.00    0.00    0.00    2.02
23:35:02       3    0.99    0.00    0.00    0.00    0.00    0.00    0.00    0.00    0.00   99.01

23:35:02     CPU    %usr   %nice    %sys %iowait    %irq   %soft  %steal  %guest  %gnice   %idle
23:35:03     all    3.52    0.00   30.40    0.00    0.00   15.58    0.00    0.00    0.00   50.50
23:35:03       0    7.92    0.00   60.40    0.00    0.00   31.68    0.00    0.00    0.00    0.00
23:35:03       1    1.00    0.00    0.00    0.00    0.00    0.00    0.00    0.00    0.00   99.00
23:35:03       2    5.10    0.00   61.22    0.00    0.00   30.61    0.00    0.00    0.00    3.06
23:35:03       3    0.00    0.00    0.00    0.00    0.00    0.00    0.00    0.00    0.00  100.00

23:35:03     CPU    %usr   %nice    %sys %iowait    %irq   %soft  %steal  %guest  %gnice   %idle
23:35:04     all    3.54    0.00   30.13    0.00    0.00   15.95    0.00    0.00    0.00   50.38
23:35:04       0    9.00    0.00   59.00    0.00    0.00   32.00    0.00    0.00    0.00    0.00
23:35:04       1    0.00    0.00    1.01    0.00    0.00    0.00    0.00    0.00    0.00   98.99
23:35:04       2    5.15    0.00   60.82    0.00    0.00   31.96    0.00    0.00    0.00    2.06
23:35:04       3    0.00    0.00    0.00    0.00    0.00    0.00    0.00    0.00    0.00  100.00

23:35:04     CPU    %usr   %nice    %sys %iowait    %irq   %soft  %steal  %guest  %gnice   %idle
23:35:05     all    3.76    0.00   31.08    0.00    0.00   14.79    0.00    0.00    0.00   50.38
23:35:05       0    8.00    0.00   60.00    0.00    0.00   32.00    0.00    0.00    0.00    0.00
23:35:05       1    0.00    0.00    0.00    0.00    0.00    0.00    0.00    0.00    0.00  100.00
23:35:05       2    6.06    0.00   63.64    0.00    0.00   27.27    0.00    0.00    0.00    3.03
23:35:05       3    0.99    0.00    0.99    0.00    0.00    0.00    0.00    0.00    0.00   98.02

23:35:05     CPU    %usr   %nice    %sys %iowait    %irq   %soft  %steal  %guest  %gnice   %idle
23:35:06     all    4.02    0.00   30.65    0.00    0.00   15.08    0.00    0.00    0.00   50.25
23:35:06       0    8.00    0.00   61.00    0.00    0.00   31.00    0.00    0.00    0.00    0.00
23:35:06       1    1.00    0.00    0.00    0.00    0.00    0.00    0.00    0.00    0.00   99.00
23:35:06       2    6.12    0.00   62.24    0.00    0.00   29.59    0.00    0.00    0.00    2.04
23:35:06       3    1.00    0.00    0.00    0.00    0.00    0.00    0.00    0.00    0.00   99.00

23:35:06     CPU    %usr   %nice    %sys %iowait    %irq   %soft  %steal  %guest  %gnice   %idle
23:35:07     all    3.78    0.00   30.48    0.00    0.00   15.37    0.00    0.00    0.00   50.38
23:35:07       0    8.00    0.00   60.00    0.00    0.00   32.00    0.00    0.00    0.00    0.00
23:35:07       1    0.00    0.00    1.00    0.00    0.00    0.00    0.00    0.00    0.00   99.00
23:35:07       2    7.14    0.00   61.22    0.00    0.00   29.59    0.00    0.00    0.00    2.04
23:35:07       3    0.00    0.00    0.00    0.00    0.00    0.00    0.00    0.00    0.00  100.00

23:35:07     CPU    %usr   %nice    %sys %iowait    %irq   %soft  %steal  %guest  %gnice   %idle
23:35:08     all    4.03    0.00   30.73    0.00    0.00   14.61    0.00    0.00    0.00   50.63
23:35:08       0    8.00    0.00   60.00    0.00    0.00   32.00    0.00    0.00    0.00    0.00
23:35:08       1    1.00    0.00    0.00    0.00    0.00    0.00    0.00    0.00    0.00   99.00
23:35:08       2    7.14    0.00   63.27    0.00    0.00   26.53    0.00    0.00    0.00    3.06
23:35:08       3    0.00    0.00    0.00    0.00    0.00    0.00    0.00    0.00    0.00  100.00

23:35:08     CPU    %usr   %nice    %sys %iowait    %irq   %soft  %steal  %guest  %gnice   %idle
23:35:09     all    4.29    0.00   30.56    0.00    0.00   14.65    0.00    0.00    0.00   50.51
23:35:09       0    9.00    0.00   63.00    0.00    0.00   28.00    0.00    0.00    0.00    0.00
23:35:09       1    0.00    0.00    0.00    0.00    0.00    0.00    0.00    0.00    0.00  100.00
23:35:09       2    8.16    0.00   59.18    0.00    0.00   30.61    0.00    0.00    0.00    2.04
23:35:09       3    0.00    0.00    0.00    0.00    0.00    0.00    0.00    0.00    0.00  100.00

23:35:09     CPU    %usr   %nice    %sys %iowait    %irq   %soft  %steal  %guest  %gnice   %idle
23:35:10     all    4.53    0.00   29.97    0.50    0.00   15.11    0.00    0.00    0.00   49.87
23:35:10       0    8.00    0.00   59.00    0.00    0.00   33.00    0.00    0.00    0.00    0.00
23:35:10       1    1.00    0.00    0.00    1.00    0.00    0.00    0.00    0.00    0.00   98.00
23:35:10       2    7.22    0.00   61.86    0.00    0.00   27.84    0.00    0.00    0.00    3.09
23:35:10       3    2.00    0.00    0.00    1.00    0.00    0.00    0.00    0.00    0.00   97.00

23:35:10     CPU    %usr   %nice    %sys %iowait    %irq   %soft  %steal  %guest  %gnice   %idle
23:35:11     all    3.74    0.00   30.67    0.00    0.00   15.46    0.00    0.00    0.00   50.12
23:35:11       0    7.00    0.00   60.00    0.00    0.00   33.00    0.00    0.00    0.00    0.00
23:35:11       1    0.99    0.00    0.99    0.00    0.00    0.00    0.00    0.00    0.00   98.02
23:35:11       2    6.12    0.00   62.24    0.00    0.00   29.59    0.00    0.00    0.00    2.04
23:35:11       3    0.98    0.00    0.98    0.00    0.00    0.00    0.00    0.00    0.00   98.04

23:35:11     CPU    %usr   %nice    %sys %iowait    %irq   %soft  %steal  %guest  %gnice   %idle
23:35:12     all    3.52    0.25   30.90    0.00    0.00   15.08    0.00    0.00    0.00   50.25
23:35:12       0    7.00    0.00   62.00    0.00    0.00   31.00    0.00    0.00    0.00    0.00
23:35:12       1    0.00    1.01    0.00    0.00    0.00    0.00    0.00    0.00    0.00   98.99
23:35:12       2    7.00    0.00   61.00    0.00    0.00   29.00    0.00    0.00    0.00    3.00
23:35:12       3    0.00    0.00    0.00    0.00    0.00    0.00    0.00    0.00    0.00  100.00

23:35:12     CPU    %usr   %nice    %sys %iowait    %irq   %soft  %steal  %guest  %gnice   %idle
23:35:13     all    4.30    0.00   30.63    0.00    0.00   15.19    0.00    0.00    0.00   49.87
23:35:13       0    9.00    0.00   61.00    0.00    0.00   30.00    0.00    0.00    0.00    0.00
23:35:13       1    2.00    0.00    1.00    0.00    0.00    0.00    0.00    0.00    0.00   97.00
23:35:13       2    6.19    0.00   60.82    0.00    0.00   30.93    0.00    0.00    0.00    2.06
23:35:13       3    0.00    0.00    0.00    0.00    0.00    0.00    0.00    0.00    0.00  100.00

23:35:13     CPU    %usr   %nice    %sys %iowait    %irq   %soft  %steal  %guest  %gnice   %idle
23:35:14     all    4.28    0.00   29.97    0.00    0.00   15.37    0.00    0.00    0.00   50.38
23:35:14       0    9.90    0.00   57.43    0.00    0.00   32.67    0.00    0.00    0.00    0.00
23:35:14       1    1.01    0.00    0.00    0.00    0.00    0.00    0.00    0.00    0.00   98.99
23:35:14       2    6.12    0.00   62.24    0.00    0.00   28.57    0.00    0.00    0.00    3.06
23:35:14       3    0.00    0.00    0.00    0.00    0.00    0.00    0.00    0.00    0.00  100.00

23:35:14     CPU    %usr   %nice    %sys %iowait    %irq   %soft  %steal  %guest  %gnice   %idle
23:35:15     all    4.01    0.00   29.07    0.00    0.00   16.54    0.00    0.00    0.00   50.38
23:35:15       0    8.08    0.00   57.58    0.00    0.00   34.34    0.00    0.00    0.00    0.00
23:35:15       1    1.00    0.00    0.00    0.00    0.00    0.00    0.00    0.00    0.00   99.00
23:35:15       2    6.00    0.00   59.00    0.00    0.00   32.00    0.00    0.00    0.00    3.00
23:35:15       3    1.00    0.00    0.00    0.00    0.00    0.00    0.00    0.00    0.00   99.00

23:35:15     CPU    %usr   %nice    %sys %iowait    %irq   %soft  %steal  %guest  %gnice   %idle
23:35:16     all    4.02    0.00   29.90    0.00    0.00   15.58    0.00    0.00    0.00   50.50
23:35:16       0    8.91    0.00   59.41    0.00    0.00   31.68    0.00    0.00    0.00    0.00
23:35:16       1    0.00    0.00    0.00    0.00    0.00    0.00    0.00    0.00    0.00  100.00
23:35:16       2    7.14    0.00   60.20    0.00    0.00   30.61    0.00    0.00    0.00    2.04
23:35:16       3    0.00    0.00    0.00    0.00    0.00    0.00    0.00    0.00    0.00  100.00
