Linux 7.0.0-31-generic (ubuntu) 	09/10/26 	_aarch64_	(4 CPU)

23:35:18     CPU    %usr   %nice    %sys %iowait    %irq   %soft  %steal  %guest  %gnice   %idle
23:35:19     all    3.03    0.51   32.07    0.00    0.00   13.64    0.00    0.00    0.00   50.76
23:35:19       0    5.94    0.00   63.37    0.00    0.00   30.69    0.00    0.00    0.00    0.00
23:35:19       1    1.00    1.00    1.00    0.00    0.00    0.00    0.00    0.00    0.00   97.00
23:35:19       2    3.19    0.00   64.89    0.00    0.00   24.47    0.00    0.00    0.00    7.45
23:35:19       3    1.98    0.99    0.99    0.00    0.00    0.00    0.00    0.00    0.00   96.04

23:35:19     CPU    %usr   %nice    %sys %iowait    %irq   %soft  %steal  %guest  %gnice   %idle
23:35:20     all    2.53    0.00   30.30    0.00    0.00   15.40    0.00    0.00    0.00   51.77
23:35:20       0    6.00    0.00   62.00    0.00    0.00   32.00    0.00    0.00    0.00    0.00
23:35:20       1    1.00    0.00    0.00    0.00    0.00    0.00    0.00    0.00    0.00   99.00
23:35:20       2    3.09    0.00   59.79    0.00    0.00   29.90    0.00    0.00    0.00    7.22
23:35:20       3    0.00    0.00    0.00    0.00    0.00    0.00    0.00    0.00    0.00  100.00

23:35:20     CPU    %usr   %nice    %sys %iowait    %irq   %soft  %steal  %guest  %gnice   %idle
23:35:21     all    2.05    0.00   31.97    0.00    0.00   13.55    0.00    0.00    0.00   52.43
23:35:21       0    5.00    0.00   64.00    0.00    0.00   31.00    0.00    0.00    0.00    0.00
23:35:21       1    0.00    0.00    0.00    0.00    0.00    0.00    0.00    0.00    0.00  100.00
23:35:21       2    3.23    0.00   65.59    0.00    0.00   23.66    0.00    0.00    0.00    7.53
23:35:21       3    0.00    0.00    0.00    0.00    0.00    0.00    0.00    0.00    0.00  100.00

23:35:21     CPU    %usr   %nice    %sys %iowait    %irq   %soft  %steal  %guest  %gnice   %idle
23:35:22     all    2.28    0.00   30.20    0.00    0.00   15.48    0.00    0.00    0.00   52.03
23:35:22       0    6.00    0.00   61.00    0.00    0.00   33.00    0.00    0.00    0.00    0.00
23:35:22       1    0.00    0.00    1.00    0.00    0.00    0.00    0.00    0.00    0.00   99.00
23:35:22       2    3.16    0.00   60.00    0.00    0.00   29.47    0.00    0.00    0.00    7.37
23:35:22       3    0.00    0.00    0.00    0.00    0.00    0.00    0.00    0.00    0.00  100.00

23:35:22     CPU    %usr   %nice    %sys %iowait    %irq   %soft  %steal  %guest  %gnice   %idle
23:35:23     all    3.03    0.00   31.31    0.00    0.00   14.14    0.00    0.00    0.00   51.52
23:35:23       0    5.94    0.00   63.37    0.00    0.00   30.69    0.00    0.00    0.00    0.00
23:35:23       1    1.01    0.00    0.00    0.00    0.00    0.00    0.00    0.00    0.00   98.99
23:35:23       2    4.21    0.00   62.11    0.00    0.00   26.32    0.00    0.00    0.00    7.37
23:35:23       3    0.99    0.00    0.99    0.00    0.00    0.00    0.00    0.00    0.00   98.02

23:35:23     CPU    %usr   %nice    %sys %iowait    %irq   %soft  %steal  %guest  %gnice   %idle
23:35:24     all    2.57    0.00   30.85    0.00    0.00   14.91    0.00    0.00    0.00   51.67
23:35:24       0    6.00    0.00   63.00    0.00    0.00   31.00    0.00    0.00    0.00    0.00
23:35:24       1    1.02    0.00    0.00    0.00    0.00    0.00    0.00    0.00    0.00   98.98
23:35:24       2    3.23    0.00   61.29    0.00    0.00   29.03    0.00    0.00    0.00    6.45
23:35:24       3    0.00    0.00    0.00    0.00    0.00    0.00    0.00    0.00    0.00  100.00

23:35:24     CPU    %usr   %nice    %sys %iowait    %irq   %soft  %steal  %guest  %gnice   %idle
23:35:25     all    2.78    0.00   30.89    0.00    0.00   14.18    0.00    0.00    0.00   52.15
23:35:25       0    6.00    0.00   63.00    0.00    0.00   31.00    0.00    0.00    0.00    0.00
23:35:25       1    1.00    0.00    0.00    0.00    0.00    0.00    0.00    0.00    0.00   99.00
23:35:25       2    4.26    0.00   61.70    0.00    0.00   26.60    0.00    0.00    0.00    7.45
23:35:25       3    0.00    0.00    0.99    0.00    0.00    0.00    0.00    0.00    0.00   99.01

23:35:25     CPU    %usr   %nice    %sys %iowait    %irq   %soft  %steal  %guest  %gnice   %idle
23:35:26     all    2.78    0.00   31.39    0.00    0.00   13.67    0.00    0.00    0.00   52.15
23:35:26       0    7.00    0.00   63.00    0.00    0.00   30.00    0.00    0.00    0.00    0.00
23:35:26       1    0.00    0.00    0.99    0.00    0.00    0.00    0.00    0.00    0.00   99.01
23:35:26       2    3.19    0.00   63.83    0.00    0.00   25.53    0.00    0.00    0.00    7.45
23:35:26       3    1.00    0.00    0.00    0.00    0.00    0.00    0.00    0.00    0.00   99.00

23:35:26     CPU    %usr   %nice    %sys %iowait    %irq   %soft  %steal  %guest  %gnice   %idle
23:35:27     all    2.03    0.00   31.73    0.00    0.00   14.21    0.00    0.00    0.00   52.03
23:35:27       0    5.00    0.00   64.00    0.00    0.00   31.00    0.00    0.00    0.00    0.00
23:35:27       1    0.00    0.00    0.00    0.00    0.00    0.00    0.00    0.00    0.00  100.00
23:35:27       2    3.12    0.00   63.54    0.00    0.00   26.04    0.00    0.00    0.00    7.29
23:35:27       3    0.00    0.00    0.00    0.00    0.00    0.00    0.00    0.00    0.00  100.00

23:35:27     CPU    %usr   %nice    %sys %iowait    %irq   %soft  %steal  %guest  %gnice   %idle
23:35:28     all    2.29    0.00   31.30    0.25    0.00   14.25    0.00    0.00    0.00   51.91
23:35:28       0    5.00    0.00   63.00    0.00    0.00   32.00    0.00    0.00    0.00    0.00
23:35:28       1    0.00    0.00    0.00    0.00    0.00    0.00    0.00    0.00    0.00  100.00
23:35:28       2    3.19    0.00   63.83    0.00    0.00   25.53    0.00    0.00    0.00    7.45
23:35:28       3    0.99    0.00    0.00    0.99    0.00    0.00    0.00    0.00    0.00   98.02

23:35:28     CPU    %usr   %nice    %sys %iowait    %irq   %soft  %steal  %guest  %gnice   %idle
23:35:29     all    1.79    0.00   31.12    0.00    0.00   14.80    0.00    0.00    0.00   52.30
23:35:29       0    5.00    0.00   62.00    0.00    0.00   33.00    0.00    0.00    0.00    0.00
23:35:29       1    1.00    0.00    0.00    0.00    0.00    0.00    0.00    0.00    0.00   99.00
23:35:29       2    1.08    0.00   64.52    0.00    0.00   26.88    0.00    0.00    0.00    7.53
23:35:29       3    0.00    0.00    0.00    0.00    0.00    0.00    0.00    0.00    0.00  100.00

23:35:29     CPU    %usr   %nice    %sys %iowait    %irq   %soft  %steal  %guest  %gnice   %idle
23:35:30     all    2.30    0.00   30.69    0.00    0.00   14.83    0.00    0.00    0.00   52.17
23:35:30       0    5.00    0.00   63.00    0.00    0.00   32.00    0.00    0.00    0.00    0.00
23:35:30       1    0.00    0.00    0.00    0.00    0.00    0.00    0.00    0.00    0.00  100.00
23:35:30       2    3.26    0.00   61.96    0.00    0.00   28.26    0.00    0.00    0.00    6.52
23:35:30       3    1.00    0.00    0.00    0.00    0.00    0.00    0.00    0.00    0.00   99.00

23:35:30     CPU    %usr   %nice    %sys %iowait    %irq   %soft  %steal  %guest  %gnice   %idle
23:35:31     all    1.79    0.00   30.69    0.00    0.00   14.83    0.00    0.00    0.00   52.69
23:35:31       0    5.05    0.00   63.64    0.00    0.00   31.31    0.00    0.00    0.00    0.00
23:35:31       1    0.00    0.00    1.00    0.00    0.00    0.00    0.00    0.00    0.00   99.00
23:35:31       2    2.15    0.00   60.22    0.00    0.00   29.03    0.00    0.00    0.00    8.60
23:35:31       3    0.00    0.00    0.00    0.00    0.00    0.00    0.00    0.00    0.00  100.00

23:35:31     CPU    %usr   %nice    %sys %iowait    %irq   %soft  %steal  %guest  %gnice   %idle
23:35:32     all    3.05    0.00   32.23    0.00    0.00   13.71    0.00    0.00    0.00   51.02
23:35:32       0    5.00    0.00   64.00    0.00    0.00   31.00    0.00    0.00    0.00    0.00
23:35:32       1    3.03    0.00    0.00    0.00    0.00    0.00    0.00    0.00    0.00   96.97
23:35:32       2    3.16    0.00   65.26    0.00    0.00   24.21    0.00    0.00    0.00    7.37
23:35:32       3    1.00    0.00    1.00    0.00    0.00    0.00    0.00    0.00    0.00   98.00

23:35:32     CPU    %usr   %nice    %sys %iowait    %irq   %soft  %steal  %guest  %gnice   %idle
23:35:33     all    2.80    0.00   32.32    0.00    0.00   13.49    0.00    0.00    0.00   51.40
23:35:33       0    5.94    0.00   64.36    0.00    0.00   29.70    0.00    0.00    0.00    0.00
23:35:33       1    1.00    0.00    1.00    0.00    0.00    0.00    0.00    0.00    0.00   98.00
23:35:33       2    3.19    0.00   64.89    0.00    0.00   24.47    0.00    0.00    0.00    7.45
23:35:33       3    1.02    0.00    0.00    0.00    0.00    0.00    0.00    0.00    0.00   98.98

23:35:33     CPU    %usr   %nice    %sys %iowait    %irq   %soft  %steal  %guest  %gnice   %idle
23:35:34     all    2.54    0.00   31.22    0.00    0.00   14.72    0.00    0.00    0.00   51.52
23:35:34       0    5.00    0.00   63.00    0.00    0.00   32.00    0.00    0.00    0.00    0.00
23:35:34       1    1.01    0.00    0.00    0.00    0.00    0.00    0.00    0.00    0.00   98.99
23:35:34       2    3.19    0.00   62.77    0.00    0.00   27.66    0.00    0.00    0.00    6.38
23:35:34       3    0.99    0.00    0.99    0.00    0.00    0.00    0.00    0.00    0.00   98.02

23:35:34     CPU    %usr   %nice    %sys %iowait    %irq   %soft  %steal  %guest  %gnice   %idle
23:35:35     all    2.03    0.00   32.15    0.00    0.00   13.67    0.00    0.00    0.00   52.15
23:35:35       0    5.00    0.00   65.00    0.00    0.00   30.00    0.00    0.00    0.00    0.00
23:35:35       1    0.00    0.00    0.00    0.00    0.00    0.00    0.00    0.00    0.00  100.00
23:35:35       2    3.12    0.00   64.58    0.00    0.00   25.00    0.00    0.00    0.00    7.29
23:35:35       3    0.00    0.00    0.00    0.00    0.00    0.00    0.00    0.00    0.00  100.00

23:35:35     CPU    %usr   %nice    %sys %iowait    %irq   %soft  %steal  %guest  %gnice   %idle
23:35:36     all    2.04    0.00   31.81    0.00    0.00   13.99    0.00    0.00    0.00   52.16
23:35:36       0    5.00    0.00   64.00    0.00    0.00   31.00    0.00    0.00    0.00    0.00
23:35:36       1    0.00    0.00    1.00    0.00    0.00    0.00    0.00    0.00    0.00   99.00
23:35:36       2    3.19    0.00   63.83    0.00    0.00   25.53    0.00    0.00    0.00    7.45
23:35:36       3    0.00    0.00    0.00    0.00    0.00    0.00    0.00    0.00    0.00  100.00

23:35:36     CPU    %usr   %nice    %sys %iowait    %irq   %soft  %steal  %guest  %gnice   %idle
23:35:37     all    2.04    0.00   31.55    0.00    0.00   14.25    0.00    0.00    0.00   52.16
23:35:37       0    4.04    0.00   65.66    0.00    0.00   30.30    0.00    0.00    0.00    0.00
23:35:37       1    1.00    0.00    0.00    0.00    0.00    0.00    0.00    0.00    0.00   99.00
23:35:37       2    3.16    0.00   62.11    0.00    0.00   27.37    0.00    0.00    0.00    7.37
23:35:37       3    0.00    0.00    0.00    0.00    0.00    0.00    0.00    0.00    0.00  100.00

23:35:37     CPU    %usr   %nice    %sys %iowait    %irq   %soft  %steal  %guest  %gnice   %idle
23:35:38     all    2.27    0.00   32.32    0.00    0.00   13.64    0.00    0.00    0.00   51.77
23:35:38       0    4.95    0.00   65.35    0.00    0.00   29.70    0.00    0.00    0.00    0.00
23:35:38       1    0.00    0.00    0.00    0.00    0.00    0.00    0.00    0.00    0.00  100.00
23:35:38       2    3.12    0.00   64.58    0.00    0.00   25.00    0.00    0.00    0.00    7.29
23:35:38       3    1.00    0.00    0.00    0.00    0.00    0.00    0.00    0.00    0.00   99.00
