Linux 7.0.0-31-generic (ubuntu) 	09/10/26 	_aarch64_	(4 CPU)

23:32:43     CPU    %usr   %nice    %sys %iowait    %irq   %soft  %steal  %guest  %gnice   %idle
23:32:44     all    4.50    0.00   30.75    0.00    0.00   16.50    0.00    0.00    0.00   48.25
23:32:44       0    7.92    0.00   58.42    0.00    0.00   33.66    0.00    0.00    0.00    0.00
23:32:44       1    2.00    0.00    4.00    0.00    0.00    0.00    0.00    0.00    0.00   94.00
23:32:44       2    7.07    0.00   57.58    0.00    0.00   32.32    0.00    0.00    0.00    3.03
23:32:44       3    1.00    0.00    3.00    0.00    0.00    0.00    0.00    0.00    0.00   96.00

23:32:44     CPU    %usr   %nice    %sys %iowait    %irq   %soft  %steal  %guest  %gnice   %idle
23:32:45     all    5.00    0.00   30.25    0.00    0.00   15.25    0.00    0.00    0.00   49.50
23:32:45       0    8.91    0.00   59.41    0.00    0.00   31.68    0.00    0.00    0.00    0.00
23:32:45       1    0.00    0.00    0.00    0.00    0.00    0.00    0.00    0.00    0.00  100.00
23:32:45       2    8.00    0.00   61.00    0.00    0.00   29.00    0.00    0.00    0.00    2.00
23:32:45       3    3.00    0.00    0.00    0.00    0.00    0.00    0.00    0.00    0.00   97.00

23:32:45     CPU    %usr   %nice    %sys %iowait    %irq   %soft  %steal  %guest  %gnice   %idle
23:32:46     all    4.05    0.00   29.11    0.00    0.00   16.71    0.00    0.00    0.00   50.13
23:32:46       0    7.14    0.00   57.14    0.00    0.00   35.71    0.00    0.00    0.00    0.00
23:32:46       1    1.00    0.00    0.00    0.00    0.00    0.00    0.00    0.00    0.00   99.00
23:32:46       2    6.12    0.00   60.20    0.00    0.00   31.63    0.00    0.00    0.00    2.04
23:32:46       3    2.02    0.00    0.00    0.00    0.00    0.00    0.00    0.00    0.00   97.98

23:32:46     CPU    %usr   %nice    %sys %iowait    %irq   %soft  %steal  %guest  %gnice   %idle
23:32:47     all    3.75    0.00   30.50    0.00    0.00   16.00    0.00    0.00    0.00   49.75
23:32:47       0    7.84    0.00   58.82    0.00    0.00   33.33    0.00    0.00    0.00    0.00
23:32:47       1    1.01    0.00    0.00    0.00    0.00    0.00    0.00    0.00    0.00   98.99
23:32:47       2    6.00    0.00   62.00    0.00    0.00   30.00    0.00    0.00    0.00    2.00
23:32:47       3    0.00    0.00    0.00    0.00    0.00    0.00    0.00    0.00    0.00  100.00

23:32:47     CPU    %usr   %nice    %sys %iowait    %irq   %soft  %steal  %guest  %gnice   %idle
23:32:48     all    3.25    0.00   29.75    0.00    0.00   16.75    0.00    0.00    0.00   50.25
23:32:48       0    6.00    0.00   61.00    0.00    0.00   33.00    0.00    0.00    0.00    0.00
23:32:48       1    0.00    0.00    0.00    0.00    0.00    0.00    0.00    0.00    0.00  100.00
23:32:48       2    5.94    0.00   57.43    0.00    0.00   33.66    0.00    0.00    0.00    2.97
23:32:48       3    1.00    0.00    0.00    0.00    0.00    0.00    0.00    0.00    0.00   99.00

23:32:48     CPU    %usr   %nice    %sys %iowait    %irq   %soft  %steal  %guest  %gnice   %idle
23:32:49     all    3.28    0.00   30.05    0.00    0.00   16.16    0.00    0.00    0.00   50.51
23:32:49       0    9.00    0.00   60.00    0.00    0.00   31.00    0.00    0.00    0.00    0.00
23:32:49       1    0.00    0.00    0.00    0.00    0.00    0.00    0.00    0.00    0.00  100.00
23:32:49       2    4.08    0.00   60.20    0.00    0.00   33.67    0.00    0.00    0.00    2.04
23:32:49       3    0.00    0.00    0.00    0.00    0.00    0.00    0.00    0.00    0.00  100.00

23:32:49     CPU    %usr   %nice    %sys %iowait    %irq   %soft  %steal  %guest  %gnice   %idle
23:32:50     all    4.52    0.00   28.89    0.00    0.00   16.33    0.00    0.00    0.00   50.25
23:32:50       0    9.09    0.00   57.58    0.00    0.00   33.33    0.00    0.00    0.00    0.00
23:32:50       1    1.00    0.00    0.00    0.00    0.00    0.00    0.00    0.00    0.00   99.00
23:32:50       2    7.14    0.00   58.16    0.00    0.00   32.65    0.00    0.00    0.00    2.04
23:32:50       3    0.99    0.00    0.99    0.00    0.00    0.00    0.00    0.00    0.00   98.02

23:32:50     CPU    %usr   %nice    %sys %iowait    %irq   %soft  %steal  %guest  %gnice   %idle
23:32:51     all    4.28    0.00   29.72    0.00    0.00   15.87    0.00    0.00    0.00   50.13
23:32:51       0    7.92    0.00   60.40    0.00    0.00   31.68    0.00    0.00    0.00    0.00
23:32:51       1    1.01    0.00    0.00    0.00    0.00    0.00    0.00    0.00    0.00   98.99
23:32:51       2    7.14    0.00   58.16    0.00    0.00   31.63    0.00    0.00    0.00    3.06
23:32:51       3    1.01    0.00    0.00    0.00    0.00    0.00    0.00    0.00    0.00   98.99

23:32:51     CPU    %usr   %nice    %sys %iowait    %irq   %soft  %steal  %guest  %gnice   %idle
23:32:52     all    3.52    0.50   30.40    0.00    0.00   16.33    0.00    0.00    0.00   49.25
23:32:52       0    7.07    0.00   59.60    0.00    0.00   33.33    0.00    0.00    0.00    0.00
23:32:52       1    0.00    2.00    1.00    0.00    0.00    0.00    0.00    0.00    0.00   97.00
23:32:52       2    6.06    0.00   59.60    0.00    0.00   32.32    0.00    0.00    0.00    2.02
23:32:52       3    1.00    0.00    2.00    0.00    0.00    0.00    0.00    0.00    0.00   97.00

23:32:52     CPU    %usr   %nice    %sys %iowait    %irq   %soft  %steal  %guest  %gnice   %idle
23:32:53     all    4.80    0.00   31.06    0.00    0.00   15.15    0.00    0.00    0.00   48.99
23:32:53       0    8.00    0.00   60.00    0.00    0.00   32.00    0.00    0.00    0.00    0.00
23:32:53       1    1.01    0.00    0.00    0.00    0.00    0.00    0.00    0.00    0.00   98.99
23:32:53       2    7.07    0.00   61.62    0.00    0.00   28.28    0.00    0.00    0.00    3.03
23:32:53       3    3.06    0.00    2.04    0.00    0.00    0.00    0.00    0.00    0.00   94.90

23:32:53     CPU    %usr   %nice    %sys %iowait    %irq   %soft  %steal  %guest  %gnice   %idle
23:32:54     all    4.25    0.00   30.00    0.00    0.00   15.75    0.00    0.00    0.00   50.00
23:32:54       0    7.92    0.00   60.40    0.00    0.00   31.68    0.00    0.00    0.00    0.00
23:32:54       1    0.99    0.00    0.99    0.00    0.00    0.00    0.00    0.00    0.00   98.02
23:32:54       2    7.14    0.00   59.18    0.00    0.00   31.63    0.00    0.00    0.00    2.04
23:32:54       3    1.00    0.00    0.00    0.00    0.00    0.00    0.00    0.00    0.00   99.00

23:32:54     CPU    %usr   %nice    %sys %iowait    %irq   %soft  %steal  %guest  %gnice   %idle
23:32:55     all    3.53    0.00   30.73    0.00    0.00   15.62    0.00    0.00    0.00   50.13
23:32:55       0    8.00    0.00   58.00    0.00    0.00   34.00    0.00    0.00    0.00    0.00
23:32:55       1    0.00    0.00    0.00    0.00    0.00    0.00    0.00    0.00    0.00  100.00
23:32:55       2    5.10    0.00   64.29    0.00    0.00   28.57    0.00    0.00    0.00    2.04
23:32:55       3    0.99    0.00    0.99    0.00    0.00    0.00    0.00    0.00    0.00   98.02

23:32:55     CPU    %usr   %nice    %sys %iowait    %irq   %soft  %steal  %guest  %gnice   %idle
23:32:56     all    3.77    0.00   30.15    0.00    0.00   15.58    0.00    0.00    0.00   50.50
23:32:56       0    8.00    0.00   60.00    0.00    0.00   32.00    0.00    0.00    0.00    0.00
23:32:56       1    1.00    0.00    0.00    0.00    0.00    0.00    0.00    0.00    0.00   99.00
23:32:56       2    6.06    0.00   60.61    0.00    0.00   30.30    0.00    0.00    0.00    3.03
23:32:56       3    0.00    0.00    0.00    0.00    0.00    0.00    0.00    0.00    0.00  100.00

23:32:56     CPU    %usr   %nice    %sys %iowait    %irq   %soft  %steal  %guest  %gnice   %idle
23:32:57     all    9.09    0.00   29.55    0.00    0.00   16.16    0.00    0.00    0.00   45.20
23:32:57       0    9.09    0.00   57.58    0.00    0.00   33.33    0.00    0.00    0.00    0.00
23:32:57       1   12.12    0.00    1.01    0.00    0.00    0.00    0.00    0.00    0.00   86.87
23:32:57       2    5.10    0.00   60.20    0.00    0.00   31.63    0.00    0.00    0.00    3.06
23:32:57       3   10.00    0.00    0.00    0.00    0.00    0.00    0.00    0.00    0.00   90.00

23:32:57     CPU    %usr   %nice    %sys %iowait    %irq   %soft  %steal  %guest  %gnice   %idle
23:32:58     all    5.51    0.00   29.07    0.00    0.00   16.54    0.00    0.00    0.00   48.87
23:32:58       0    9.00    0.00   58.00    0.00    0.00   33.00    0.00    0.00    0.00    0.00
23:32:58       1    3.00    0.00    0.00    0.00    0.00    0.00    0.00    0.00    0.00   97.00
23:32:58       2    7.07    0.00   57.58    0.00    0.00   33.33    0.00    0.00    0.00    2.02
23:32:58       3    3.00    0.00    1.00    0.00    0.00    0.00    0.00    0.00    0.00   96.00

23:32:58     CPU    %usr   %nice    %sys %iowait    %irq   %soft  %steal  %guest  %gnice   %idle
23:32:59     all    4.02    0.00   30.65    0.00    0.00   15.83    0.00    0.00    0.00   49.50
23:32:59       0    7.92    0.00   59.41    0.00    0.00   32.67    0.00    0.00    0.00    0.00
23:32:59       1    2.02    0.00    0.00    0.00    0.00    0.00    0.00    0.00    0.00   97.98
23:32:59       2    5.05    0.00   62.63    0.00    0.00   30.30    0.00    0.00    0.00    2.02
23:32:59       3    1.01    0.00    0.00    0.00    0.00    0.00    0.00    0.00    0.00   98.99

23:32:59     CPU    %usr   %nice    %sys %iowait    %irq   %soft  %steal  %guest  %gnice   %idle
23:33:00     all    3.79    0.00   29.55    0.00    0.00   16.92    0.00    0.00    0.00   49.75
23:33:00       0    6.93    0.00   57.43    0.00    0.00   35.64    0.00    0.00    0.00    0.00
23:33:00       1    1.02    0.00    0.00    0.00    0.00    0.00    0.00    0.00    0.00   98.98
23:33:00       2    5.10    0.00   60.20    0.00    0.00   31.63    0.00    0.00    0.00    3.06
23:33:00       3    2.02    0.00    0.00    0.00    0.00    0.00    0.00    0.00    0.00   97.98

23:33:00     CPU    %usr   %nice    %sys %iowait    %irq   %soft  %steal  %guest  %gnice   %idle
23:33:01     all    3.52    0.00   30.40    0.00    0.00   15.83    0.00    0.00    0.00   50.25
23:33:01       0    6.06    0.00   61.62    0.00    0.00   32.32    0.00    0.00    0.00    0.00
23:33:01       1    0.99    0.00    0.99    0.00    0.00    0.00    0.00    0.00    0.00   98.02
23:33:01       2    6.19    0.00   59.79    0.00    0.00   31.96    0.00    0.00    0.00    2.06
23:33:01       3    0.99    0.00    0.99    0.00    0.00    0.00    0.00    0.00    0.00   98.02

23:33:01     CPU    %usr   %nice    %sys %iowait    %irq   %soft  %steal  %guest  %gnice   %idle
23:33:02     all    3.77    0.00   30.90    0.00    0.00   14.82    0.00    0.00    0.00   50.50
23:33:02       0    7.00    0.00   62.00    0.00    0.00   31.00    0.00    0.00    0.00    0.00
23:33:02       1    1.01    0.00    0.00    0.00    0.00    0.00    0.00    0.00    0.00   98.99
23:33:02       2    6.06    0.00   61.62    0.00    0.00   28.28    0.00    0.00    0.00    4.04
23:33:02       3    1.00    0.00    0.00    0.00    0.00    0.00    0.00    0.00    0.00   99.00

23:33:02     CPU    %usr   %nice    %sys %iowait    %irq   %soft  %steal  %guest  %gnice   %idle
23:33:03     all    4.29    0.00   31.57    0.00    0.00   14.90    0.00    0.00    0.00   49.24
23:33:03       0    9.00    0.00   61.00    0.00    0.00   30.00    0.00    0.00    0.00    0.00
23:33:03       1    1.02    0.00    1.02    0.00    0.00    0.00    0.00    0.00    0.00   97.96
23:33:03       2    5.10    0.00   62.24    0.00    0.00   29.59    0.00    0.00    0.00    3.06
23:33:03       3    2.00    0.00    2.00    0.00    0.00    0.00    0.00    0.00    0.00   96.00
