Linux 7.0.0-31-generic (ubuntu) 	09/10/26 	_aarch64_	(4 CPU)

23:35:40     CPU    %usr   %nice    %sys %iowait    %irq   %soft  %steal  %guest  %gnice   %idle
23:35:41     all    2.25    0.75   33.25    0.00    0.00   13.00    0.00    0.00    0.00   50.75
23:35:41       0    3.88    0.97   67.96    0.00    0.00   26.21    0.00    0.00    0.00    0.97
23:35:41       1    0.00    1.01    1.01    0.00    0.00    0.00    0.00    0.00    0.00   97.98
23:35:41       2    3.06    1.02   63.27    0.00    0.00   25.51    0.00    0.00    0.00    7.14
23:35:41       3    2.00    0.00    0.00    0.00    0.00    0.00    0.00    0.00    0.00   98.00

23:35:41     CPU    %usr   %nice    %sys %iowait    %irq   %soft  %steal  %guest  %gnice   %idle
23:35:42     all    1.02    0.00   35.88    0.00    0.00   10.94    0.00    0.00    0.00   52.16
23:35:42       0    3.06    0.00   74.49    0.00    0.00   22.45    0.00    0.00    0.00    0.00
23:35:42       1    0.00    0.00    0.00    0.00    0.00    0.00    0.00    0.00    0.00  100.00
23:35:42       2    1.04    0.00   70.83    0.00    0.00   21.88    0.00    0.00    0.00    6.25
23:35:42       3    0.00    0.00    0.00    0.00    0.00    0.00    0.00    0.00    0.00  100.00

23:35:42     CPU    %usr   %nice    %sys %iowait    %irq   %soft  %steal  %guest  %gnice   %idle
23:35:43     all    2.27    0.00   34.26    0.00    0.00   12.59    0.00    0.00    0.00   50.88
23:35:43       0    3.92    0.00   70.59    0.00    0.00   25.49    0.00    0.00    0.00    0.00
23:35:43       1    1.01    0.00    0.00    0.00    0.00    0.00    0.00    0.00    0.00   98.99
23:35:43       2    4.12    0.00   65.98    0.00    0.00   24.74    0.00    0.00    0.00    5.15
23:35:43       3    0.00    0.00    0.00    0.00    0.00    0.00    0.00    0.00    0.00  100.00

23:35:43     CPU    %usr   %nice    %sys %iowait    %irq   %soft  %steal  %guest  %gnice   %idle
23:35:44     all    1.51    0.00   35.68    0.00    0.00   11.56    0.00    0.00    0.00   51.26
23:35:44       0    3.00    0.00   74.00    0.00    0.00   23.00    0.00    0.00    0.00    0.00
23:35:44       1    0.00    0.00    1.00    0.00    0.00    0.00    0.00    0.00    0.00   99.00
23:35:44       2    2.06    0.00   68.04    0.00    0.00   23.71    0.00    0.00    0.00    6.19
23:35:44       3    0.99    0.00    0.99    0.00    0.00    0.00    0.00    0.00    0.00   98.02

23:35:44     CPU    %usr   %nice    %sys %iowait    %irq   %soft  %steal  %guest  %gnice   %idle
23:35:45     all    1.77    0.00   35.86    0.00    0.00   11.11    0.00    0.00    0.00   51.26
23:35:45       0    4.04    0.00   74.75    0.00    0.00   21.21    0.00    0.00    0.00    0.00
23:35:45       1    0.00    0.00    0.00    0.00    0.00    0.00    0.00    0.00    0.00  100.00
23:35:45       2    2.04    0.00   69.39    0.00    0.00   23.47    0.00    0.00    0.00    5.10
23:35:45       3    1.00    0.00    0.00    0.00    0.00    0.00    0.00    0.00    0.00   99.00

23:35:45     CPU    %usr   %nice    %sys %iowait    %irq   %soft  %steal  %guest  %gnice   %idle
23:35:46     all    2.01    0.00   35.68    0.00    0.00   11.31    0.00    0.00    0.00   51.01
23:35:46       0    4.00    0.00   73.00    0.00    0.00   23.00    0.00    0.00    0.00    0.00
23:35:46       1    1.00    0.00    0.00    0.00    0.00    0.00    0.00    0.00    0.00   99.00
23:35:46       2    3.03    0.00   69.70    0.00    0.00   22.22    0.00    0.00    0.00    5.05
23:35:46       3    0.00    0.00    0.00    0.00    0.00    0.00    0.00    0.00    0.00  100.00

23:35:46     CPU    %usr   %nice    %sys %iowait    %irq   %soft  %steal  %guest  %gnice   %idle
23:35:47     all    1.78    0.00   36.29    0.00    0.00   10.91    0.00    0.00    0.00   51.02
23:35:47       0    3.00    0.00   74.00    0.00    0.00   23.00    0.00    0.00    0.00    0.00
23:35:47       1    1.02    0.00    0.00    0.00    0.00    0.00    0.00    0.00    0.00   98.98
23:35:47       2    2.08    0.00   71.88    0.00    0.00   20.83    0.00    0.00    0.00    5.21
23:35:47       3    1.00    0.00    0.00    0.00    0.00    0.00    0.00    0.00    0.00   99.00

23:35:47     CPU    %usr   %nice    %sys %iowait    %irq   %soft  %steal  %guest  %gnice   %idle
23:35:48     all    2.01    0.00   35.84    0.00    0.00   10.78    0.00    0.00    0.00   51.38
23:35:48       0    3.96    0.00   73.27    0.00    0.00   22.77    0.00    0.00    0.00    0.00
23:35:48       1    0.99    0.00    0.00    0.00    0.00    0.00    0.00    0.00    0.00   99.01
23:35:48       2    3.09    0.00   71.13    0.00    0.00   20.62    0.00    0.00    0.00    5.15
23:35:48       3    0.00    0.00    0.00    0.00    0.00    0.00    0.00    0.00    0.00  100.00

23:35:48     CPU    %usr   %nice    %sys %iowait    %irq   %soft  %steal  %guest  %gnice   %idle
23:35:49     all    1.52    0.00   34.94    0.00    0.00   12.15    0.00    0.00    0.00   51.39
23:35:49       0    3.00    0.00   74.00    0.00    0.00   23.00    0.00    0.00    0.00    0.00
23:35:49       1    0.00    0.00    0.00    0.00    0.00    0.00    0.00    0.00    0.00  100.00
23:35:49       2    3.09    0.00   65.98    0.00    0.00   25.77    0.00    0.00    0.00    5.15
23:35:49       3    0.00    0.00    0.00    0.00    0.00    0.00    0.00    0.00    0.00  100.00

23:35:49     CPU    %usr   %nice    %sys %iowait    %irq   %soft  %steal  %guest  %gnice   %idle
23:35:50     all    2.03    0.00   34.94    0.00    0.00   11.39    0.00    0.00    0.00   51.65
23:35:50       0    5.00    0.00   72.00    0.00    0.00   23.00    0.00    0.00    0.00    0.00
23:35:50       1    0.00    0.00    0.00    0.00    0.00    0.00    0.00    0.00    0.00  100.00
23:35:50       2    2.11    0.00   69.47    0.00    0.00   23.16    0.00    0.00    0.00    5.26
23:35:50       3    0.99    0.00    0.00    0.00    0.00    0.00    0.00    0.00    0.00   99.01

23:35:50     CPU    %usr   %nice    %sys %iowait    %irq   %soft  %steal  %guest  %gnice   %idle
23:35:51     all    1.50    0.00   36.34    0.00    0.00   11.28    0.00    0.00    0.00   50.88
23:35:51       0    3.00    0.00   74.00    0.00    0.00   23.00    0.00    0.00    0.00    0.00
23:35:51       1    1.00    0.00    0.00    0.00    0.00    0.00    0.00    0.00    0.00   99.00
23:35:51       2    2.02    0.00   70.71    0.00    0.00   22.22    0.00    0.00    0.00    5.05
23:35:51       3    0.00    0.00    1.00    0.00    0.00    0.00    0.00    0.00    0.00   99.00

23:35:51     CPU    %usr   %nice    %sys %iowait    %irq   %soft  %steal  %guest  %gnice   %idle
23:35:52     all    1.26    0.00   35.61    0.00    0.00   11.87    0.00    0.00    0.00   51.26
23:35:52       0    3.96    0.00   72.28    0.00    0.00   23.76    0.00    0.00    0.00    0.00
23:35:52       1    0.00    0.00    1.00    0.00    0.00    0.00    0.00    0.00    0.00   99.00
23:35:52       2    1.04    0.00   69.79    0.00    0.00   23.96    0.00    0.00    0.00    5.21
23:35:52       3    0.00    0.00    0.00    0.00    0.00    0.00    0.00    0.00    0.00  100.00

23:35:52     CPU    %usr   %nice    %sys %iowait    %irq   %soft  %steal  %guest  %gnice   %idle
23:35:53     all    1.75    0.00   37.09    0.00    0.00   10.28    0.00    0.00    0.00   50.88
23:35:53       0    3.03    0.00   75.76    0.00    0.00   21.21    0.00    0.00    0.00    0.00
23:35:53       1    1.00    0.00    0.00    0.00    0.00    0.00    0.00    0.00    0.00   99.00
23:35:53       2    2.00    0.00   73.00    0.00    0.00   20.00    0.00    0.00    0.00    5.00
23:35:53       3    1.00    0.00    0.00    0.00    0.00    0.00    0.00    0.00    0.00   99.00

23:35:53     CPU    %usr   %nice    %sys %iowait    %irq   %soft  %steal  %guest  %gnice   %idle
23:35:54     all    1.26    0.00   35.43    0.00    0.00   12.06    0.00    0.00    0.00   51.26
23:35:54       0    2.97    0.00   72.28    0.00    0.00   24.75    0.00    0.00    0.00    0.00
23:35:54       1    0.00    0.00    0.00    0.00    0.00    0.00    0.00    0.00    0.00  100.00
23:35:54       2    2.04    0.00   69.39    0.00    0.00   23.47    0.00    0.00    0.00    5.10
23:35:54       3    0.00    0.00    0.00    0.00    0.00    0.00    0.00    0.00    0.00  100.00

23:35:54     CPU    %usr   %nice    %sys %iowait    %irq   %soft  %steal  %guest  %gnice   %idle
23:35:55     all    1.51    0.00   35.43    0.00    0.00   12.06    0.00    0.00    0.00   51.01
23:35:55       0    3.00    0.00   73.00    0.00    0.00   24.00    0.00    0.00    0.00    0.00
23:35:55       1    0.00    0.00    0.00    0.00    0.00    0.00    0.00    0.00    0.00  100.00
23:35:55       2    2.02    0.00   68.69    0.00    0.00   24.24    0.00    0.00    0.00    5.05
23:35:55       3    1.00    0.00    0.00    0.00    0.00    0.00    0.00    0.00    0.00   99.00

23:35:55     CPU    %usr   %nice    %sys %iowait    %irq   %soft  %steal  %guest  %gnice   %idle
23:35:56     all    1.51    0.00   35.77    0.00    0.00   11.08    0.00    0.00    0.00   51.64
23:35:56       0    3.00    0.00   73.00    0.00    0.00   24.00    0.00    0.00    0.00    0.00
23:35:56       1    0.00    0.00    0.00    0.00    0.00    0.00    0.00    0.00    0.00  100.00
23:35:56       2    3.09    0.00   71.13    0.00    0.00   20.62    0.00    0.00    0.00    5.15
23:35:56       3    0.00    0.00    0.00    0.00    0.00    0.00    0.00    0.00    0.00  100.00

23:35:56     CPU    %usr   %nice    %sys %iowait    %irq   %soft  %steal  %guest  %gnice   %idle
23:35:57     all    2.01    0.00   36.09    0.00    0.00   11.03    0.00    0.00    0.00   50.88
23:35:57       0    3.96    0.00   73.27    0.00    0.00   22.77    0.00    0.00    0.00    0.00
23:35:57       1    1.00    0.00    0.00    0.00    0.00    0.00    0.00    0.00    0.00   99.00
23:35:57       2    2.04    0.00   71.43    0.00    0.00   21.43    0.00    0.00    0.00    5.10
23:35:57       3    1.00    0.00    0.00    0.00    0.00    0.00    0.00    0.00    0.00   99.00

23:35:57     CPU    %usr   %nice    %sys %iowait    %irq   %soft  %steal  %guest  %gnice   %idle
23:35:58     all    2.28    0.00   35.28    0.00    0.00   11.42    0.00    0.00    0.00   51.02
23:35:58       0    4.04    0.00   73.74    0.00    0.00   22.22    0.00    0.00    0.00    0.00
23:35:58       1    2.00    0.00    0.00    0.00    0.00    0.00    0.00    0.00    0.00   98.00
23:35:58       2    3.12    0.00   68.75    0.00    0.00   23.96    0.00    0.00    0.00    4.17
23:35:58       3    0.00    0.00    0.00    0.00    0.00    0.00    0.00    0.00    0.00  100.00

23:35:58     CPU    %usr   %nice    %sys %iowait    %irq   %soft  %steal  %guest  %gnice   %idle
23:35:59     all    1.75    0.00   35.34    0.00    0.00   11.78    0.00    0.00    0.00   51.13
23:35:59       0    3.96    0.00   72.28    0.00    0.00   23.76    0.00    0.00    0.00    0.00
23:35:59       1    0.00    0.00    0.00    0.00    0.00    0.00    0.00    0.00    0.00  100.00
23:35:59       2    3.03    0.00   68.69    0.00    0.00   23.23    0.00    0.00    0.00    5.05
23:35:59       3    0.00    0.00    0.00    0.00    0.00    0.00    0.00    0.00    0.00  100.00
