Linux 7.0.0-31-generic (ubuntu) 	09/10/26 	_aarch64_	(4 CPU)

23:31:37     CPU    %usr   %nice    %sys %iowait    %irq   %soft  %steal  %guest  %gnice   %idle
23:31:38     all    1.60    0.53   33.51    0.00    0.00    7.98    0.00    0.00    0.00   56.38
23:31:38       0    1.02    0.00   71.43    0.00    0.00   27.55    0.00    0.00    0.00    0.00
23:31:38       1    1.01    1.01    0.00    0.00    0.00    0.00    0.00    0.00    0.00   97.98
23:31:38       2    2.44    1.22   68.29    0.00    0.00    3.66    0.00    0.00    0.00   24.39
23:31:38       3    2.06    0.00    0.00    0.00    0.00    0.00    0.00    0.00    0.00   97.94

23:31:38     CPU    %usr   %nice    %sys %iowait    %irq   %soft  %steal  %guest  %gnice   %idle
23:31:39     all    2.33    0.00   34.20    0.00    0.00    7.77    0.00    0.00    0.00   55.70
23:31:39       0    2.00    0.00   73.00    0.00    0.00   25.00    0.00    0.00    0.00    0.00
23:31:39       1    1.01    0.00    0.00    0.00    0.00    0.00    0.00    0.00    0.00   98.99
23:31:39       2    1.16    0.00   68.60    0.00    0.00    5.81    0.00    0.00    0.00   24.42
23:31:39       3    4.95    0.00    0.00    0.00    0.00    0.00    0.00    0.00    0.00   95.05

23:31:39     CPU    %usr   %nice    %sys %iowait    %irq   %soft  %steal  %guest  %gnice   %idle
23:31:40     all    0.78    0.00   34.55    0.00    0.00    8.31    0.00    0.00    0.00   56.36
23:31:40       0    0.99    0.00   71.29    0.00    0.00   27.72    0.00    0.00    0.00    0.00
23:31:40       1    0.00    0.00    1.00    0.00    0.00    0.00    0.00    0.00    0.00   99.00
23:31:40       2    2.35    0.00   70.59    0.00    0.00    4.71    0.00    0.00    0.00   22.35
23:31:40       3    0.00    0.00    0.00    0.00    0.00    0.00    0.00    0.00    0.00  100.00

23:31:40     CPU    %usr   %nice    %sys %iowait    %irq   %soft  %steal  %guest  %gnice   %idle
23:31:41     all    1.05    0.00   34.21    0.00    0.00    7.63    0.00    0.00    0.00   57.11
23:31:41       0    1.01    0.00   73.74    0.00    0.00   25.25    0.00    0.00    0.00    0.00
23:31:41       1    1.01    0.00    0.00    0.00    0.00    0.00    0.00    0.00    0.00   98.99
23:31:41       2    1.22    0.00   69.51    0.00    0.00    4.88    0.00    0.00    0.00   24.39
23:31:41       3    1.00    0.00    0.00    0.00    0.00    0.00    0.00    0.00    0.00   99.00

23:31:41     CPU    %usr   %nice    %sys %iowait    %irq   %soft  %steal  %guest  %gnice   %idle
23:31:42     all    0.79    0.00   33.77    0.00    0.00    8.38    0.00    0.00    0.00   57.07
23:31:42       0    1.00    0.00   71.00    0.00    0.00   28.00    0.00    0.00    0.00    0.00
23:31:42       1    0.00    0.00    0.00    0.00    0.00    0.00    0.00    0.00    0.00  100.00
23:31:42       2    2.38    0.00   69.05    0.00    0.00    4.76    0.00    0.00    0.00   23.81
23:31:42       3    0.00    0.00    0.00    0.00    0.00    0.00    0.00    0.00    0.00  100.00

23:31:42     CPU    %usr   %nice    %sys %iowait    %irq   %soft  %steal  %guest  %gnice   %idle
23:31:43     all    1.30    0.00   35.42    0.00    0.00    7.55    0.00    0.00    0.00   55.73
23:31:43       0    1.98    0.00   73.27    0.00    0.00   24.75    0.00    0.00    0.00    0.00
23:31:43       1    1.01    0.00    1.01    0.00    0.00    0.00    0.00    0.00    0.00   97.98
23:31:43       2    1.19    0.00   70.24    0.00    0.00    4.76    0.00    0.00    0.00   23.81
23:31:43       3    1.00    0.00    2.00    0.00    0.00    0.00    0.00    0.00    0.00   97.00

23:31:43     CPU    %usr   %nice    %sys %iowait    %irq   %soft  %steal  %guest  %gnice   %idle
23:31:44     all    1.30    0.00   34.55    0.00    0.00    8.05    0.00    0.00    0.00   56.10
23:31:44       0    2.00    0.00   71.00    0.00    0.00   27.00    0.00    0.00    0.00    0.00
23:31:44       1    1.00    0.00    1.00    0.00    0.00    0.00    0.00    0.00    0.00   98.00
23:31:44       2    2.35    0.00   70.59    0.00    0.00    4.71    0.00    0.00    0.00   22.35
23:31:44       3    0.00    0.00    1.00    0.00    0.00    0.00    0.00    0.00    0.00   99.00

23:31:44     CPU    %usr   %nice    %sys %iowait    %irq   %soft  %steal  %guest  %gnice   %idle
23:31:45     all    0.52    0.00   34.91    0.00    0.00    7.61    0.00    0.00    0.00   56.96
23:31:45       0    1.01    0.00   73.74    0.00    0.00   25.25    0.00    0.00    0.00    0.00
23:31:45       1    1.01    0.00    0.00    0.00    0.00    0.00    0.00    0.00    0.00   98.99
23:31:45       2    0.00    0.00   71.43    0.00    0.00    4.76    0.00    0.00    0.00   23.81
23:31:45       3    0.00    0.00    0.00    0.00    0.00    0.00    0.00    0.00    0.00  100.00

23:31:45     CPU    %usr   %nice    %sys %iowait    %irq   %soft  %steal  %guest  %gnice   %idle
23:31:46     all    1.04    0.52   34.81    0.00    0.00    8.05    0.00    0.00    0.00   55.58
23:31:46       0    1.00    0.00   73.00    0.00    0.00   26.00    0.00    0.00    0.00    0.00
23:31:46       1    0.00    1.01    1.01    0.00    0.00    0.00    0.00    0.00    0.00   97.98
23:31:46       2    2.33    0.00   69.77    0.00    0.00    5.81    0.00    0.00    0.00   22.09
23:31:46       3    1.00    1.00    0.00    0.00    0.00    0.00    0.00    0.00    0.00   98.00

23:31:46     CPU    %usr   %nice    %sys %iowait    %irq   %soft  %steal  %guest  %gnice   %idle
23:31:47     all    1.57    0.00   34.20    0.00    0.00    8.09    0.00    0.00    0.00   56.14
23:31:47       0    1.00    0.00   72.00    0.00    0.00   27.00    0.00    0.00    0.00    0.00
23:31:47       1    1.01    0.00    0.00    0.00    0.00    0.00    0.00    0.00    0.00   98.99
23:31:47       2    1.19    0.00   70.24    0.00    0.00    4.76    0.00    0.00    0.00   23.81
23:31:47       3    3.00    0.00    0.00    0.00    0.00    0.00    0.00    0.00    0.00   97.00

23:31:47     CPU    %usr   %nice    %sys %iowait    %irq   %soft  %steal  %guest  %gnice   %idle
23:31:48     all    0.78    0.00   34.73    0.00    0.00    7.83    0.00    0.00    0.00   56.66
23:31:48       0    1.98    0.00   73.27    0.00    0.00   24.75    0.00    0.00    0.00    0.00
23:31:48       1    0.00    0.00    0.00    0.00    0.00    0.00    0.00    0.00    0.00  100.00
23:31:48       2    1.19    0.00   70.24    0.00    0.00    5.95    0.00    0.00    0.00   22.62
23:31:48       3    0.00    0.00    0.00    0.00    0.00    0.00    0.00    0.00    0.00  100.00

23:31:48     CPU    %usr   %nice    %sys %iowait    %irq   %soft  %steal  %guest  %gnice   %idle
23:31:49     all    1.04    0.00   34.03    0.00    0.00    8.31    0.00    0.00    0.00   56.62
23:31:49       0    1.00    0.00   72.00    0.00    0.00   27.00    0.00    0.00    0.00    0.00
23:31:49       1    1.00    0.00    0.00    0.00    0.00    0.00    0.00    0.00    0.00   99.00
23:31:49       2    2.33    0.00   68.60    0.00    0.00    5.81    0.00    0.00    0.00   23.26
23:31:49       3    0.00    0.00    0.00    0.00    0.00    0.00    0.00    0.00    0.00  100.00

23:31:49     CPU    %usr   %nice    %sys %iowait    %irq   %soft  %steal  %guest  %gnice   %idle
23:31:50     all    0.52    0.00   34.90    0.00    0.00    7.81    0.00    0.00    0.00   56.77
23:31:50       0    0.99    0.00   73.27    0.00    0.00   25.74    0.00    0.00    0.00    0.00
23:31:50       1    0.00    0.00    0.00    0.00    0.00    0.00    0.00    0.00    0.00  100.00
23:31:50       2    1.19    0.00   71.43    0.00    0.00    4.76    0.00    0.00    0.00   22.62
23:31:50       3    0.00    0.00    0.00    0.00    0.00    0.00    0.00    0.00    0.00  100.00

23:31:50     CPU    %usr   %nice    %sys %iowait    %irq   %soft  %steal  %guest  %gnice   %idle
23:31:51     all    1.05    0.00   35.08    0.00    0.00    7.07    0.00    0.00    0.00   56.81
23:31:51       0    1.02    0.00   75.51    0.00    0.00   23.47    0.00    0.00    0.00    0.00
23:31:51       1    1.00    0.00    0.00    0.00    0.00    0.00    0.00    0.00    0.00   99.00
23:31:51       2    1.18    0.00   70.59    0.00    0.00    4.71    0.00    0.00    0.00   23.53
23:31:51       3    1.01    0.00    0.00    0.00    0.00    0.00    0.00    0.00    0.00   98.99

23:31:51     CPU    %usr   %nice    %sys %iowait    %irq   %soft  %steal  %guest  %gnice   %idle
23:31:52     all    6.77    0.00   35.16    0.26    0.00    7.55    0.00    0.00    0.00   50.26
23:31:52       0    2.94    0.00   71.57    0.00    0.00   24.51    0.00    0.00    0.00    0.98
23:31:52       1   13.00    0.00    2.00    1.00    0.00    0.00    0.00    0.00    0.00   84.00
23:31:52       2    2.38    0.00   69.05    0.00    0.00    4.76    0.00    0.00    0.00   23.81
23:31:52       3    8.16    0.00    2.04    0.00    0.00    0.00    0.00    0.00    0.00   89.80

23:31:52     CPU    %usr   %nice    %sys %iowait    %irq   %soft  %steal  %guest  %gnice   %idle
23:31:53     all    1.82    0.00   35.06    0.00    0.00    8.31    0.00    0.00    0.00   54.81
23:31:53       0    1.00    0.00   73.00    0.00    0.00   26.00    0.00    0.00    0.00    0.00
23:31:53       1    3.00    0.00    2.00    0.00    0.00    0.00    0.00    0.00    0.00   95.00
23:31:53       2    1.19    0.00   69.05    0.00    0.00    7.14    0.00    0.00    0.00   22.62
23:31:53       3    1.98    0.00    1.98    0.00    0.00    0.00    0.00    0.00    0.00   96.04

23:31:53     CPU    %usr   %nice    %sys %iowait    %irq   %soft  %steal  %guest  %gnice   %idle
23:31:54     all    1.32    0.00   33.51    0.00    0.00    7.92    0.00    0.00    0.00   57.26
23:31:54       0    1.01    0.00   72.73    0.00    0.00   26.26    0.00    0.00    0.00    0.00
23:31:54       1    1.01    0.00    0.00    0.00    0.00    0.00    0.00    0.00    0.00   98.99
23:31:54       2    2.47    0.00   67.90    0.00    0.00    4.94    0.00    0.00    0.00   24.69
23:31:54       3    1.00    0.00    0.00    0.00    0.00    0.00    0.00    0.00    0.00   99.00

23:31:54     CPU    %usr   %nice    %sys %iowait    %irq   %soft  %steal  %guest  %gnice   %idle
23:31:55     all    1.05    0.00   33.60    0.00    0.00    8.40    0.00    0.00    0.00   56.96
23:31:55       0    1.01    0.00   71.72    0.00    0.00   27.27    0.00    0.00    0.00    0.00
23:31:55       1    1.00    0.00    1.00    0.00    0.00    0.00    0.00    0.00    0.00   98.00
23:31:55       2    1.20    0.00   67.47    0.00    0.00    6.02    0.00    0.00    0.00   25.30
23:31:55       3    1.01    0.00    0.00    0.00    0.00    0.00    0.00    0.00    0.00   98.99

23:31:55     CPU    %usr   %nice    %sys %iowait    %irq   %soft  %steal  %guest  %gnice   %idle
23:31:56     all    1.55    0.00   33.94    0.00    0.00    8.03    0.00    0.00    0.00   56.48
23:31:56       0    1.98    0.00   71.29    0.00    0.00   26.73    0.00    0.00    0.00    0.00
23:31:56       1    1.01    0.00    0.00    0.00    0.00    0.00    0.00    0.00    0.00   98.99
23:31:56       2    2.35    0.00   68.24    0.00    0.00    4.71    0.00    0.00    0.00   24.71
23:31:56       3    0.99    0.00    0.99    0.00    0.00    0.00    0.00    0.00    0.00   98.02

23:31:56     CPU    %usr   %nice    %sys %iowait    %irq   %soft  %steal  %guest  %gnice   %idle
23:31:57     all    1.57    0.00   34.38    0.00    0.00    7.87    0.00    0.00    0.00   56.17
23:31:57       0    2.00    0.00   72.00    0.00    0.00   25.00    0.00    0.00    0.00    1.00
23:31:57       1    2.02    0.00    2.02    0.00    0.00    0.00    0.00    0.00    0.00   95.96
23:31:57       2    1.20    0.00   68.67    0.00    0.00    6.02    0.00    0.00    0.00   24.10
23:31:57       3    1.01    0.00    0.00    0.00    0.00    0.00    0.00    0.00    0.00   98.99
