Linux 7.0.0-31-generic (ubuntu) 	09/10/26 	_aarch64_	(4 CPU)

23:36:02     CPU    %usr   %nice    %sys %iowait    %irq   %soft  %steal  %guest  %gnice   %idle
23:36:03     all    4.99    0.25   30.42    0.00    0.00   16.21    0.00    0.00    0.00   48.13
23:36:03       0    9.90    0.00   55.45    0.00    0.00   33.66    0.00    0.00    0.00    0.99
23:36:03       1    1.00    1.00    3.00    0.00    0.00    0.00    0.00    0.00    0.00   95.00
23:36:03       2    7.00    0.00   60.00    0.00    0.00   31.00    0.00    0.00    0.00    2.00
23:36:03       3    2.00    0.00    3.00    0.00    0.00    0.00    0.00    0.00    0.00   95.00

23:36:03     CPU    %usr   %nice    %sys %iowait    %irq   %soft  %steal  %guest  %gnice   %idle
23:36:04     all    4.49    0.00   29.68    0.25    0.00   16.21    0.00    0.00    0.00   49.38
23:36:04       0    9.09    0.00   58.59    0.00    0.00   32.32    0.00    0.00    0.00    0.00
23:36:04       1    0.99    0.00    0.99    0.99    0.00    0.00    0.00    0.00    0.00   97.03
23:36:04       2    7.84    0.00   58.82    0.00    0.00   32.35    0.00    0.00    0.00    0.98
23:36:04       3    0.00    0.00    0.00    0.00    0.00    0.00    0.00    0.00    0.00  100.00

23:36:04     CPU    %usr   %nice    %sys %iowait    %irq   %soft  %steal  %guest  %gnice   %idle
23:36:05     all    4.25    0.00   28.75    0.00    0.00   17.25    0.00    0.00    0.00   49.75
23:36:05       0    8.00    0.00   55.00    0.00    0.00   37.00    0.00    0.00    0.00    0.00
23:36:05       1    0.00    0.00    0.00    0.00    0.00    0.00    0.00    0.00    0.00  100.00
23:36:05       2    8.00    0.00   60.00    0.00    0.00   32.00    0.00    0.00    0.00    0.00
23:36:05       3    1.00    0.00    0.00    0.00    0.00    0.00    0.00    0.00    0.00   99.00

23:36:05     CPU    %usr   %nice    %sys %iowait    %irq   %soft  %steal  %guest  %gnice   %idle
23:36:06     all    3.51    0.00   28.82    0.00    0.00   17.54    0.00    0.00    0.00   50.13
23:36:06       0    7.00    0.00   57.00    0.00    0.00   36.00    0.00    0.00    0.00    0.00
23:36:06       1    0.00    0.00    0.00    0.00    0.00    0.00    0.00    0.00    0.00  100.00
23:36:06       2    7.00    0.00   58.00    0.00    0.00   34.00    0.00    0.00    0.00    1.00
23:36:06       3    0.00    0.00    0.00    0.00    0.00    0.00    0.00    0.00    0.00  100.00

23:36:06     CPU    %usr   %nice    %sys %iowait    %irq   %soft  %steal  %guest  %gnice   %idle
23:36:07     all    3.76    0.00   29.07    0.00    0.00   17.29    0.00    0.00    0.00   49.87
23:36:07       0    8.08    0.00   55.56    0.00    0.00   36.36    0.00    0.00    0.00    0.00
23:36:07       1    0.00    0.00    0.00    0.00    0.00    0.00    0.00    0.00    0.00  100.00
23:36:07       2    6.86    0.00   59.80    0.00    0.00   32.35    0.00    0.00    0.00    0.98
23:36:07       3    0.00    0.00    0.00    0.00    0.00    0.00    0.00    0.00    0.00  100.00

23:36:07     CPU    %usr   %nice    %sys %iowait    %irq   %soft  %steal  %guest  %gnice   %idle
23:36:08     all    3.99    0.00   29.18    0.00    0.00   16.96    0.00    0.00    0.00   49.88
23:36:08       0    9.90    0.00   56.44    0.00    0.00   33.66    0.00    0.00    0.00    0.00
23:36:08       1    0.00    0.00    0.00    0.00    0.00    0.00    0.00    0.00    0.00  100.00
23:36:08       2    5.94    0.00   59.41    0.00    0.00   33.66    0.00    0.00    0.00    0.99
23:36:08       3    0.00    0.00    0.00    0.00    0.00    0.00    0.00    0.00    0.00  100.00

23:36:08     CPU    %usr   %nice    %sys %iowait    %irq   %soft  %steal  %guest  %gnice   %idle
23:36:09     all    3.99    0.00   29.43    0.00    0.00   16.71    0.00    0.00    0.00   49.88
23:36:09       0    8.91    0.00   55.45    0.00    0.00   35.64    0.00    0.00    0.00    0.00
23:36:09       1    0.00    0.00    0.00    0.00    0.00    0.00    0.00    0.00    0.00  100.00
23:36:09       2    6.00    0.00   62.00    0.00    0.00   31.00    0.00    0.00    0.00    1.00
23:36:09       3    1.00    0.00    0.00    0.00    0.00    0.00    0.00    0.00    0.00   99.00

23:36:09     CPU    %usr   %nice    %sys %iowait    %irq   %soft  %steal  %guest  %gnice   %idle
23:36:10     all    4.53    0.00   29.97    0.00    0.00   16.62    0.00    0.00    0.00   48.87
23:36:10       0    7.07    0.00   57.58    0.00    0.00   35.35    0.00    0.00    0.00    0.00
23:36:10       1    3.03    0.00    0.00    0.00    0.00    0.00    0.00    0.00    0.00   96.97
23:36:10       2    7.07    0.00   61.62    0.00    0.00   31.31    0.00    0.00    0.00    0.00
23:36:10       3    1.00    0.00    1.00    0.00    0.00    0.00    0.00    0.00    0.00   98.00

23:36:10     CPU    %usr   %nice    %sys %iowait    %irq   %soft  %steal  %guest  %gnice   %idle
23:36:11     all    3.47    0.00   29.46    0.00    0.00   17.08    0.00    0.00    0.00   50.00
23:36:11       0    7.92    0.00   57.43    0.00    0.00   33.66    0.00    0.00    0.00    0.99
23:36:11       1    0.00    0.00    0.99    0.00    0.00    0.00    0.00    0.00    0.00   99.01
23:36:11       2    5.88    0.00   58.82    0.00    0.00   34.31    0.00    0.00    0.00    0.98
23:36:11       3    0.00    0.00    0.00    0.00    0.00    0.00    0.00    0.00    0.00  100.00

23:36:11     CPU    %usr   %nice    %sys %iowait    %irq   %soft  %steal  %guest  %gnice   %idle
23:36:12     all    4.25    0.00   29.00    0.00    0.00   17.00    0.00    0.00    0.00   49.75
23:36:12       0    9.00    0.00   56.00    0.00    0.00   35.00    0.00    0.00    0.00    0.00
23:36:12       1    0.00    0.00    0.00    0.00    0.00    0.00    0.00    0.00    0.00  100.00
23:36:12       2    6.93    0.00   59.41    0.00    0.00   32.67    0.00    0.00    0.00    0.99
23:36:12       3    1.00    0.00    0.00    0.00    0.00    0.00    0.00    0.00    0.00   99.00

23:36:12     CPU    %usr   %nice    %sys %iowait    %irq   %soft  %steal  %guest  %gnice   %idle
23:36:13     all   40.62    0.00   31.36    1.80    0.00   15.17    0.00    0.00    0.00   11.05
23:36:13       0   16.33    0.00   48.98    0.00    0.00   32.65    0.00    0.00    0.00    2.04
23:36:13       1   72.92    0.00    8.33    5.21    0.00    0.00    0.00    0.00    0.00   13.54
23:36:13       2   15.31    0.00   54.08    0.00    0.00   27.55    0.00    0.00    0.00    3.06
23:36:13       3   58.76    0.00   13.40    2.06    0.00    0.00    0.00    0.00    0.00   25.77

23:36:13     CPU    %usr   %nice    %sys %iowait    %irq   %soft  %steal  %guest  %gnice   %idle
23:36:14     all    7.71    0.00   30.10    0.00    0.00   15.67    0.00    0.00    0.00   46.52
23:36:14       0    9.90    0.00   58.42    0.00    0.00   31.68    0.00    0.00    0.00    0.00
23:36:14       1    6.00    0.00    1.00    0.00    0.00    0.00    0.00    0.00    0.00   93.00
23:36:14       2    8.91    0.00   59.41    0.00    0.00   30.69    0.00    0.00    0.00    0.99
23:36:14       3    6.00    0.00    1.00    0.00    0.00    0.00    0.00    0.00    0.00   93.00

23:36:14     CPU    %usr   %nice    %sys %iowait    %irq   %soft  %steal  %guest  %gnice   %idle
23:36:15     all    4.27    0.00   29.40    0.00    0.00   16.58    0.00    0.00    0.00   49.75
23:36:15       0    9.00    0.00   58.00    0.00    0.00   33.00    0.00    0.00    0.00    0.00
23:36:15       1    0.00    0.00    0.00    0.00    0.00    0.00    0.00    0.00    0.00  100.00
23:36:15       2    8.00    0.00   59.00    0.00    0.00   33.00    0.00    0.00    0.00    0.00
23:36:15       3    0.00    0.00    0.00    0.00    0.00    0.00    0.00    0.00    0.00  100.00

23:36:15     CPU    %usr   %nice    %sys %iowait    %irq   %soft  %steal  %guest  %gnice   %idle
23:36:16     all    3.75    0.00   29.75    0.00    0.00   16.50    0.00    0.00    0.00   50.00
23:36:16       0    8.00    0.00   57.00    0.00    0.00   35.00    0.00    0.00    0.00    0.00
23:36:16       1    0.00    0.00    0.00    0.00    0.00    0.00    0.00    0.00    0.00  100.00
23:36:16       2    7.00    0.00   62.00    0.00    0.00   31.00    0.00    0.00    0.00    0.00
23:36:16       3    0.00    0.00    0.00    0.00    0.00    0.00    0.00    0.00    0.00  100.00

23:36:16     CPU    %usr   %nice    %sys %iowait    %irq   %soft  %steal  %guest  %gnice   %idle
23:36:17     all    4.25    0.00   29.25    0.00    0.00   16.25    0.00    0.00    0.00   50.25
23:36:17       0    9.09    0.00   56.57    0.00    0.00   34.34    0.00    0.00    0.00    0.00
23:36:17       1    0.99    0.00    0.00    0.00    0.00    0.00    0.00    0.00    0.00   99.01
23:36:17       2    7.00    0.00   61.00    0.00    0.00   31.00    0.00    0.00    0.00    1.00
23:36:17       3    0.00    0.00    0.00    0.00    0.00    0.00    0.00    0.00    0.00  100.00

23:36:17     CPU    %usr   %nice    %sys %iowait    %irq   %soft  %steal  %guest  %gnice   %idle
23:36:18     all    5.00    0.00   30.25    0.00    0.00   15.75    0.00    0.00    0.00   49.00
23:36:18       0    9.90    0.00   59.41    0.00    0.00   30.69    0.00    0.00    0.00    0.00
23:36:18       1    2.02    0.00    0.00    0.00    0.00    0.00    0.00    0.00    0.00   97.98
23:36:18       2    8.00    0.00   60.00    0.00    0.00   32.00    0.00    0.00    0.00    0.00
23:36:18       3    0.00    0.00    1.00    0.00    0.00    0.00    0.00    0.00    0.00   99.00

23:36:18     CPU    %usr   %nice    %sys %iowait    %irq   %soft  %steal  %guest  %gnice   %idle
23:36:19     all    4.02    0.00   29.65    0.00    0.00   16.83    0.00    0.00    0.00   49.50
23:36:19       0    9.00    0.00   59.00    0.00    0.00   32.00    0.00    0.00    0.00    0.00
23:36:19       1    0.00    0.00    1.01    0.00    0.00    0.00    0.00    0.00    0.00   98.99
23:36:19       2    7.00    0.00   58.00    0.00    0.00   35.00    0.00    0.00    0.00    0.00
23:36:19       3    0.00    0.00    0.00    0.00    0.00    0.00    0.00    0.00    0.00  100.00

23:36:19     CPU    %usr   %nice    %sys %iowait    %irq   %soft  %steal  %guest  %gnice   %idle
23:36:20     all    3.95    0.00   30.12    0.00    0.00   16.05    0.00    0.00    0.00   49.88
23:36:20       0    7.84    0.00   58.82    0.00    0.00   32.35    0.00    0.00    0.00    0.98
23:36:20       1    0.99    0.00    0.00    0.00    0.00    0.00    0.00    0.00    0.00   99.01
23:36:20       2    6.86    0.00   60.78    0.00    0.00   31.37    0.00    0.00    0.00    0.98
23:36:20       3    0.00    0.00    0.00    0.00    0.00    0.00    0.00    0.00    0.00  100.00

23:36:20     CPU    %usr   %nice    %sys %iowait    %irq   %soft  %steal  %guest  %gnice   %idle
23:36:21     all    4.74    0.00   29.43    0.00    0.00   15.96    0.00    0.00    0.00   49.88
23:36:21       0    9.09    0.00   59.60    0.00    0.00   31.31    0.00    0.00    0.00    0.00
23:36:21       1    0.00    0.00    0.00    0.00    0.00    0.00    0.00    0.00    0.00  100.00
23:36:21       2    8.82    0.00   57.84    0.00    0.00   32.35    0.00    0.00    0.00    0.98
23:36:21       3    0.99    0.00    0.00    0.00    0.00    0.00    0.00    0.00    0.00   99.01

23:36:21     CPU    %usr   %nice    %sys %iowait    %irq   %soft  %steal  %guest  %gnice   %idle
23:36:22     all    4.51    0.00   30.08    0.00    0.00   15.79    0.00    0.00    0.00   49.62
23:36:22       0    9.90    0.00   58.42    0.00    0.00   31.68    0.00    0.00    0.00    0.00
23:36:22       1    1.00    0.00    0.00    0.00    0.00    0.00    0.00    0.00    0.00   99.00
23:36:22       2    7.07    0.00   61.62    0.00    0.00   31.31    0.00    0.00    0.00    0.00
23:36:22       3    0.00    0.00    0.00    0.00    0.00    0.00    0.00    0.00    0.00  100.00
