Linux 7.0.0-31-generic (ubuntu) 	09/10/26 	_aarch64_	(4 CPU)

23:32:21     CPU    %usr   %nice    %sys %iowait    %irq   %soft  %steal  %guest  %gnice   %idle
23:32:22     all    4.76    0.25   30.58    0.00    0.00   15.79    0.00    0.00    0.00   48.62
23:32:22       0    9.09    0.00   60.61    0.00    0.00   30.30    0.00    0.00    0.00    0.00
23:32:22       1    1.01    0.00    2.02    0.00    0.00    0.00    0.00    0.00    0.00   96.97
23:32:22       2    8.91    0.00   57.43    0.00    0.00   32.67    0.00    0.00    0.00    0.99
23:32:22       3    0.00    1.00    2.00    0.00    0.00    0.00    0.00    0.00    0.00   97.00

23:32:22     CPU    %usr   %nice    %sys %iowait    %irq   %soft  %steal  %guest  %gnice   %idle
23:32:23     all    4.99    0.00   29.68    0.00    0.00   16.46    0.00    0.00    0.00   48.88
23:32:23       0   10.89    0.00   56.44    0.00    0.00   32.67    0.00    0.00    0.00    0.00
23:32:23       1    1.00    0.00    1.00    0.00    0.00    0.00    0.00    0.00    0.00   98.00
23:32:23       2    7.00    0.00   60.00    0.00    0.00   33.00    0.00    0.00    0.00    0.00
23:32:23       3    1.00    0.00    1.00    0.00    0.00    0.00    0.00    0.00    0.00   98.00

23:32:23     CPU    %usr   %nice    %sys %iowait    %irq   %soft  %steal  %guest  %gnice   %idle
23:32:24     all    5.03    0.00   28.89    0.00    0.00   16.58    0.00    0.00    0.00   49.50
23:32:24       0    9.09    0.00   57.58    0.00    0.00   33.33    0.00    0.00    0.00    0.00
23:32:24       1    1.01    0.00    0.00    0.00    0.00    0.00    0.00    0.00    0.00   98.99
23:32:24       2    8.91    0.00   57.43    0.00    0.00   32.67    0.00    0.00    0.00    0.99
23:32:24       3    1.01    0.00    0.00    0.00    0.00    0.00    0.00    0.00    0.00   98.99

23:32:24     CPU    %usr   %nice    %sys %iowait    %irq   %soft  %steal  %guest  %gnice   %idle
23:32:25     all    5.50    0.00   29.25    0.00    0.00   16.25    0.00    0.00    0.00   49.00
23:32:25       0   10.89    0.00   56.44    0.00    0.00   32.67    0.00    0.00    0.00    0.00
23:32:25       1    3.00    0.00    0.00    0.00    0.00    0.00    0.00    0.00    0.00   97.00
23:32:25       2    7.07    0.00   60.61    0.00    0.00   32.32    0.00    0.00    0.00    0.00
23:32:25       3    1.00    0.00    0.00    0.00    0.00    0.00    0.00    0.00    0.00   99.00

23:32:25     CPU    %usr   %nice    %sys %iowait    %irq   %soft  %steal  %guest  %gnice   %idle
23:32:26     all    4.03    0.00   29.72    0.00    0.00   16.12    0.00    0.00    0.00   50.13
23:32:26       0    9.09    0.00   59.60    0.00    0.00   31.31    0.00    0.00    0.00    0.00
23:32:26       1    0.00    0.00    0.00    0.00    0.00    0.00    0.00    0.00    0.00  100.00
23:32:26       2    7.00    0.00   59.00    0.00    0.00   33.00    0.00    0.00    0.00    1.00
23:32:26       3    0.00    0.00    0.00    0.00    0.00    0.00    0.00    0.00    0.00  100.00

23:32:26     CPU    %usr   %nice    %sys %iowait    %irq   %soft  %steal  %guest  %gnice   %idle
23:32:27     all    4.73    0.00   29.85    0.00    0.00   16.17    0.00    0.00    0.00   49.25
23:32:27       0    9.90    0.00   59.41    0.00    0.00   30.69    0.00    0.00    0.00    0.00
23:32:27       1    1.00    0.00    1.00    0.00    0.00    0.00    0.00    0.00    0.00   98.00
23:32:27       2    6.93    0.00   58.42    0.00    0.00   33.66    0.00    0.00    0.00    0.99
23:32:27       3    1.00    0.00    0.00    0.00    0.00    0.00    0.00    0.00    0.00   99.00

23:32:27     CPU    %usr   %nice    %sys %iowait    %irq   %soft  %steal  %guest  %gnice   %idle
23:32:28     all    4.76    0.00   31.08    0.00    0.00   16.04    0.00    0.00    0.00   48.12
23:32:28       0    7.07    0.00   59.60    0.00    0.00   33.33    0.00    0.00    0.00    0.00
23:32:28       1    2.00    0.00    3.00    0.00    0.00    0.00    0.00    0.00    0.00   95.00
23:32:28       2    7.07    0.00   61.62    0.00    0.00   31.31    0.00    0.00    0.00    0.00
23:32:28       3    2.97    0.00    0.99    0.00    0.00    0.00    0.00    0.00    0.00   96.04

23:32:28     CPU    %usr   %nice    %sys %iowait    %irq   %soft  %steal  %guest  %gnice   %idle
23:32:29     all    4.01    0.00   30.08    0.00    0.00   16.04    0.00    0.00    0.00   49.87
23:32:29       0    9.00    0.00   59.00    0.00    0.00   32.00    0.00    0.00    0.00    0.00
23:32:29       1    0.00    0.00    0.00    0.00    0.00    0.00    0.00    0.00    0.00  100.00
23:32:29       2    6.93    0.00   60.40    0.00    0.00   31.68    0.00    0.00    0.00    0.99
23:32:29       3    0.00    0.00    0.00    0.00    0.00    0.00    0.00    0.00    0.00  100.00

23:32:29     CPU    %usr   %nice    %sys %iowait    %irq   %soft  %steal  %guest  %gnice   %idle
23:32:30     all    4.27    0.25   30.65    0.00    0.00   15.58    0.00    0.00    0.00   49.25
23:32:30       0    8.00    0.00   63.00    0.00    0.00   29.00    0.00    0.00    0.00    0.00
23:32:30       1    1.00    1.00    1.00    0.00    0.00    0.00    0.00    0.00    0.00   97.00
23:32:30       2    8.00    0.00   58.00    0.00    0.00   33.00    0.00    0.00    0.00    1.00
23:32:30       3    0.00    0.00    0.00    0.00    0.00    0.00    0.00    0.00    0.00  100.00

23:32:30     CPU    %usr   %nice    %sys %iowait    %irq   %soft  %steal  %guest  %gnice   %idle
23:32:31     all    3.73    0.00   30.60    0.00    0.00   16.17    0.00    0.00    0.00   49.50
23:32:31       0    7.00    0.00   61.00    0.00    0.00   32.00    0.00    0.00    0.00    0.00
23:32:31       1    0.00    0.00    0.00    0.00    0.00    0.00    0.00    0.00    0.00  100.00
23:32:31       2    6.93    0.00   60.40    0.00    0.00   32.67    0.00    0.00    0.00    0.00
23:32:31       3    0.98    0.00    0.98    0.00    0.00    0.00    0.00    0.00    0.00   98.04

23:32:31     CPU    %usr   %nice    %sys %iowait    %irq   %soft  %steal  %guest  %gnice   %idle
23:32:32     all    5.24    0.00   29.18    0.50    0.00   15.71    0.00    0.00    0.00   49.38
23:32:32       0    9.90    0.00   57.43    0.00    0.00   31.68    0.00    0.00    0.00    0.99
23:32:32       1    1.98    0.00    0.00    0.99    0.00    0.00    0.00    0.00    0.00   97.03
23:32:32       2    8.08    0.00   59.60    0.00    0.00   31.31    0.00    0.00    0.00    1.01
23:32:32       3    1.00    0.00    0.00    1.00    0.00    0.00    0.00    0.00    0.00   98.00

23:32:32     CPU    %usr   %nice    %sys %iowait    %irq   %soft  %steal  %guest  %gnice   %idle
23:32:33     all    4.74    0.00   30.67    0.00    0.00   16.21    0.00    0.00    0.00   48.38
23:32:33       0    9.00    0.00   57.00    0.00    0.00   34.00    0.00    0.00    0.00    0.00
23:32:33       1    2.00    0.00    2.00    0.00    0.00    0.00    0.00    0.00    0.00   96.00
23:32:33       2    6.86    0.00   61.76    0.00    0.00   30.39    0.00    0.00    0.00    0.98
23:32:33       3    1.01    0.00    1.01    0.00    0.00    0.00    0.00    0.00    0.00   97.98

23:32:33     CPU    %usr   %nice    %sys %iowait    %irq   %soft  %steal  %guest  %gnice   %idle
23:32:34     all    3.79    0.00   30.30    0.00    0.00   15.91    0.00    0.00    0.00   50.00
23:32:34       0    8.08    0.00   60.61    0.00    0.00   31.31    0.00    0.00    0.00    0.00
23:32:34       1    1.01    0.00    0.00    0.00    0.00    0.00    0.00    0.00    0.00   98.99
23:32:34       2    6.06    0.00   60.61    0.00    0.00   32.32    0.00    0.00    0.00    1.01
23:32:34       3    0.00    0.00    0.00    0.00    0.00    0.00    0.00    0.00    0.00  100.00

23:32:34     CPU    %usr   %nice    %sys %iowait    %irq   %soft  %steal  %guest  %gnice   %idle
23:32:35     all    4.48    0.00   30.35    0.00    0.00   16.42    0.00    0.00    0.00   48.76
23:32:35       0    8.00    0.00   59.00    0.00    0.00   33.00    0.00    0.00    0.00    0.00
23:32:35       1    2.00    0.00    1.00    0.00    0.00    0.00    0.00    0.00    0.00   97.00
23:32:35       2    6.93    0.00   60.40    0.00    0.00   32.67    0.00    0.00    0.00    0.00
23:32:35       3    0.99    0.00    0.99    0.00    0.00    0.00    0.00    0.00    0.00   98.02

23:32:35     CPU    %usr   %nice    %sys %iowait    %irq   %soft  %steal  %guest  %gnice   %idle
23:32:36     all    5.03    0.00   30.15    0.00    0.00   15.33    0.00    0.00    0.00   49.50
23:32:36       0   11.00    0.00   58.00    0.00    0.00   31.00    0.00    0.00    0.00    0.00
23:32:36       1    1.01    0.00    0.00    0.00    0.00    0.00    0.00    0.00    0.00   98.99
23:32:36       2    7.07    0.00   62.63    0.00    0.00   30.30    0.00    0.00    0.00    0.00
23:32:36       3    1.00    0.00    0.00    0.00    0.00    0.00    0.00    0.00    0.00   99.00

23:32:36     CPU    %usr   %nice    %sys %iowait    %irq   %soft  %steal  %guest  %gnice   %idle
23:32:37     all    4.51    0.00   29.57    0.00    0.00   16.29    0.00    0.00    0.00   49.62
23:32:37       0   10.00    0.00   58.00    0.00    0.00   32.00    0.00    0.00    0.00    0.00
23:32:37       1    1.01    0.00    0.00    0.00    0.00    0.00    0.00    0.00    0.00   98.99
23:32:37       2    6.93    0.00   59.41    0.00    0.00   32.67    0.00    0.00    0.00    0.99
23:32:37       3    0.00    0.00    0.00    0.00    0.00    0.00    0.00    0.00    0.00  100.00

23:32:37     CPU    %usr   %nice    %sys %iowait    %irq   %soft  %steal  %guest  %gnice   %idle
23:32:38     all    5.03    0.00   30.40    0.00    0.00   15.83    0.00    0.00    0.00   48.74
23:32:38       0    8.00    0.00   61.00    0.00    0.00   31.00    0.00    0.00    0.00    0.00
23:32:38       1    1.00    0.00    0.00    0.00    0.00    0.00    0.00    0.00    0.00   99.00
23:32:38       2    7.07    0.00   60.61    0.00    0.00   32.32    0.00    0.00    0.00    0.00
23:32:38       3    4.04    0.00    0.00    0.00    0.00    0.00    0.00    0.00    0.00   95.96

23:32:38     CPU    %usr   %nice    %sys %iowait    %irq   %soft  %steal  %guest  %gnice   %idle
23:32:39     all    4.77    0.00   29.90    0.00    0.00   16.33    0.00    0.00    0.00   48.99
23:32:39       0    9.09    0.00   58.59    0.00    0.00   32.32    0.00    0.00    0.00    0.00
23:32:39       1    1.00    0.00    1.00    0.00    0.00    0.00    0.00    0.00    0.00   98.00
23:32:39       2    7.00    0.00   60.00    0.00    0.00   33.00    0.00    0.00    0.00    0.00
23:32:39       3    2.02    0.00    0.00    0.00    0.00    0.00    0.00    0.00    0.00   97.98

23:32:39     CPU    %usr   %nice    %sys %iowait    %irq   %soft  %steal  %guest  %gnice   %idle
23:32:40     all    4.96    0.00   29.53    0.00    0.00   16.13    0.00    0.00    0.00   49.38
23:32:40       0    9.71    0.00   58.25    0.00    0.00   31.07    0.00    0.00    0.00    0.97
23:32:40       1    1.01    0.00    0.00    0.00    0.00    0.00    0.00    0.00    0.00   98.99
23:32:40       2    7.92    0.00   58.42    0.00    0.00   32.67    0.00    0.00    0.00    0.99
23:32:40       3    1.00    0.00    0.00    0.00    0.00    0.00    0.00    0.00    0.00   99.00

23:32:40     CPU    %usr   %nice    %sys %iowait    %irq   %soft  %steal  %guest  %gnice   %idle
23:32:41     all    4.26    0.00   29.57    0.00    0.00   16.54    0.00    0.00    0.00   49.62
23:32:41       0    8.08    0.00   58.59    0.00    0.00   33.33    0.00    0.00    0.00    0.00
23:32:41       1    1.00    0.00    0.00    0.00    0.00    0.00    0.00    0.00    0.00   99.00
23:32:41       2    7.07    0.00   59.60    0.00    0.00   33.33    0.00    0.00    0.00    0.00
23:32:41       3    0.99    0.00    0.99    0.00    0.00    0.00    0.00    0.00    0.00   98.02
