Linux 7.0.0-31-generic (ubuntu) 	09/10/26 	_aarch64_	(4 CPU)

23:34:12     CPU    %usr   %nice    %sys %iowait    %irq   %soft  %steal  %guest  %gnice   %idle
23:34:13     all    1.30    0.00   34.03    0.00    0.00    8.31    0.00    0.00    0.00   56.36
23:34:13       0    0.99    0.00   71.29    0.00    0.00   26.73    0.00    0.00    0.00    0.99
23:34:13       1    1.00    0.00    1.00    0.00    0.00    0.00    0.00    0.00    0.00   98.00
23:34:13       2    2.38    0.00   67.86    0.00    0.00    5.95    0.00    0.00    0.00   23.81
23:34:13       3    1.00    0.00    1.00    0.00    0.00    0.00    0.00    0.00    0.00   98.00

23:34:13     CPU    %usr   %nice    %sys %iowait    %irq   %soft  %steal  %guest  %gnice   %idle
23:34:14     all    0.79    0.00   34.38    0.00    0.00    7.61    0.00    0.00    0.00   57.22
23:34:14       0    2.02    0.00   72.73    0.00    0.00   25.25    0.00    0.00    0.00    0.00
23:34:14       1    0.00    0.00    0.00    0.00    0.00    0.00    0.00    0.00    0.00  100.00
23:34:14       2    1.19    0.00   70.24    0.00    0.00    4.76    0.00    0.00    0.00   23.81
23:34:14       3    0.00    0.00    0.00    0.00    0.00    0.00    0.00    0.00    0.00  100.00

23:34:14     CPU    %usr   %nice    %sys %iowait    %irq   %soft  %steal  %guest  %gnice   %idle
23:34:15     all    0.52    0.00   34.97    0.00    0.00    8.03    0.00    0.00    0.00   56.48
23:34:15       0    0.99    0.00   73.27    0.00    0.00   25.74    0.00    0.00    0.00    0.00
23:34:15       1    0.00    0.00    0.00    0.00    0.00    0.00    0.00    0.00    0.00  100.00
23:34:15       2    1.15    0.00   70.11    0.00    0.00    5.75    0.00    0.00    0.00   22.99
23:34:15       3    0.00    0.00    0.00    0.00    0.00    0.00    0.00    0.00    0.00  100.00

23:34:15     CPU    %usr   %nice    %sys %iowait    %irq   %soft  %steal  %guest  %gnice   %idle
23:34:16     all    1.05    0.00   34.12    0.00    0.00    7.87    0.00    0.00    0.00   56.96
23:34:16       0    2.00    0.00   72.00    0.00    0.00   26.00    0.00    0.00    0.00    0.00
23:34:16       1    0.99    0.00    0.99    0.00    0.00    0.00    0.00    0.00    0.00   98.02
23:34:16       2    1.23    0.00   70.37    0.00    0.00    4.94    0.00    0.00    0.00   23.46
23:34:16       3    0.00    0.00    0.00    0.00    0.00    0.00    0.00    0.00    0.00  100.00

23:34:16     CPU    %usr   %nice    %sys %iowait    %irq   %soft  %steal  %guest  %gnice   %idle
23:34:17     all    0.79    0.00   34.29    0.26    0.00    7.85    0.00    0.00    0.00   56.81
23:34:17       0    1.01    0.00   73.74    0.00    0.00   25.25    0.00    0.00    0.00    0.00
23:34:17       1    0.00    0.00    0.00    1.01    0.00    0.00    0.00    0.00    0.00   98.99
23:34:17       2    1.19    0.00   69.05    0.00    0.00    5.95    0.00    0.00    0.00   23.81
23:34:17       3    1.00    0.00    0.00    0.00    0.00    0.00    0.00    0.00    0.00   99.00

23:34:17     CPU    %usr   %nice    %sys %iowait    %irq   %soft  %steal  %guest  %gnice   %idle
23:34:18     all    0.79    0.00   33.60    0.00    0.00    8.14    0.00    0.00    0.00   57.48
23:34:18       0    1.00    0.00   71.00    0.00    0.00   28.00    0.00    0.00    0.00    0.00
23:34:18       1    0.00    0.00    0.00    0.00    0.00    0.00    0.00    0.00    0.00  100.00
23:34:18       2    2.44    0.00   69.51    0.00    0.00    3.66    0.00    0.00    0.00   24.39
23:34:18       3    0.00    0.00    0.00    0.00    0.00    0.00    0.00    0.00    0.00  100.00

23:34:18     CPU    %usr   %nice    %sys %iowait    %irq   %soft  %steal  %guest  %gnice   %idle
23:34:19     all    1.30    0.00   34.97    0.00    0.00    7.51    0.00    0.00    0.00   56.22
23:34:19       0    1.98    0.00   74.26    0.00    0.00   23.76    0.00    0.00    0.00    0.00
23:34:19       1    1.01    0.00    0.00    0.00    0.00    0.00    0.00    0.00    0.00   98.99
23:34:19       2    1.16    0.00   69.77    0.00    0.00    5.81    0.00    0.00    0.00   23.26
23:34:19       3    1.00    0.00    0.00    0.00    0.00    0.00    0.00    0.00    0.00   99.00

23:34:19     CPU    %usr   %nice    %sys %iowait    %irq   %soft  %steal  %guest  %gnice   %idle
23:34:20     all    1.29    0.00   35.92    0.00    0.00    6.98    0.00    0.00    0.00   55.81
23:34:20       0    1.01    0.00   76.77    0.00    0.00   22.22    0.00    0.00    0.00    0.00
23:34:20       1    2.00    0.00    1.00    0.00    0.00    0.00    0.00    0.00    0.00   97.00
23:34:20       2    2.27    0.00   69.32    0.00    0.00    5.68    0.00    0.00    0.00   22.73
23:34:20       3    0.00    0.00    1.00    0.00    0.00    0.00    0.00    0.00    0.00   99.00

23:34:20     CPU    %usr   %nice    %sys %iowait    %irq   %soft  %steal  %guest  %gnice   %idle
23:34:21     all    0.78    0.00   33.94    0.00    0.00    8.36    0.00    0.00    0.00   56.92
23:34:21       0    0.99    0.00   71.29    0.00    0.00   27.72    0.00    0.00    0.00    0.00
23:34:21       1    0.00    0.00    0.00    0.00    0.00    0.00    0.00    0.00    0.00  100.00
23:34:21       2    2.38    0.00   69.05    0.00    0.00    4.76    0.00    0.00    0.00   23.81
23:34:21       3    0.00    0.00    0.00    0.00    0.00    0.00    0.00    0.00    0.00  100.00

23:34:21     CPU    %usr   %nice    %sys %iowait    %irq   %soft  %steal  %guest  %gnice   %idle
23:34:22     all    0.78    0.00   34.46    0.00    0.00    7.83    0.00    0.00    0.00   56.92
23:34:22       0    1.00    0.00   72.00    0.00    0.00   27.00    0.00    0.00    0.00    0.00
23:34:22       1    1.00    0.00    0.00    0.00    0.00    0.00    0.00    0.00    0.00   99.00
23:34:22       2    1.19    0.00   71.43    0.00    0.00    3.57    0.00    0.00    0.00   23.81
23:34:22       3    0.00    0.00    0.00    0.00    0.00    0.00    0.00    0.00    0.00  100.00

23:34:22     CPU    %usr   %nice    %sys %iowait    %irq   %soft  %steal  %guest  %gnice   %idle
23:34:23     all    1.04    0.00   34.29    0.00    0.00    8.31    0.00    0.00    0.00   56.36
23:34:23       0    0.00    0.00   71.72    0.00    0.00   28.28    0.00    0.00    0.00    0.00
23:34:23       1    1.00    0.00    1.00    0.00    0.00    0.00    0.00    0.00    0.00   98.00
23:34:23       2    2.35    0.00   69.41    0.00    0.00    4.71    0.00    0.00    0.00   23.53
23:34:23       3    0.99    0.00    0.99    0.00    0.00    0.00    0.00    0.00    0.00   98.02

23:34:23     CPU    %usr   %nice    %sys %iowait    %irq   %soft  %steal  %guest  %gnice   %idle
23:34:24     all    0.78    0.00   34.99    0.00    0.00    7.57    0.00    0.00    0.00   56.66
23:34:24       0    1.01    0.00   74.75    0.00    0.00   24.24    0.00    0.00    0.00    0.00
23:34:24       1    0.00    0.00    0.00    0.00    0.00    0.00    0.00    0.00    0.00  100.00
23:34:24       2    2.30    0.00   68.97    0.00    0.00    5.75    0.00    0.00    0.00   22.99
23:34:24       3    0.00    0.00    0.00    0.00    0.00    0.00    0.00    0.00    0.00  100.00

23:34:24     CPU    %usr   %nice    %sys %iowait    %irq   %soft  %steal  %guest  %gnice   %idle
23:34:25     all    0.78    0.00   35.16    0.00    0.00    7.55    0.00    0.00    0.00   56.51
23:34:25       0    1.98    0.00   73.27    0.00    0.00   24.75    0.00    0.00    0.00    0.00
23:34:25       1    0.00    0.00    1.00    0.00    0.00    0.00    0.00    0.00    0.00   99.00
23:34:25       2    1.19    0.00   71.43    0.00    0.00    4.76    0.00    0.00    0.00   22.62
23:34:25       3    0.00    0.00    0.00    0.00    0.00    0.00    0.00    0.00    0.00  100.00

23:34:25     CPU    %usr   %nice    %sys %iowait    %irq   %soft  %steal  %guest  %gnice   %idle
23:34:26     all    1.56    0.00   34.38    0.00    0.00    7.81    0.00    0.00    0.00   56.25
23:34:26       0    1.00    0.00   74.00    0.00    0.00   25.00    0.00    0.00    0.00    0.00
23:34:26       1    1.01    0.00    0.00    0.00    0.00    0.00    0.00    0.00    0.00   98.99
23:34:26       2    1.19    0.00   69.05    0.00    0.00    5.95    0.00    0.00    0.00   23.81
23:34:26       3    2.97    0.00    0.00    0.00    0.00    0.00    0.00    0.00    0.00   97.03

23:34:26     CPU    %usr   %nice    %sys %iowait    %irq   %soft  %steal  %guest  %gnice   %idle
23:34:27     all    1.31    0.00   34.46    0.00    0.00    7.57    0.00    0.00    0.00   56.66
23:34:27       0    1.98    0.00   73.27    0.00    0.00   24.75    0.00    0.00    0.00    0.00
23:34:27       1    0.99    0.00    0.99    0.00    0.00    0.00    0.00    0.00    0.00   98.02
23:34:27       2    2.44    0.00   69.51    0.00    0.00    4.88    0.00    0.00    0.00   23.17
23:34:27       3    0.00    0.00    0.00    0.00    0.00    0.00    0.00    0.00    0.00  100.00

23:34:27     CPU    %usr   %nice    %sys %iowait    %irq   %soft  %steal  %guest  %gnice   %idle
23:34:28     all    0.79    0.00   33.95    0.00    0.00    7.89    0.00    0.00    0.00   57.37
23:34:28       0    1.01    0.00   72.73    0.00    0.00   26.26    0.00    0.00    0.00    0.00
23:34:28       1    0.00    0.00    0.00    0.00    0.00    0.00    0.00    0.00    0.00  100.00
23:34:28       2    1.22    0.00   69.51    0.00    0.00    4.88    0.00    0.00    0.00   24.39
23:34:28       3    1.00    0.00    0.00    0.00    0.00    0.00    0.00    0.00    0.00   99.00

23:34:28     CPU    %usr   %nice    %sys %iowait    %irq   %soft  %steal  %guest  %gnice   %idle
23:34:29     all    1.54    0.00   34.45    0.00    0.00    8.48    0.00    0.00    0.00   55.53
23:34:29       0    0.99    0.00   72.28    0.00    0.00   26.73    0.00    0.00    0.00    0.00
23:34:29       1    2.00    0.00    0.00    0.00    0.00    0.00    0.00    0.00    0.00   98.00
23:34:29       2    2.27    0.00   68.18    0.00    0.00    6.82    0.00    0.00    0.00   22.73
23:34:29       3    1.00    0.00    1.00    0.00    0.00    0.00    0.00    0.00    0.00   98.00

23:34:29     CPU    %usr   %nice    %sys %iowait    %irq   %soft  %steal  %guest  %gnice   %idle
23:34:30     all    1.05    0.00   33.95    0.00    0.00    7.89    0.00    0.00    0.00   57.11
23:34:30       0    1.01    0.00   72.73    0.00    0.00   26.26    0.00    0.00    0.00    0.00
23:34:30       1    0.00    0.00    0.00    0.00    0.00    0.00    0.00    0.00    0.00  100.00
23:34:30       2    2.44    0.00   69.51    0.00    0.00    4.88    0.00    0.00    0.00   23.17
23:34:30       3    1.00    0.00    0.00    0.00    0.00    0.00    0.00    0.00    0.00   99.00

23:34:30     CPU    %usr   %nice    %sys %iowait    %irq   %soft  %steal  %guest  %gnice   %idle
23:34:31     all    0.79    0.00   34.65    0.00    0.00    7.35    0.00    0.00    0.00   57.22
23:34:31       0    1.00    0.00   75.00    0.00    0.00   24.00    0.00    0.00    0.00    0.00
23:34:31       1    1.00    0.00    0.00    0.00    0.00    0.00    0.00    0.00    0.00   99.00
23:34:31       2    1.22    0.00   69.51    0.00    0.00    4.88    0.00    0.00    0.00   24.39
23:34:31       3    0.00    0.00    0.00    0.00    0.00    0.00    0.00    0.00    0.00  100.00

23:34:31     CPU    %usr   %nice    %sys %iowait    %irq   %soft  %steal  %guest  %gnice   %idle
23:34:32     all    1.04    0.00   33.85    0.00    0.00    8.07    0.00    0.00    0.00   57.03
23:34:32       0    0.99    0.00   71.29    0.00    0.00   26.73    0.00    0.00    0.00    0.99
23:34:32       1    0.00    0.00    1.01    0.00    0.00    0.00    0.00    0.00    0.00   98.99
23:34:32       2    2.38    0.00   67.86    0.00    0.00    4.76    0.00    0.00    0.00   25.00
23:34:32       3    1.00    0.00    0.00    0.00    0.00    0.00    0.00    0.00    0.00   99.00
