Linux 7.0.0-31-generic (ubuntu) 	09/10/26 	_aarch64_	(4 CPU)

23:33:28     CPU    %usr   %nice    %sys %iowait    %irq   %soft  %steal  %guest  %gnice   %idle
23:33:29     all    4.53    0.00   31.74    0.00    0.00   15.37    0.00    0.00    0.00   48.36
23:33:29       0    9.09    0.00   63.64    0.00    0.00   27.27    0.00    0.00    0.00    0.00
23:33:29       1    2.02    0.00    2.02    0.00    0.00    0.00    0.00    0.00    0.00   95.96
23:33:29       2    6.00    0.00   59.00    0.00    0.00   34.00    0.00    0.00    0.00    1.00
23:33:29       3    1.01    0.00    2.02    0.00    0.00    0.00    0.00    0.00    0.00   96.97

23:33:29     CPU    %usr   %nice    %sys %iowait    %irq   %soft  %steal  %guest  %gnice   %idle
23:33:30     all    4.25    0.00   28.50    0.00    0.00   17.50    0.00    0.00    0.00   49.75
23:33:30       0    8.91    0.00   55.45    0.00    0.00   35.64    0.00    0.00    0.00    0.00
23:33:30       1    0.00    0.00    0.00    0.00    0.00    0.00    0.00    0.00    0.00  100.00
23:33:30       2    8.00    0.00   58.00    0.00    0.00   34.00    0.00    0.00    0.00    0.00
23:33:30       3    0.00    0.00    0.00    0.00    0.00    0.00    0.00    0.00    0.00  100.00

23:33:30     CPU    %usr   %nice    %sys %iowait    %irq   %soft  %steal  %guest  %gnice   %idle
23:33:31     all    4.74    0.00   28.68    0.00    0.00   16.71    0.00    0.00    0.00   49.88
23:33:31       0   10.00    0.00   56.00    0.00    0.00   34.00    0.00    0.00    0.00    0.00
23:33:31       1    0.00    0.00    0.00    0.00    0.00    0.00    0.00    0.00    0.00  100.00
23:33:31       2    7.92    0.00   58.42    0.00    0.00   32.67    0.00    0.00    0.00    0.99
23:33:31       3    0.99    0.00    0.00    0.00    0.00    0.00    0.00    0.00    0.00   99.01

23:33:31     CPU    %usr   %nice    %sys %iowait    %irq   %soft  %steal  %guest  %gnice   %idle
23:33:32     all    4.27    0.00   29.65    0.00    0.00   16.33    0.00    0.00    0.00   49.75
23:33:32       0    9.09    0.00   57.58    0.00    0.00   33.33    0.00    0.00    0.00    0.00
23:33:32       1    1.00    0.00    0.00    0.00    0.00    0.00    0.00    0.00    0.00   99.00
23:33:32       2    7.00    0.00   61.00    0.00    0.00   32.00    0.00    0.00    0.00    0.00
23:33:32       3    0.00    0.00    0.00    0.00    0.00    0.00    0.00    0.00    0.00  100.00

23:33:32     CPU    %usr   %nice    %sys %iowait    %irq   %soft  %steal  %guest  %gnice   %idle
23:33:33     all    4.75    0.00   28.50    0.00    0.00   17.50    0.00    0.00    0.00   49.25
23:33:33       0    9.90    0.00   53.47    0.00    0.00   36.63    0.00    0.00    0.00    0.00
23:33:33       1    0.00    0.00    1.00    0.00    0.00    0.00    0.00    0.00    0.00   99.00
23:33:33       2    8.00    0.00   59.00    0.00    0.00   33.00    0.00    0.00    0.00    0.00
23:33:33       3    1.01    0.00    0.00    0.00    0.00    0.00    0.00    0.00    0.00   98.99

23:33:33     CPU    %usr   %nice    %sys %iowait    %irq   %soft  %steal  %guest  %gnice   %idle
23:33:34     all    4.50    0.00   29.50    0.00    0.00   16.75    0.00    0.00    0.00   49.25
23:33:34       0    8.00    0.00   58.00    0.00    0.00   34.00    0.00    0.00    0.00    0.00
23:33:34       1    1.01    0.00    0.00    0.00    0.00    0.00    0.00    0.00    0.00   98.99
23:33:34       2    7.92    0.00   58.42    0.00    0.00   32.67    0.00    0.00    0.00    0.99
23:33:34       3    1.00    0.00    1.00    0.00    0.00    0.00    0.00    0.00    0.00   98.00

23:33:34     CPU    %usr   %nice    %sys %iowait    %irq   %soft  %steal  %guest  %gnice   %idle
23:33:35     all    4.51    0.00   29.82    0.00    0.00   15.79    0.00    0.00    0.00   49.87
23:33:35       0   11.00    0.00   56.00    0.00    0.00   33.00    0.00    0.00    0.00    0.00
23:33:35       1    1.00    0.00    0.00    0.00    0.00    0.00    0.00    0.00    0.00   99.00
23:33:35       2    6.06    0.00   63.64    0.00    0.00   30.30    0.00    0.00    0.00    0.00
23:33:35       3    0.00    0.00    0.00    0.00    0.00    0.00    0.00    0.00    0.00  100.00

23:33:35     CPU    %usr   %nice    %sys %iowait    %irq   %soft  %steal  %guest  %gnice   %idle
23:33:36     all    4.52    0.00   30.90    0.25    0.00   16.08    0.00    0.00    0.00   48.24
23:33:36       0    8.08    0.00   59.60    0.00    0.00   32.32    0.00    0.00    0.00    0.00
23:33:36       1    1.00    0.00    1.00    1.00    0.00    0.00    0.00    0.00    0.00   97.00
23:33:36       2    7.92    0.00   60.40    0.00    0.00   31.68    0.00    0.00    0.00    0.00
23:33:36       3    1.02    0.00    2.04    0.00    0.00    0.00    0.00    0.00    0.00   96.94

23:33:36     CPU    %usr   %nice    %sys %iowait    %irq   %soft  %steal  %guest  %gnice   %idle
23:33:37     all    4.49    0.00   29.68    0.00    0.00   16.46    0.00    0.00    0.00   49.38
23:33:37       0    7.92    0.00   57.43    0.00    0.00   34.65    0.00    0.00    0.00    0.00
23:33:37       1    1.00    0.00    0.00    0.00    0.00    0.00    0.00    0.00    0.00   99.00
23:33:37       2    8.00    0.00   61.00    0.00    0.00   31.00    0.00    0.00    0.00    0.00
23:33:37       3    1.00    0.00    0.00    0.00    0.00    0.00    0.00    0.00    0.00   99.00

23:33:37     CPU    %usr   %nice    %sys %iowait    %irq   %soft  %steal  %guest  %gnice   %idle
23:33:38     all    4.02    0.00   29.90    0.00    0.00   16.33    0.00    0.00    0.00   49.75
23:33:38       0    8.00    0.00   59.00    0.00    0.00   33.00    0.00    0.00    0.00    0.00
23:33:38       1    0.00    0.00    0.00    0.00    0.00    0.00    0.00    0.00    0.00  100.00
23:33:38       2    7.92    0.00   59.41    0.00    0.00   31.68    0.00    0.00    0.00    0.99
23:33:38       3    0.00    0.00    0.00    0.00    0.00    0.00    0.00    0.00    0.00  100.00

23:33:38     CPU    %usr   %nice    %sys %iowait    %irq   %soft  %steal  %guest  %gnice   %idle
23:33:39     all    4.49    0.00   29.43    0.00    0.00   16.46    0.00    0.00    0.00   49.63
23:33:39       0    9.00    0.00   57.00    0.00    0.00   34.00    0.00    0.00    0.00    0.00
23:33:39       1    0.00    0.00    0.99    0.00    0.00    0.00    0.00    0.00    0.00   99.01
23:33:39       2    8.00    0.00   60.00    0.00    0.00   32.00    0.00    0.00    0.00    0.00
23:33:39       3    1.00    0.00    0.00    0.00    0.00    0.00    0.00    0.00    0.00   99.00

23:33:39     CPU    %usr   %nice    %sys %iowait    %irq   %soft  %steal  %guest  %gnice   %idle
23:33:40     all    4.03    0.00   29.72    0.00    0.00   16.37    0.00    0.00    0.00   49.87
23:33:40       0    8.00    0.00   59.00    0.00    0.00   33.00    0.00    0.00    0.00    0.00
23:33:40       1    0.00    0.00    0.00    0.00    0.00    0.00    0.00    0.00    0.00  100.00
23:33:40       2    8.08    0.00   59.60    0.00    0.00   32.32    0.00    0.00    0.00    0.00
23:33:40       3    0.00    0.00    0.00    0.00    0.00    0.00    0.00    0.00    0.00  100.00

23:33:40     CPU    %usr   %nice    %sys %iowait    %irq   %soft  %steal  %guest  %gnice   %idle
23:33:41     all    4.49    0.00   29.18    0.00    0.00   16.46    0.00    0.00    0.00   49.88
23:33:41       0    9.09    0.00   57.58    0.00    0.00   33.33    0.00    0.00    0.00    0.00
23:33:41       1    1.00    0.00    0.00    0.00    0.00    0.00    0.00    0.00    0.00   99.00
23:33:41       2    7.84    0.00   58.82    0.00    0.00   32.35    0.00    0.00    0.00    0.98
23:33:41       3    0.00    0.00    0.00    0.00    0.00    0.00    0.00    0.00    0.00  100.00

23:33:41     CPU    %usr   %nice    %sys %iowait    %irq   %soft  %steal  %guest  %gnice   %idle
23:33:42     all    4.51    0.00   29.32    0.00    0.00   16.04    0.00    0.00    0.00   50.13
23:33:42       0   10.00    0.00   55.00    0.00    0.00   34.00    0.00    0.00    0.00    1.00
23:33:42       1    0.00    0.00    1.00    0.00    0.00    0.00    0.00    0.00    0.00   99.00
23:33:42       2    7.14    0.00   61.22    0.00    0.00   30.61    0.00    0.00    0.00    1.02
23:33:42       3    0.99    0.00    0.99    0.00    0.00    0.00    0.00    0.00    0.00   98.02

23:33:42     CPU    %usr   %nice    %sys %iowait    %irq   %soft  %steal  %guest  %gnice   %idle
23:33:43     all    4.80    0.25   29.80    0.00    0.00   16.16    0.00    0.00    0.00   48.99
23:33:43       0    8.08    0.00   60.61    0.00    0.00   30.30    0.00    0.00    0.00    1.01
23:33:43       1    2.04    1.02    0.00    0.00    0.00    0.00    0.00    0.00    0.00   96.94
23:33:43       2    6.00    0.00   58.00    0.00    0.00   34.00    0.00    0.00    0.00    2.00
23:33:43       3    3.03    0.00    0.00    0.00    0.00    0.00    0.00    0.00    0.00   96.97

23:33:43     CPU    %usr   %nice    %sys %iowait    %irq   %soft  %steal  %guest  %gnice   %idle
23:33:44     all    5.30    0.00   30.56    0.00    0.00   15.91    0.00    0.00    0.00   48.23
23:33:44       0    8.08    0.00   58.59    0.00    0.00   32.32    0.00    0.00    0.00    1.01
23:33:44       1    2.00    0.00    3.00    0.00    0.00    0.00    0.00    0.00    0.00   95.00
23:33:44       2    8.08    0.00   58.59    0.00    0.00   31.31    0.00    0.00    0.00    2.02
23:33:44       3    3.06    0.00    2.04    0.00    0.00    0.00    0.00    0.00    0.00   94.90

23:33:44     CPU    %usr   %nice    %sys %iowait    %irq   %soft  %steal  %guest  %gnice   %idle
23:33:45     all    4.51    0.00   31.08    0.00    0.00   15.54    0.00    0.00    0.00   48.87
23:33:45       0    7.00    0.00   63.00    0.00    0.00   30.00    0.00    0.00    0.00    0.00
23:33:45       1    3.03    0.00    0.00    0.00    0.00    0.00    0.00    0.00    0.00   96.97
23:33:45       2    6.06    0.00   61.62    0.00    0.00   32.32    0.00    0.00    0.00    0.00
23:33:45       3    1.98    0.00    0.00    0.00    0.00    0.00    0.00    0.00    0.00   98.02

23:33:45     CPU    %usr   %nice    %sys %iowait    %irq   %soft  %steal  %guest  %gnice   %idle
23:33:46     all    4.77    0.00   29.65    0.00    0.00   16.58    0.00    0.00    0.00   48.99
23:33:46       0    8.00    0.00   58.00    0.00    0.00   34.00    0.00    0.00    0.00    0.00
23:33:46       1    0.00    0.00    0.00    0.00    0.00    0.00    0.00    0.00    0.00  100.00
23:33:46       2    7.92    0.00   59.41    0.00    0.00   31.68    0.00    0.00    0.00    0.99
23:33:46       3    3.06    0.00    0.00    0.00    0.00    0.00    0.00    0.00    0.00   96.94

23:33:46     CPU    %usr   %nice    %sys %iowait    %irq   %soft  %steal  %guest  %gnice   %idle
23:33:47     all    5.24    0.00   29.93    0.00    0.00   15.96    0.00    0.00    0.00   48.88
23:33:47       0    9.00    0.00   57.00    0.00    0.00   34.00    0.00    0.00    0.00    0.00
23:33:47       1    1.01    0.00    0.00    0.00    0.00    0.00    0.00    0.00    0.00   98.99
23:33:47       2    7.92    0.00   61.39    0.00    0.00   29.70    0.00    0.00    0.00    0.99
23:33:47       3    2.97    0.00    0.99    0.00    0.00    0.00    0.00    0.00    0.00   96.04

23:33:47     CPU    %usr   %nice    %sys %iowait    %irq   %soft  %steal  %guest  %gnice   %idle
23:33:48     all    3.98    0.00   31.09    0.00    0.00   15.17    0.00    0.00    0.00   49.75
23:33:48       0    8.91    0.00   61.39    0.00    0.00   29.70    0.00    0.00    0.00    0.00
23:33:48       1    0.00    0.00    0.99    0.00    0.00    0.00    0.00    0.00    0.00   99.01
23:33:48       2    7.00    0.00   62.00    0.00    0.00   31.00    0.00    0.00    0.00    0.00
23:33:48       3    0.00    0.00    0.00    0.00    0.00    0.00    0.00    0.00    0.00  100.00
