Linux 7.0.0-31-generic (ubuntu) 	09/10/26 	_aarch64_	(4 CPU)

23:26:50     CPU    %usr   %nice    %sys %iowait    %irq   %soft  %steal  %guest  %gnice   %idle
23:26:51     all    7.63    0.27   33.24    0.00    0.00   18.80    0.00    0.00    0.00   40.05
23:26:51       0    8.05    0.00   40.23    0.00    0.00   16.09    0.00    0.00    0.00   35.63
23:26:51       1    7.41    0.00   39.51    0.00    0.00   14.81    0.00    0.00    0.00   38.27
23:26:51       2    4.95    0.00   51.49    0.00    0.00   42.57    0.00    0.00    0.00    0.99
23:26:51       3   10.20    1.02    3.06    0.00    0.00    0.00    0.00    0.00    0.00   85.71

23:26:51     CPU    %usr   %nice    %sys %iowait    %irq   %soft  %steal  %guest  %gnice   %idle
23:26:52     all    5.35    0.00   33.80    0.00    0.00   18.03    0.00    0.00    0.00   42.82
23:26:52       0    5.06    0.00   40.51    0.00    0.00   15.19    0.00    0.00    0.00   39.24
23:26:52       1    5.13    0.00   41.03    0.00    0.00   15.38    0.00    0.00    0.00   38.46
23:26:52       2    5.05    0.00   54.55    0.00    0.00   40.40    0.00    0.00    0.00    0.00
23:26:52       3    6.06    0.00    2.02    0.00    0.00    0.00    0.00    0.00    0.00   91.92

23:26:52     CPU    %usr   %nice    %sys %iowait    %irq   %soft  %steal  %guest  %gnice   %idle
23:26:53     all    5.85    0.00   33.15    0.00    0.00   18.66    0.00    0.00    0.00   42.34
23:26:53       0    5.00    0.00   38.75    0.00    0.00   18.75    0.00    0.00    0.00   37.50
23:26:53       1    6.17    0.00   39.51    0.00    0.00   14.81    0.00    0.00    0.00   39.51
23:26:53       2    4.95    0.00   54.46    0.00    0.00   39.60    0.00    0.00    0.00    0.99
23:26:53       3    7.22    0.00    1.03    0.00    0.00    0.00    0.00    0.00    0.00   91.75

23:26:53     CPU    %usr   %nice    %sys %iowait    %irq   %soft  %steal  %guest  %gnice   %idle
23:26:54     all    5.63    0.00   31.55    0.00    0.00   18.59    0.00    0.00    0.00   44.23
23:26:54       0    8.86    0.00   36.71    0.00    0.00   15.19    0.00    0.00    0.00   39.24
23:26:54       1    7.69    0.00   38.46    0.00    0.00   14.10    0.00    0.00    0.00   39.74
23:26:54       2    4.04    0.00   52.53    0.00    0.00   43.43    0.00    0.00    0.00    0.00
23:26:54       3    3.03    0.00    1.01    0.00    0.00    0.00    0.00    0.00    0.00   95.96

23:26:54     CPU    %usr   %nice    %sys %iowait    %irq   %soft  %steal  %guest  %gnice   %idle
23:26:55     all    7.91    0.00   31.36    0.00    0.00   19.49    0.00    0.00    0.00   41.24
23:26:55       0    7.79    0.00   38.96    0.00    0.00   14.29    0.00    0.00    0.00   38.96
23:26:55       1    7.59    0.00   35.44    0.00    0.00   17.72    0.00    0.00    0.00   39.24
23:26:55       2    4.95    0.00   51.49    0.00    0.00   43.56    0.00    0.00    0.00    0.00
23:26:55       3   11.34    0.00    1.03    0.00    0.00    0.00    0.00    0.00    0.00   87.63

23:26:55     CPU    %usr   %nice    %sys %iowait    %irq   %soft  %steal  %guest  %gnice   %idle
23:26:56     all    5.92    0.00   32.68    0.00    0.00   18.03    0.00    0.00    0.00   43.38
23:26:56       0    8.86    0.00   39.24    0.00    0.00   13.92    0.00    0.00    0.00   37.97
23:26:56       1    7.69    0.00   38.46    0.00    0.00   15.38    0.00    0.00    0.00   38.46
23:26:56       2    5.05    0.00   53.54    0.00    0.00   41.41    0.00    0.00    0.00    0.00
23:26:56       3    3.03    0.00    2.02    0.00    0.00    0.00    0.00    0.00    0.00   94.95

23:26:56     CPU    %usr   %nice    %sys %iowait    %irq   %soft  %steal  %guest  %gnice   %idle
23:26:57     all    5.08    0.00   31.64    0.00    0.00   18.93    0.00    0.00    0.00   44.35
23:26:57       0    5.33    0.00   37.33    0.00    0.00   16.00    0.00    0.00    0.00   41.33
23:26:57       1    6.25    0.00   38.75    0.00    0.00   16.25    0.00    0.00    0.00   38.75
23:26:57       2    4.95    0.00   52.48    0.00    0.00   41.58    0.00    0.00    0.00    0.99
23:26:57       3    4.08    0.00    0.00    0.00    0.00    0.00    0.00    0.00    0.00   95.92

23:26:57     CPU    %usr   %nice    %sys %iowait    %irq   %soft  %steal  %guest  %gnice   %idle
23:26:58     all    6.15    0.00   32.40    0.00    0.00   18.44    0.00    0.00    0.00   43.02
23:26:58       0    6.17    0.00   40.74    0.00    0.00   16.05    0.00    0.00    0.00   37.04
23:26:58       1    7.69    0.00   37.18    0.00    0.00   15.38    0.00    0.00    0.00   39.74
23:26:58       2    5.05    0.00   53.54    0.00    0.00   41.41    0.00    0.00    0.00    0.00
23:26:58       3    6.00    0.00    1.00    0.00    0.00    0.00    0.00    0.00    0.00   93.00

23:26:58     CPU    %usr   %nice    %sys %iowait    %irq   %soft  %steal  %guest  %gnice   %idle
23:26:59     all    5.65    0.00   31.07    0.00    0.00   19.77    0.00    0.00    0.00   43.50
23:26:59       0    5.06    0.00   39.24    0.00    0.00   16.46    0.00    0.00    0.00   39.24
23:26:59       1    6.49    0.00   36.36    0.00    0.00   16.88    0.00    0.00    0.00   40.26
23:26:59       2    6.00    0.00   50.00    0.00    0.00   44.00    0.00    0.00    0.00    0.00
23:26:59       3    5.10    0.00    1.02    0.00    0.00    0.00    0.00    0.00    0.00   93.88

23:26:59     CPU    %usr   %nice    %sys %iowait    %irq   %soft  %steal  %guest  %gnice   %idle
23:27:00     all    6.41    0.00   32.87    0.00    0.00   17.83    0.00    0.00    0.00   42.90
23:27:00       0    7.50    0.00   40.00    0.00    0.00   15.00    0.00    0.00    0.00   37.50
23:27:00       1    7.59    0.00   36.71    0.00    0.00   15.19    0.00    0.00    0.00   40.51
23:27:00       2    4.95    0.00   54.46    0.00    0.00   39.60    0.00    0.00    0.00    0.99
23:27:00       3    6.06    0.00    2.02    0.00    0.00    0.00    0.00    0.00    0.00   91.92

23:27:00     CPU    %usr   %nice    %sys %iowait    %irq   %soft  %steal  %guest  %gnice   %idle
23:27:01     all    6.18    0.00   32.02    0.00    0.00   18.82    0.00    0.00    0.00   42.98
23:27:01       0    8.75    0.00   37.50    0.00    0.00   15.00    0.00    0.00    0.00   38.75
23:27:01       1    6.41    0.00   37.18    0.00    0.00   17.95    0.00    0.00    0.00   38.46
23:27:01       2    4.95    0.00   54.46    0.00    0.00   40.59    0.00    0.00    0.00    0.00
23:27:01       3    5.15    0.00    0.00    0.00    0.00    0.00    0.00    0.00    0.00   94.85

23:27:01     CPU    %usr   %nice    %sys %iowait    %irq   %soft  %steal  %guest  %gnice   %idle
23:27:02     all    5.92    0.00   30.99    0.00    0.00   19.72    0.00    0.00    0.00   43.38
23:27:02       0    5.13    0.00   39.74    0.00    0.00   16.67    0.00    0.00    0.00   38.46
23:27:02       1    7.59    0.00   36.71    0.00    0.00   16.46    0.00    0.00    0.00   39.24
23:27:02       2    6.06    0.00   49.49    0.00    0.00   44.44    0.00    0.00    0.00    0.00
23:27:02       3    5.05    0.00    1.01    0.00    0.00    0.00    0.00    0.00    0.00   93.94

23:27:02     CPU    %usr   %nice    %sys %iowait    %irq   %soft  %steal  %guest  %gnice   %idle
23:27:03     all    5.31    0.00   32.40    0.00    0.00   18.72    0.00    0.00    0.00   43.58
23:27:03       0    7.23    0.00   38.55    0.00    0.00   16.87    0.00    0.00    0.00   37.35
23:27:03       1    5.13    0.00   38.46    0.00    0.00   15.38    0.00    0.00    0.00   41.03
23:27:03       2    5.05    0.00   53.54    0.00    0.00   41.41    0.00    0.00    0.00    0.00
23:27:03       3    4.08    0.00    1.02    0.00    0.00    0.00    0.00    0.00    0.00   94.90

23:27:03     CPU    %usr   %nice    %sys %iowait    %irq   %soft  %steal  %guest  %gnice   %idle
23:27:04     all    5.38    0.00   30.88    0.00    0.00   19.83    0.00    0.00    0.00   43.91
23:27:04       0    6.49    0.00   36.36    0.00    0.00   18.18    0.00    0.00    0.00   38.96
23:27:04       1    5.19    0.00   36.36    0.00    0.00   18.18    0.00    0.00    0.00   40.26
23:27:04       2    6.00    0.00   52.00    0.00    0.00   42.00    0.00    0.00    0.00    0.00
23:27:04       3    4.04    0.00    1.01    0.00    0.00    0.00    0.00    0.00    0.00   94.95

23:27:04     CPU    %usr   %nice    %sys %iowait    %irq   %soft  %steal  %guest  %gnice   %idle
23:27:05     all    6.15    0.00   31.56    0.00    0.00   18.99    0.00    0.00    0.00   43.30
23:27:05       0    7.59    0.00   39.24    0.00    0.00   13.92    0.00    0.00    0.00   39.24
23:27:05       1    6.33    0.00   39.24    0.00    0.00   15.19    0.00    0.00    0.00   39.24
23:27:05       2    5.88    0.00   49.02    0.00    0.00   44.12    0.00    0.00    0.00    0.98
23:27:05       3    5.10    0.00    1.02    0.00    0.00    0.00    0.00    0.00    0.00   93.88

23:27:05     CPU    %usr   %nice    %sys %iowait    %irq   %soft  %steal  %guest  %gnice   %idle
23:27:06     all   13.85    0.00   31.86    0.00    0.00   18.01    0.00    0.00    0.00   36.29
23:27:06       0   18.52    0.00   34.57    0.00    0.00   13.58    0.00    0.00    0.00   33.33
23:27:06       1   10.84    0.00   39.76    0.00    0.00   16.87    0.00    0.00    0.00   32.53
23:27:06       2    6.06    0.00   53.54    0.00    0.00   40.40    0.00    0.00    0.00    0.00
23:27:06       3   20.41    0.00    1.02    0.00    0.00    0.00    0.00    0.00    0.00   78.57

23:27:06     CPU    %usr   %nice    %sys %iowait    %irq   %soft  %steal  %guest  %gnice   %idle
23:27:07     all    5.32    0.00   31.65    0.00    0.00   18.77    0.00    0.00    0.00   44.26
23:27:07       0    6.33    0.00   40.51    0.00    0.00   13.92    0.00    0.00    0.00   39.24
23:27:07       1    8.64    0.00   35.80    0.00    0.00   17.28    0.00    0.00    0.00   38.27
23:27:07       2    4.04    0.00   52.53    0.00    0.00   42.42    0.00    0.00    0.00    1.01
23:27:07       3    3.06    0.00    0.00    0.00    0.00    0.00    0.00    0.00    0.00   96.94

23:27:07     CPU    %usr   %nice    %sys %iowait    %irq   %soft  %steal  %guest  %gnice   %idle
23:27:08     all    5.34    0.00   30.90    0.28    0.00   19.38    0.00    0.00    0.00   44.10
23:27:08       0    6.49    0.00   38.96    0.00    0.00   15.58    0.00    0.00    0.00   38.96
23:27:08       1    6.33    0.00   36.71    0.00    0.00   16.46    0.00    0.00    0.00   40.51
23:27:08       2    6.00    0.00   50.00    0.00    0.00   44.00    0.00    0.00    0.00    0.00
23:27:08       3    3.00    0.00    1.00    1.00    0.00    0.00    0.00    0.00    0.00   95.00

23:27:08     CPU    %usr   %nice    %sys %iowait    %irq   %soft  %steal  %guest  %gnice   %idle
23:27:09     all    5.06    0.00   32.02    0.00    0.00   19.10    0.00    0.00    0.00   43.82
23:27:09       0    6.17    0.00   39.51    0.00    0.00   16.05    0.00    0.00    0.00   38.27
23:27:09       1    5.19    0.00   37.66    0.00    0.00   16.88    0.00    0.00    0.00   40.26
23:27:09       2    6.00    0.00   52.00    0.00    0.00   42.00    0.00    0.00    0.00    0.00
23:27:09       3    3.06    0.00    1.02    0.00    0.00    0.00    0.00    0.00    0.00   95.92

23:27:09     CPU    %usr   %nice    %sys %iowait    %irq   %soft  %steal  %guest  %gnice   %idle
23:27:10     all    7.10    0.28   31.25    0.00    0.00   19.03    0.00    0.00    0.00   42.33
23:27:10       0    7.69    0.00   38.46    0.00    0.00   14.10    0.00    0.00    0.00   39.74
23:27:10       1    5.33    0.00   36.00    0.00    0.00   17.33    0.00    0.00    0.00   41.33
23:27:10       2    5.00    0.00   52.00    0.00    0.00   43.00    0.00    0.00    0.00    0.00
23:27:10       3   10.10    1.01    1.01    0.00    0.00    0.00    0.00    0.00    0.00   87.88
