Linux 7.0.0-31-generic (ubuntu) 	09/10/26 	_aarch64_	(4 CPU)

23:30:09     CPU    %usr   %nice    %sys %iowait    %irq   %soft  %steal  %guest  %gnice   %idle
23:30:10     all    6.41    0.28   34.26    0.56    0.00   17.55    0.00    0.00    0.00   40.95
23:30:10       0    8.86    0.00   39.24    0.00    0.00   13.92    0.00    0.00    0.00   37.97
23:30:10       1    4.88    0.00   40.24    0.00    0.00   15.85    0.00    0.00    0.00   39.02
23:30:10       2    5.00    0.00   56.00    0.00    0.00   39.00    0.00    0.00    0.00    0.00
23:30:10       3    7.14    1.02    3.06    2.04    0.00    0.00    0.00    0.00    0.00   86.73

23:30:10     CPU    %usr   %nice    %sys %iowait    %irq   %soft  %steal  %guest  %gnice   %idle
23:30:11     all    4.47    0.00   33.24    0.00    0.00   17.32    0.00    0.00    0.00   44.97
23:30:11       0    4.94    0.00   43.21    0.00    0.00   12.35    0.00    0.00    0.00   39.51
23:30:11       1    6.41    0.00   38.46    0.00    0.00   12.82    0.00    0.00    0.00   42.31
23:30:11       2    4.04    0.00   53.54    0.00    0.00   42.42    0.00    0.00    0.00    0.00
23:30:11       3    3.00    0.00    1.00    0.00    0.00    0.00    0.00    0.00    0.00   96.00

23:30:11     CPU    %usr   %nice    %sys %iowait    %irq   %soft  %steal  %guest  %gnice   %idle
23:30:12     all    3.36    0.00   34.17    0.00    0.00   16.81    0.00    0.00    0.00   45.66
23:30:12       0    5.00    0.00   38.75    0.00    0.00   15.00    0.00    0.00    0.00   41.25
23:30:12       1    5.06    0.00   40.51    0.00    0.00   13.92    0.00    0.00    0.00   40.51
23:30:12       2    4.00    0.00   59.00    0.00    0.00   37.00    0.00    0.00    0.00    0.00
23:30:12       3    0.00    0.00    0.00    0.00    0.00    0.00    0.00    0.00    0.00  100.00

23:30:12     CPU    %usr   %nice    %sys %iowait    %irq   %soft  %steal  %guest  %gnice   %idle
23:30:13     all   11.51    0.00   31.51    0.00    0.00   17.81    0.00    0.00    0.00   39.18
23:30:13       0   12.94    0.00   37.65    0.00    0.00   15.29    0.00    0.00    0.00   34.12
23:30:13       1   12.35    0.00   35.80    0.00    0.00   13.58    0.00    0.00    0.00   38.27
23:30:13       2    5.94    0.00   51.49    0.00    0.00   40.59    0.00    0.00    0.00    1.98
23:30:13       3   15.31    0.00    2.04    0.00    0.00    0.00    0.00    0.00    0.00   82.65

23:30:13     CPU    %usr   %nice    %sys %iowait    %irq   %soft  %steal  %guest  %gnice   %idle
23:30:14     all   10.53    0.00   33.24    0.00    0.00   16.62    0.00    0.00    0.00   39.61
23:30:14       0   10.59    0.00   40.00    0.00    0.00   12.94    0.00    0.00    0.00   36.47
23:30:14       1   12.35    0.00   38.27    0.00    0.00   12.35    0.00    0.00    0.00   37.04
23:30:14       2    4.08    0.00   55.10    0.00    0.00   39.80    0.00    0.00    0.00    1.02
23:30:14       3   15.46    0.00    1.03    0.00    0.00    0.00    0.00    0.00    0.00   83.51

23:30:14     CPU    %usr   %nice    %sys %iowait    %irq   %soft  %steal  %guest  %gnice   %idle
23:30:15     all   15.30    0.00   32.24    0.00    0.00   16.39    0.00    0.00    0.00   36.07
23:30:15       0   13.41    0.00   36.59    0.00    0.00   14.63    0.00    0.00    0.00   35.37
23:30:15       1   15.48    0.00   38.10    0.00    0.00   11.90    0.00    0.00    0.00   34.52
23:30:15       2    6.00    0.00   54.00    0.00    0.00   38.00    0.00    0.00    0.00    2.00
23:30:15       3   26.00    0.00    2.00    0.00    0.00    0.00    0.00    0.00    0.00   72.00

23:30:15     CPU    %usr   %nice    %sys %iowait    %irq   %soft  %steal  %guest  %gnice   %idle
23:30:16     all    5.38    0.00   33.43    0.00    0.00   17.28    0.00    0.00    0.00   43.91
23:30:16       0    6.49    0.00   40.26    0.00    0.00   12.99    0.00    0.00    0.00   40.26
23:30:16       1    7.50    0.00   37.50    0.00    0.00   15.00    0.00    0.00    0.00   40.00
23:30:16       2    4.04    0.00   56.57    0.00    0.00   39.39    0.00    0.00    0.00    0.00
23:30:16       3    4.12    0.00    1.03    0.00    0.00    0.00    0.00    0.00    0.00   94.85

23:30:16     CPU    %usr   %nice    %sys %iowait    %irq   %soft  %steal  %guest  %gnice   %idle
23:30:17     all    6.98    0.00   34.36    0.00    0.00   17.04    0.00    0.00    0.00   41.62
23:30:17       0    6.25    0.00   41.25    0.00    0.00   13.75    0.00    0.00    0.00   38.75
23:30:17       1    7.41    0.00   39.51    0.00    0.00   13.58    0.00    0.00    0.00   39.51
23:30:17       2    4.00    0.00   57.00    0.00    0.00   39.00    0.00    0.00    0.00    0.00
23:30:17       3   10.31    0.00    1.03    0.00    0.00    0.00    0.00    0.00    0.00   88.66

23:30:17     CPU    %usr   %nice    %sys %iowait    %irq   %soft  %steal  %guest  %gnice   %idle
23:30:18     all   11.54    0.00   34.07    0.00    0.00   16.76    0.00    0.00    0.00   37.64
23:30:18       0   10.84    0.00   38.55    0.00    0.00   15.66    0.00    0.00    0.00   34.94
23:30:18       1   13.25    0.00   37.35    0.00    0.00   14.46    0.00    0.00    0.00   34.94
23:30:18       2    5.00    0.00   58.00    0.00    0.00   36.00    0.00    0.00    0.00    1.00
23:30:18       3   17.35    0.00    3.06    0.00    0.00    0.00    0.00    0.00    0.00   79.59

23:30:18     CPU    %usr   %nice    %sys %iowait    %irq   %soft  %steal  %guest  %gnice   %idle
23:30:19     all    5.87    0.00   33.80    0.00    0.00   16.76    0.00    0.00    0.00   43.58
23:30:19       0    4.88    0.00   41.46    0.00    0.00   14.63    0.00    0.00    0.00   39.02
23:30:19       1    6.41    0.00   38.46    0.00    0.00   14.10    0.00    0.00    0.00   41.03
23:30:19       2    6.00    0.00   56.00    0.00    0.00   37.00    0.00    0.00    0.00    1.00
23:30:19       3    6.12    0.00    1.02    0.00    0.00    0.00    0.00    0.00    0.00   92.86

23:30:19     CPU    %usr   %nice    %sys %iowait    %irq   %soft  %steal  %guest  %gnice   %idle
23:30:20     all    5.60    0.00   31.37    0.00    0.00   17.93    0.00    0.00    0.00   45.10
23:30:20       0    6.33    0.00   39.24    0.00    0.00   13.92    0.00    0.00    0.00   40.51
23:30:20       1    6.33    0.00   39.24    0.00    0.00   12.66    0.00    0.00    0.00   41.77
23:30:20       2    7.00    0.00   50.00    0.00    0.00   43.00    0.00    0.00    0.00    0.00
23:30:20       3    3.03    0.00    0.00    0.00    0.00    0.00    0.00    0.00    0.00   96.97

23:30:20     CPU    %usr   %nice    %sys %iowait    %irq   %soft  %steal  %guest  %gnice   %idle
23:30:21     all    5.29    0.00   33.43    0.00    0.00   17.27    0.00    0.00    0.00   44.01
23:30:21       0    6.17    0.00   39.51    0.00    0.00   14.81    0.00    0.00    0.00   39.51
23:30:21       1    7.50    0.00   37.50    0.00    0.00   15.00    0.00    0.00    0.00   40.00
23:30:21       2    5.00    0.00   57.00    0.00    0.00   38.00    0.00    0.00    0.00    0.00
23:30:21       3    3.06    0.00    1.02    0.00    0.00    0.00    0.00    0.00    0.00   95.92

23:30:21     CPU    %usr   %nice    %sys %iowait    %irq   %soft  %steal  %guest  %gnice   %idle
23:30:22     all    5.56    0.00   32.50    0.00    0.00   17.50    0.00    0.00    0.00   44.44
23:30:22       0    7.50    0.00   38.75    0.00    0.00   13.75    0.00    0.00    0.00   40.00
23:30:22       1    6.25    0.00   36.25    0.00    0.00   16.25    0.00    0.00    0.00   41.25
23:30:22       2    5.94    0.00   55.45    0.00    0.00   38.61    0.00    0.00    0.00    0.00
23:30:22       3    3.03    0.00    1.01    0.00    0.00    0.00    0.00    0.00    0.00   95.96

23:30:22     CPU    %usr   %nice    %sys %iowait    %irq   %soft  %steal  %guest  %gnice   %idle
23:30:23     all    4.47    0.00   34.36    0.00    0.00   16.76    0.00    0.00    0.00   44.41
23:30:23       0    5.00    0.00   41.25    0.00    0.00   13.75    0.00    0.00    0.00   40.00
23:30:23       1    4.94    0.00   41.98    0.00    0.00   12.35    0.00    0.00    0.00   40.74
23:30:23       2    4.04    0.00   56.57    0.00    0.00   39.39    0.00    0.00    0.00    0.00
23:30:23       3    4.08    0.00    0.00    0.00    0.00    0.00    0.00    0.00    0.00   95.92

23:30:23     CPU    %usr   %nice    %sys %iowait    %irq   %soft  %steal  %guest  %gnice   %idle
23:30:24     all    4.71    0.00   34.35    0.00    0.00   16.90    0.00    0.00    0.00   44.04
23:30:24       0    6.49    0.00   38.96    0.00    0.00   12.99    0.00    0.00    0.00   41.56
23:30:24       1    5.95    0.00   42.86    0.00    0.00   13.10    0.00    0.00    0.00   38.10
23:30:24       2    4.00    0.00   56.00    0.00    0.00   40.00    0.00    0.00    0.00    0.00
23:30:24       3    3.00    0.00    2.00    0.00    0.00    0.00    0.00    0.00    0.00   95.00

23:30:24     CPU    %usr   %nice    %sys %iowait    %irq   %soft  %steal  %guest  %gnice   %idle
23:30:25     all    4.52    0.00   31.64    0.00    0.00   18.64    0.00    0.00    0.00   45.20
23:30:25       0    6.49    0.00   37.66    0.00    0.00   14.29    0.00    0.00    0.00   41.56
23:30:25       1    6.25    0.00   37.50    0.00    0.00   15.00    0.00    0.00    0.00   41.25
23:30:25       2    4.00    0.00   53.00    0.00    0.00   43.00    0.00    0.00    0.00    0.00
23:30:25       3    2.06    0.00    0.00    0.00    0.00    0.00    0.00    0.00    0.00   97.94

23:30:25     CPU    %usr   %nice    %sys %iowait    %irq   %soft  %steal  %guest  %gnice   %idle
23:30:26     all   13.42    0.00   33.70    0.00    0.00   16.16    0.00    0.00    0.00   36.71
23:30:26       0   13.25    0.00   38.55    0.00    0.00   13.25    0.00    0.00    0.00   34.94
23:30:26       1    7.23    0.00   39.76    0.00    0.00   14.46    0.00    0.00    0.00   38.55
23:30:26       2    9.00    0.00   55.00    0.00    0.00   36.00    0.00    0.00    0.00    0.00
23:30:26       3   23.23    0.00    3.03    0.00    0.00    0.00    0.00    0.00    0.00   73.74

23:30:26     CPU    %usr   %nice    %sys %iowait    %irq   %soft  %steal  %guest  %gnice   %idle
23:30:27     all    6.14    0.00   33.04    0.00    0.00   15.20    0.00    0.00    0.00   45.61
23:30:27       0    7.59    0.00   36.71    0.00    0.00   13.92    0.00    0.00    0.00   41.77
23:30:27       1    7.32    0.00   36.59    0.00    0.00    9.76    0.00    0.00    0.00   46.34
23:30:27       2    3.33    0.00   57.78    0.00    0.00   36.67    0.00    0.00    0.00    2.22
23:30:27       3    6.59    0.00    2.20    0.00    0.00    0.00    0.00    0.00    0.00   91.21

23:30:27     CPU    %usr   %nice    %sys %iowait    %irq   %soft  %steal  %guest  %gnice   %idle
23:30:28     all    4.80    0.00   32.77    0.00    0.00   18.08    0.00    0.00    0.00   44.35
23:30:28       0    6.41    0.00   37.18    0.00    0.00   15.38    0.00    0.00    0.00   41.03
23:30:28       1    5.13    0.00   37.18    0.00    0.00   15.38    0.00    0.00    0.00   42.31
23:30:28       2    4.00    0.00   56.00    0.00    0.00   40.00    0.00    0.00    0.00    0.00
23:30:28       3    4.08    0.00    2.04    0.00    0.00    0.00    0.00    0.00    0.00   93.88

23:30:28     CPU    %usr   %nice    %sys %iowait    %irq   %soft  %steal  %guest  %gnice   %idle
23:30:29     all    5.62    0.00   33.99    0.00    0.00   16.01    0.00    0.00    0.00   44.38
23:30:29       0    6.49    0.00   41.56    0.00    0.00   10.39    0.00    0.00    0.00   41.56
23:30:29       1    5.00    0.00   41.25    0.00    0.00   12.50    0.00    0.00    0.00   41.25
23:30:29       2    4.04    0.00   56.57    0.00    0.00   39.39    0.00    0.00    0.00    0.00
23:30:29       3    7.00    0.00    0.00    0.00    0.00    0.00    0.00    0.00    0.00   93.00
