Linux 7.0.0-31-generic (ubuntu) 	09/10/26 	_aarch64_	(4 CPU)

23:26:28     CPU    %usr   %nice    %sys %iowait    %irq   %soft  %steal  %guest  %gnice   %idle
23:26:29     all    6.46    0.00   34.83    0.00    0.00   16.29    0.00    0.00    0.00   42.42
23:26:29       0    8.75    0.00   40.00    0.00    0.00   12.50    0.00    0.00    0.00   38.75
23:26:29       1    6.41    0.00   41.03    0.00    0.00   12.82    0.00    0.00    0.00   39.74
23:26:29       2    5.00    0.00   56.00    0.00    0.00   38.00    0.00    0.00    0.00    1.00
23:26:29       3    6.12    0.00    4.08    0.00    0.00    0.00    0.00    0.00    0.00   89.80

23:26:29     CPU    %usr   %nice    %sys %iowait    %irq   %soft  %steal  %guest  %gnice   %idle
23:26:30     all    6.11    0.00   33.89    0.00    0.00   16.94    0.00    0.00    0.00   43.06
23:26:30       0    6.25    0.00   40.00    0.00    0.00   13.75    0.00    0.00    0.00   40.00
23:26:30       1    7.23    0.00   39.76    0.00    0.00   14.46    0.00    0.00    0.00   38.55
23:26:30       2    5.05    0.00   56.57    0.00    0.00   38.38    0.00    0.00    0.00    0.00
23:26:30       3    6.12    0.00    1.02    0.00    0.00    0.00    0.00    0.00    0.00   92.86

23:26:30     CPU    %usr   %nice    %sys %iowait    %irq   %soft  %steal  %guest  %gnice   %idle
23:26:31     all    6.35    0.00   34.53    0.00    0.00   16.30    0.00    0.00    0.00   42.82
23:26:31       0    7.41    0.00   40.74    0.00    0.00   12.35    0.00    0.00    0.00   39.51
23:26:31       1    7.32    0.00   39.02    0.00    0.00   13.41    0.00    0.00    0.00   40.24
23:26:31       2    4.95    0.00   57.43    0.00    0.00   37.62    0.00    0.00    0.00    0.00
23:26:31       3    6.12    0.00    2.04    0.00    0.00    0.00    0.00    0.00    0.00   91.84

23:26:31     CPU    %usr   %nice    %sys %iowait    %irq   %soft  %steal  %guest  %gnice   %idle
23:26:32     all    6.67    0.00   36.11    0.00    0.00   17.50    0.00    0.00    0.00   39.72
23:26:32       0    6.02    0.00   42.17    0.00    0.00   13.25    0.00    0.00    0.00   38.55
23:26:32       1    5.00    0.00   40.00    0.00    0.00   15.00    0.00    0.00    0.00   40.00
23:26:32       2    3.03    0.00   56.57    0.00    0.00   40.40    0.00    0.00    0.00    0.00
23:26:32       3   12.24    0.00    7.14    0.00    0.00    0.00    0.00    0.00    0.00   80.61

23:26:32     CPU    %usr   %nice    %sys %iowait    %irq   %soft  %steal  %guest  %gnice   %idle
23:26:33     all    6.42    0.00   33.80    0.00    0.00   17.04    0.00    0.00    0.00   42.74
23:26:33       0    5.00    0.00   40.00    0.00    0.00   15.00    0.00    0.00    0.00   40.00
23:26:33       1    6.25    0.00   40.00    0.00    0.00   13.75    0.00    0.00    0.00   40.00
23:26:33       2    5.00    0.00   56.00    0.00    0.00   38.00    0.00    0.00    0.00    1.00
23:26:33       3    9.18    0.00    1.02    0.00    0.00    0.00    0.00    0.00    0.00   89.80

23:26:33     CPU    %usr   %nice    %sys %iowait    %irq   %soft  %steal  %guest  %gnice   %idle
23:26:34     all    6.69    0.00   34.82    0.00    0.00   16.71    0.00    0.00    0.00   41.78
23:26:34       0    4.88    0.00   41.46    0.00    0.00   15.85    0.00    0.00    0.00   37.80
23:26:34       1    7.79    0.00   40.26    0.00    0.00   12.99    0.00    0.00    0.00   38.96
23:26:34       2    5.00    0.00   58.00    0.00    0.00   37.00    0.00    0.00    0.00    0.00
23:26:34       3    9.00    0.00    2.00    0.00    0.00    0.00    0.00    0.00    0.00   89.00

23:26:34     CPU    %usr   %nice    %sys %iowait    %irq   %soft  %steal  %guest  %gnice   %idle
23:26:35     all    6.59    0.00   34.34    0.00    0.00   16.48    0.00    0.00    0.00   42.58
23:26:35       0    7.23    0.00   42.17    0.00    0.00   12.05    0.00    0.00    0.00   38.55
23:26:35       1    7.23    0.00   38.55    0.00    0.00   14.46    0.00    0.00    0.00   39.76
23:26:35       2    5.94    0.00   56.44    0.00    0.00   37.62    0.00    0.00    0.00    0.00
23:26:35       3    6.19    0.00    1.03    0.00    0.00    0.00    0.00    0.00    0.00   92.78

23:26:35     CPU    %usr   %nice    %sys %iowait    %irq   %soft  %steal  %guest  %gnice   %idle
23:26:36     all    5.62    0.00   33.99    0.00    0.00   17.42    0.00    0.00    0.00   42.98
23:26:36       0    5.00    0.00   41.25    0.00    0.00   13.75    0.00    0.00    0.00   40.00
23:26:36       1    7.50    0.00   38.75    0.00    0.00   15.00    0.00    0.00    0.00   38.75
23:26:36       2    4.08    0.00   56.12    0.00    0.00   39.80    0.00    0.00    0.00    0.00
23:26:36       3    6.12    0.00    2.04    0.00    0.00    0.00    0.00    0.00    0.00   91.84

23:26:36     CPU    %usr   %nice    %sys %iowait    %irq   %soft  %steal  %guest  %gnice   %idle
23:26:37     all   10.96    0.00   34.52    0.00    0.00   16.16    0.00    0.00    0.00   38.36
23:26:37       0   10.98    0.00   41.46    0.00    0.00   10.98    0.00    0.00    0.00   36.59
23:26:37       1    9.41    0.00   41.18    0.00    0.00   12.94    0.00    0.00    0.00   36.47
23:26:37       2    5.00    0.00   55.00    0.00    0.00   39.00    0.00    0.00    0.00    1.00
23:26:37       3   18.37    0.00    2.04    0.00    0.00    0.00    0.00    0.00    0.00   79.59

23:26:37     CPU    %usr   %nice    %sys %iowait    %irq   %soft  %steal  %guest  %gnice   %idle
23:26:38     all    5.29    0.00   34.26    0.00    0.00   17.55    0.00    0.00    0.00   42.90
23:26:38       0    7.14    0.00   38.10    0.00    0.00   16.67    0.00    0.00    0.00   38.10
23:26:38       1    6.41    0.00   38.46    0.00    0.00   14.10    0.00    0.00    0.00   41.03
23:26:38       2    3.00    0.00   59.00    0.00    0.00   38.00    0.00    0.00    0.00    0.00
23:26:38       3    5.15    0.00    2.06    0.00    0.00    0.00    0.00    0.00    0.00   92.78

23:26:38     CPU    %usr   %nice    %sys %iowait    %irq   %soft  %steal  %guest  %gnice   %idle
23:26:39     all   13.55    0.27   33.60    0.27    0.00   16.53    0.00    0.00    0.00   35.77
23:26:39       0   14.12    0.00   40.00    0.00    0.00   14.12    0.00    0.00    0.00   31.76
23:26:39       1   15.29    0.00   37.65    0.00    0.00   14.12    0.00    0.00    0.00   32.94
23:26:39       2    5.00    0.00   56.00    0.00    0.00   37.00    0.00    0.00    0.00    2.00
23:26:39       3   20.20    1.01    2.02    1.01    0.00    0.00    0.00    0.00    0.00   75.76

23:26:39     CPU    %usr   %nice    %sys %iowait    %irq   %soft  %steal  %guest  %gnice   %idle
23:26:40     all    6.67    0.00   34.44    0.00    0.00   17.22    0.00    0.00    0.00   41.67
23:26:40       0    6.25    0.00   41.25    0.00    0.00   12.50    0.00    0.00    0.00   40.00
23:26:40       1    5.00    0.00   38.75    0.00    0.00   16.25    0.00    0.00    0.00   40.00
23:26:40       2    3.96    0.00   56.44    0.00    0.00   38.61    0.00    0.00    0.00    0.99
23:26:40       3   11.11    0.00    3.03    0.00    0.00    0.00    0.00    0.00    0.00   85.86

23:26:40     CPU    %usr   %nice    %sys %iowait    %irq   %soft  %steal  %guest  %gnice   %idle
23:26:41     all    6.98    0.00   32.68    0.00    0.00   17.60    0.00    0.00    0.00   42.74
23:26:41       0    7.23    0.00   37.35    0.00    0.00   16.87    0.00    0.00    0.00   38.55
23:26:41       1    6.33    0.00   39.24    0.00    0.00   13.92    0.00    0.00    0.00   40.51
23:26:41       2    6.06    0.00   55.56    0.00    0.00   38.38    0.00    0.00    0.00    0.00
23:26:41       3    8.25    0.00    0.00    0.00    0.00    0.00    0.00    0.00    0.00   91.75

23:26:41     CPU    %usr   %nice    %sys %iowait    %irq   %soft  %steal  %guest  %gnice   %idle
23:26:42     all    5.62    0.28   33.43    0.00    0.00   17.70    0.00    0.00    0.00   42.98
23:26:42       0    6.25    0.00   40.00    0.00    0.00   13.75    0.00    0.00    0.00   40.00
23:26:42       1    6.33    0.00   39.24    0.00    0.00   13.92    0.00    0.00    0.00   40.51
23:26:42       2    5.00    0.00   54.00    0.00    0.00   41.00    0.00    0.00    0.00    0.00
23:26:42       3    5.15    1.03    2.06    0.00    0.00    0.00    0.00    0.00    0.00   91.75

23:26:42     CPU    %usr   %nice    %sys %iowait    %irq   %soft  %steal  %guest  %gnice   %idle
23:26:43     all    5.63    0.00   32.96    0.00    0.00   17.18    0.00    0.00    0.00   44.23
23:26:43       0    6.25    0.00   40.00    0.00    0.00   13.75    0.00    0.00    0.00   40.00
23:26:43       1    5.19    0.00   35.06    0.00    0.00   16.88    0.00    0.00    0.00   42.86
23:26:43       2    5.05    0.00   57.58    0.00    0.00   37.37    0.00    0.00    0.00    0.00
23:26:43       3    6.06    0.00    1.01    0.00    0.00    0.00    0.00    0.00    0.00   92.93

23:26:43     CPU    %usr   %nice    %sys %iowait    %irq   %soft  %steal  %guest  %gnice   %idle
23:26:44     all    5.03    0.00   33.24    0.00    0.00   18.16    0.00    0.00    0.00   43.58
23:26:44       0    5.13    0.00   41.03    0.00    0.00   12.82    0.00    0.00    0.00   41.03
23:26:44       1    6.10    0.00   39.02    0.00    0.00   15.85    0.00    0.00    0.00   39.02
23:26:44       2    4.95    0.00   53.47    0.00    0.00   41.58    0.00    0.00    0.00    0.00
23:26:44       3    4.12    0.00    1.03    0.00    0.00    0.00    0.00    0.00    0.00   94.85

23:26:44     CPU    %usr   %nice    %sys %iowait    %irq   %soft  %steal  %guest  %gnice   %idle
23:26:45     all    5.77    0.00   33.79    0.00    0.00   17.03    0.00    0.00    0.00   43.41
23:26:45       0    6.10    0.00   40.24    0.00    0.00   14.63    0.00    0.00    0.00   39.02
23:26:45       1    6.10    0.00   39.02    0.00    0.00   14.63    0.00    0.00    0.00   40.24
23:26:45       2    5.00    0.00   56.00    0.00    0.00   38.00    0.00    0.00    0.00    1.00
23:26:45       3    6.00    0.00    2.00    0.00    0.00    0.00    0.00    0.00    0.00   92.00

23:26:45     CPU    %usr   %nice    %sys %iowait    %irq   %soft  %steal  %guest  %gnice   %idle
23:26:46     all    5.54    0.00   34.07    0.00    0.00   17.17    0.00    0.00    0.00   43.21
23:26:46       0    6.17    0.00   40.74    0.00    0.00   13.58    0.00    0.00    0.00   39.51
23:26:46       1    6.17    0.00   39.51    0.00    0.00   14.81    0.00    0.00    0.00   39.51
23:26:46       2    4.00    0.00   57.00    0.00    0.00   39.00    0.00    0.00    0.00    0.00
23:26:46       3    6.06    0.00    1.01    0.00    0.00    0.00    0.00    0.00    0.00   92.93

23:26:46     CPU    %usr   %nice    %sys %iowait    %irq   %soft  %steal  %guest  %gnice   %idle
23:26:47     all    5.32    0.00   32.77    0.00    0.00   17.65    0.00    0.00    0.00   44.26
23:26:47       0    7.50    0.00   37.50    0.00    0.00   15.00    0.00    0.00    0.00   40.00
23:26:47       1    5.00    0.00   40.00    0.00    0.00   13.75    0.00    0.00    0.00   41.25
23:26:47       2    5.05    0.00   54.55    0.00    0.00   40.40    0.00    0.00    0.00    0.00
23:26:47       3    4.08    0.00    1.02    0.00    0.00    0.00    0.00    0.00    0.00   94.90

23:26:47     CPU    %usr   %nice    %sys %iowait    %irq   %soft  %steal  %guest  %gnice   %idle
23:26:48     all    5.04    0.00   33.05    0.00    0.00   17.93    0.00    0.00    0.00   43.98
23:26:48       0    5.06    0.00   40.51    0.00    0.00   13.92    0.00    0.00    0.00   40.51
23:26:48       1    6.41    0.00   38.46    0.00    0.00   14.10    0.00    0.00    0.00   41.03
23:26:48       2    3.96    0.00   54.46    0.00    0.00   41.58    0.00    0.00    0.00    0.00
23:26:48       3    5.05    0.00    1.01    0.00    0.00    0.00    0.00    0.00    0.00   93.94
