Linux 7.0.0-31-generic (ubuntu) 	09/10/26 	_aarch64_	(4 CPU)

23:27:12     CPU    %usr   %nice    %sys %iowait    %irq   %soft  %steal  %guest  %gnice   %idle
23:27:13     all    4.93    0.27   38.08    0.00    0.00   13.42    0.00    0.00    0.00   43.29
23:27:13       0    6.10    0.00   41.46    0.00    0.00    9.76    0.00    0.00    0.00   42.68
23:27:13       1    4.76    0.00   42.86    0.00    0.00   10.71    0.00    0.00    0.00   41.67
23:27:13       2    4.00    0.00   63.00    0.00    0.00   32.00    0.00    0.00    0.00    1.00
23:27:13       3    5.05    1.01    6.06    0.00    0.00    0.00    0.00    0.00    0.00   87.88

23:27:13     CPU    %usr   %nice    %sys %iowait    %irq   %soft  %steal  %guest  %gnice   %idle
23:27:14     all    4.12    0.00   35.99    0.00    0.00   14.29    0.00    0.00    0.00   45.60
23:27:14       0    4.76    0.00   41.67    0.00    0.00   10.71    0.00    0.00    0.00   42.86
23:27:14       1    4.82    0.00   39.76    0.00    0.00    9.64    0.00    0.00    0.00   45.78
23:27:14       2    3.00    0.00   62.00    0.00    0.00   35.00    0.00    0.00    0.00    0.00
23:27:14       3    4.12    0.00    1.03    0.00    0.00    0.00    0.00    0.00    0.00   94.85

23:27:14     CPU    %usr   %nice    %sys %iowait    %irq   %soft  %steal  %guest  %gnice   %idle
23:27:15     all    5.77    0.00   36.54    0.00    0.00   13.46    0.00    0.00    0.00   44.23
23:27:15       0    4.76    0.00   41.67    0.00    0.00   10.71    0.00    0.00    0.00   42.86
23:27:15       1    6.10    0.00   37.80    0.00    0.00   12.20    0.00    0.00    0.00   43.90
23:27:15       2    4.00    0.00   66.00    0.00    0.00   30.00    0.00    0.00    0.00    0.00
23:27:15       3    8.16    0.00    1.02    0.00    0.00    0.00    0.00    0.00    0.00   90.82

23:27:15     CPU    %usr   %nice    %sys %iowait    %irq   %soft  %steal  %guest  %gnice   %idle
23:27:16     all    4.71    0.00   36.84    0.00    0.00   13.02    0.00    0.00    0.00   45.43
23:27:16       0    3.75    0.00   41.25    0.00    0.00   10.00    0.00    0.00    0.00   45.00
23:27:16       1    4.76    0.00   39.29    0.00    0.00   11.90    0.00    0.00    0.00   44.05
23:27:16       2    4.00    0.00   67.00    0.00    0.00   29.00    0.00    0.00    0.00    0.00
23:27:16       3    6.19    0.00    0.00    0.00    0.00    0.00    0.00    0.00    0.00   93.81

23:27:16     CPU    %usr   %nice    %sys %iowait    %irq   %soft  %steal  %guest  %gnice   %idle
23:27:17     all    4.37    0.00   36.34    0.00    0.00   13.66    0.00    0.00    0.00   45.63
23:27:17       0    2.44    0.00   40.24    0.00    0.00   10.98    0.00    0.00    0.00   46.34
23:27:17       1    3.53    0.00   41.18    0.00    0.00   11.76    0.00    0.00    0.00   43.53
23:27:17       2    5.00    0.00   64.00    0.00    0.00   31.00    0.00    0.00    0.00    0.00
23:27:17       3    6.06    0.00    1.01    0.00    0.00    0.00    0.00    0.00    0.00   92.93

23:27:17     CPU    %usr   %nice    %sys %iowait    %irq   %soft  %steal  %guest  %gnice   %idle
23:27:18     all    3.89    0.00   35.83    0.00    0.00   13.89    0.00    0.00    0.00   46.39
23:27:18       0    5.00    0.00   40.00    0.00    0.00   10.00    0.00    0.00    0.00   45.00
23:27:18       1    3.70    0.00   40.74    0.00    0.00    9.88    0.00    0.00    0.00   45.68
23:27:18       2    2.97    0.00   63.37    0.00    0.00   33.66    0.00    0.00    0.00    0.00
23:27:18       3    4.08    0.00    0.00    0.00    0.00    0.00    0.00    0.00    0.00   95.92

23:27:18     CPU    %usr   %nice    %sys %iowait    %irq   %soft  %steal  %guest  %gnice   %idle
23:27:19     all    4.67    0.00   34.62    0.00    0.00   14.29    0.00    0.00    0.00   46.43
23:27:19       0    3.66    0.00   39.02    0.00    0.00   10.98    0.00    0.00    0.00   46.34
23:27:19       1    5.95    0.00   38.10    0.00    0.00   10.71    0.00    0.00    0.00   45.24
23:27:19       2    4.04    0.00   61.62    0.00    0.00   34.34    0.00    0.00    0.00    0.00
23:27:19       3    5.05    0.00    1.01    0.00    0.00    0.00    0.00    0.00    0.00   93.94

23:27:19     CPU    %usr   %nice    %sys %iowait    %irq   %soft  %steal  %guest  %gnice   %idle
23:27:20     all    6.32    0.00   36.81    0.00    0.00   12.91    0.00    0.00    0.00   43.96
23:27:20       0    7.06    0.00   40.00    0.00    0.00   10.59    0.00    0.00    0.00   42.35
23:27:20       1    6.10    0.00   40.24    0.00    0.00    9.76    0.00    0.00    0.00   43.90
23:27:20       2    3.03    0.00   66.67    0.00    0.00   30.30    0.00    0.00    0.00    0.00
23:27:20       3    9.18    0.00    1.02    0.00    0.00    0.00    0.00    0.00    0.00   89.80

23:27:20     CPU    %usr   %nice    %sys %iowait    %irq   %soft  %steal  %guest  %gnice   %idle
23:27:21     all    4.70    0.28   36.46    0.00    0.00   13.81    0.00    0.00    0.00   44.75
23:27:21       0    3.75    0.00   40.00    0.00    0.00   11.25    0.00    0.00    0.00   45.00
23:27:21       1    3.66    0.00   40.24    0.00    0.00   10.98    0.00    0.00    0.00   45.12
23:27:21       2    4.95    0.00   63.37    0.00    0.00   31.68    0.00    0.00    0.00    0.00
23:27:21       3    6.06    1.01    3.03    0.00    0.00    0.00    0.00    0.00    0.00   89.90

23:27:21     CPU    %usr   %nice    %sys %iowait    %irq   %soft  %steal  %guest  %gnice   %idle
23:27:22     all    4.40    0.00   35.99    0.00    0.00   14.01    0.00    0.00    0.00   45.60
23:27:22       0    4.76    0.00   40.48    0.00    0.00   10.71    0.00    0.00    0.00   44.05
23:27:22       1    3.70    0.00   41.98    0.00    0.00    9.88    0.00    0.00    0.00   44.44
23:27:22       2    4.00    0.00   62.00    0.00    0.00   34.00    0.00    0.00    0.00    0.00
23:27:22       3    5.05    0.00    1.01    0.00    0.00    0.00    0.00    0.00    0.00   93.94

23:27:22     CPU    %usr   %nice    %sys %iowait    %irq   %soft  %steal  %guest  %gnice   %idle
23:27:23     all    3.85    0.00   36.81    0.00    0.00   13.74    0.00    0.00    0.00   45.60
23:27:23       0    4.82    0.00   40.96    0.00    0.00   10.84    0.00    0.00    0.00   43.37
23:27:23       1    3.61    0.00   40.96    0.00    0.00   10.84    0.00    0.00    0.00   44.58
23:27:23       2    3.00    0.00   65.00    0.00    0.00   32.00    0.00    0.00    0.00    0.00
23:27:23       3    4.08    0.00    1.02    0.00    0.00    0.00    0.00    0.00    0.00   94.90

23:27:23     CPU    %usr   %nice    %sys %iowait    %irq   %soft  %steal  %guest  %gnice   %idle
23:27:24     all    3.84    0.00   35.62    0.00    0.00   14.52    0.00    0.00    0.00   46.03
23:27:24       0    3.66    0.00   40.24    0.00    0.00   10.98    0.00    0.00    0.00   45.12
23:27:24       1    3.57    0.00   39.29    0.00    0.00   11.90    0.00    0.00    0.00   45.24
23:27:24       2    3.00    0.00   63.00    0.00    0.00   34.00    0.00    0.00    0.00    0.00
23:27:24       3    5.05    0.00    1.01    0.00    0.00    0.00    0.00    0.00    0.00   93.94

23:27:24     CPU    %usr   %nice    %sys %iowait    %irq   %soft  %steal  %guest  %gnice   %idle
23:27:25     all    5.28    0.00   35.56    0.00    0.00   13.89    0.00    0.00    0.00   45.28
23:27:25       0    4.88    0.00   39.02    0.00    0.00   12.20    0.00    0.00    0.00   43.90
23:27:25       1    6.17    0.00   39.51    0.00    0.00    9.88    0.00    0.00    0.00   44.44
23:27:25       2    3.96    0.00   63.37    0.00    0.00   31.68    0.00    0.00    0.00    0.99
23:27:25       3    6.25    0.00    0.00    0.00    0.00    0.00    0.00    0.00    0.00   93.75

23:27:25     CPU    %usr   %nice    %sys %iowait    %irq   %soft  %steal  %guest  %gnice   %idle
23:27:26     all    3.87    0.00   35.64    0.00    0.00   14.36    0.00    0.00    0.00   46.13
23:27:26       0    5.00    0.00   37.50    0.00    0.00   11.25    0.00    0.00    0.00   46.25
23:27:26       1    3.53    0.00   41.18    0.00    0.00   11.76    0.00    0.00    0.00   43.53
23:27:26       2    3.03    0.00   63.64    0.00    0.00   33.33    0.00    0.00    0.00    0.00
23:27:26       3    4.08    0.00    1.02    0.00    0.00    0.00    0.00    0.00    0.00   94.90

23:27:26     CPU    %usr   %nice    %sys %iowait    %irq   %soft  %steal  %guest  %gnice   %idle
23:27:27     all    4.90    0.00   35.69    0.27    0.00   13.62    0.00    0.00    0.00   45.50
23:27:27       0    4.94    0.00   38.27    0.00    0.00   11.11    0.00    0.00    0.00   45.68
23:27:27       1    4.76    0.00   41.67    0.00    0.00    9.52    0.00    0.00    0.00   44.05
23:27:27       2    3.96    0.00   63.37    0.00    0.00   32.67    0.00    0.00    0.00    0.00
23:27:27       3    5.94    0.00    0.99    0.99    0.00    0.00    0.00    0.00    0.00   92.08

23:27:27     CPU    %usr   %nice    %sys %iowait    %irq   %soft  %steal  %guest  %gnice   %idle
23:27:28     all    3.31    0.00   36.09    0.00    0.00   14.33    0.00    0.00    0.00   46.28
23:27:28       0    3.70    0.00   39.51    0.00    0.00   11.11    0.00    0.00    0.00   45.68
23:27:28       1    3.57    0.00   41.67    0.00    0.00   10.71    0.00    0.00    0.00   44.05
23:27:28       2    3.00    0.00   63.00    0.00    0.00   34.00    0.00    0.00    0.00    0.00
23:27:28       3    3.06    0.00    1.02    0.00    0.00    0.00    0.00    0.00    0.00   95.92

23:27:28     CPU    %usr   %nice    %sys %iowait    %irq   %soft  %steal  %guest  %gnice   %idle
23:27:29     all    3.87    0.00   35.91    0.00    0.00   14.36    0.00    0.00    0.00   45.86
23:27:29       0    3.61    0.00   42.17    0.00    0.00    9.64    0.00    0.00    0.00   44.58
23:27:29       1    3.70    0.00   39.51    0.00    0.00   11.11    0.00    0.00    0.00   45.68
23:27:29       2    3.00    0.00   62.00    0.00    0.00   35.00    0.00    0.00    0.00    0.00
23:27:29       3    5.10    0.00    1.02    0.00    0.00    0.00    0.00    0.00    0.00   93.88

23:27:29     CPU    %usr   %nice    %sys %iowait    %irq   %soft  %steal  %guest  %gnice   %idle
23:27:30     all    6.08    0.00   35.64    0.00    0.00   13.26    0.00    0.00    0.00   45.03
23:27:30       0    7.23    0.00   40.96    0.00    0.00    8.43    0.00    0.00    0.00   43.37
23:27:30       1    4.94    0.00   38.27    0.00    0.00   11.11    0.00    0.00    0.00   45.68
23:27:30       2    4.04    0.00   63.64    0.00    0.00   32.32    0.00    0.00    0.00    0.00
23:27:30       3    8.08    0.00    1.01    0.00    0.00    0.00    0.00    0.00    0.00   90.91

23:27:30     CPU    %usr   %nice    %sys %iowait    %irq   %soft  %steal  %guest  %gnice   %idle
23:27:31     all    4.67    0.00   37.09    0.00    0.00   13.46    0.00    0.00    0.00   44.78
23:27:31       0    3.53    0.00   43.53    0.00    0.00   11.76    0.00    0.00    0.00   41.18
23:27:31       1    5.00    0.00   38.75    0.00    0.00   10.00    0.00    0.00    0.00   46.25
23:27:31       2    3.96    0.00   65.35    0.00    0.00   30.69    0.00    0.00    0.00    0.00
23:27:31       3    6.12    0.00    1.02    0.00    0.00    0.00    0.00    0.00    0.00   92.86

23:27:31     CPU    %usr   %nice    %sys %iowait    %irq   %soft  %steal  %guest  %gnice   %idle
23:27:32     all    4.44    0.00   36.11    0.00    0.00   13.61    0.00    0.00    0.00   45.83
23:27:32       0    6.10    0.00   40.24    0.00    0.00    9.76    0.00    0.00    0.00   43.90
23:27:32       1    3.70    0.00   39.51    0.00    0.00   11.11    0.00    0.00    0.00   45.68
23:27:32       2    3.03    0.00   64.65    0.00    0.00   32.32    0.00    0.00    0.00    0.00
23:27:32       3    5.10    0.00    1.02    0.00    0.00    0.00    0.00    0.00    0.00   93.88
