Linux 7.0.0-31-generic (ubuntu) 	09/10/26 	_aarch64_	(4 CPU)

23:29:47     CPU    %usr   %nice    %sys %iowait    %irq   %soft  %steal  %guest  %gnice   %idle
23:29:48     all    3.27    0.27   36.51    0.00    0.00   14.17    0.00    0.00    0.00   45.78
23:29:48       0    5.88    0.00   41.18    0.00    0.00   10.59    0.00    0.00    0.00   42.35
23:29:48       1    3.57    0.00   39.29    0.00    0.00   13.10    0.00    0.00    0.00   44.05
23:29:48       2    3.03    0.00   63.64    0.00    0.00   32.32    0.00    0.00    0.00    1.01
23:29:48       3    1.01    1.01    3.03    0.00    0.00    0.00    0.00    0.00    0.00   94.95

23:29:48     CPU    %usr   %nice    %sys %iowait    %irq   %soft  %steal  %guest  %gnice   %idle
23:29:49     all    3.29    0.00   34.25    0.00    0.00   14.79    0.00    0.00    0.00   47.67
23:29:49       0    3.66    0.00   39.02    0.00    0.00   10.98    0.00    0.00    0.00   46.34
23:29:49       1    4.76    0.00   38.10    0.00    0.00   11.90    0.00    0.00    0.00   45.24
23:29:49       2    4.00    0.00   61.00    0.00    0.00   35.00    0.00    0.00    0.00    0.00
23:29:49       3    1.01    0.00    0.00    0.00    0.00    0.00    0.00    0.00    0.00   98.99

23:29:49     CPU    %usr   %nice    %sys %iowait    %irq   %soft  %steal  %guest  %gnice   %idle
23:29:50     all    3.31    0.00   34.71    0.00    0.00   14.33    0.00    0.00    0.00   47.66
23:29:50       0    4.71    0.00   40.00    0.00    0.00   10.59    0.00    0.00    0.00   44.71
23:29:50       1    3.80    0.00   36.71    0.00    0.00   12.66    0.00    0.00    0.00   46.84
23:29:50       2    4.00    0.00   63.00    0.00    0.00   33.00    0.00    0.00    0.00    0.00
23:29:50       3    1.01    0.00    0.00    0.00    0.00    0.00    0.00    0.00    0.00   98.99

23:29:50     CPU    %usr   %nice    %sys %iowait    %irq   %soft  %steal  %guest  %gnice   %idle
23:29:51     all    3.01    0.00   36.16    0.00    0.00   14.25    0.00    0.00    0.00   46.58
23:29:51       0    3.57    0.00   40.48    0.00    0.00   11.90    0.00    0.00    0.00   44.05
23:29:51       1    3.66    0.00   41.46    0.00    0.00    9.76    0.00    0.00    0.00   45.12
23:29:51       2    3.00    0.00   63.00    0.00    0.00   34.00    0.00    0.00    0.00    0.00
23:29:51       3    2.02    0.00    1.01    0.00    0.00    0.00    0.00    0.00    0.00   96.97

23:29:51     CPU    %usr   %nice    %sys %iowait    %irq   %soft  %steal  %guest  %gnice   %idle
23:29:52     all    2.22    0.00   36.39    0.00    0.00   13.89    0.00    0.00    0.00   47.50
23:29:52       0    3.61    0.00   42.17    0.00    0.00   10.84    0.00    0.00    0.00   43.37
23:29:52       1    2.53    0.00   39.24    0.00    0.00   10.13    0.00    0.00    0.00   48.10
23:29:52       2    2.00    0.00   65.00    0.00    0.00   33.00    0.00    0.00    0.00    0.00
23:29:52       3    1.02    0.00    0.00    0.00    0.00    0.00    0.00    0.00    0.00   98.98

23:29:52     CPU    %usr   %nice    %sys %iowait    %irq   %soft  %steal  %guest  %gnice   %idle
23:29:53     all    3.28    0.00   35.79    0.00    0.00   13.93    0.00    0.00    0.00   46.99
23:29:53       0    2.38    0.00   40.48    0.00    0.00   11.90    0.00    0.00    0.00   45.24
23:29:53       1    3.61    0.00   39.76    0.00    0.00   12.05    0.00    0.00    0.00   44.58
23:29:53       2    6.00    0.00   63.00    0.00    0.00   31.00    0.00    0.00    0.00    0.00
23:29:53       3    1.01    0.00    1.01    0.00    0.00    0.00    0.00    0.00    0.00   97.98

23:29:53     CPU    %usr   %nice    %sys %iowait    %irq   %soft  %steal  %guest  %gnice   %idle
23:29:54     all    3.00    0.00   35.15    0.00    0.00   15.26    0.00    0.00    0.00   46.59
23:29:54       0    4.76    0.00   39.29    0.00    0.00   11.90    0.00    0.00    0.00   44.05
23:29:54       1    3.57    0.00   40.48    0.00    0.00   11.90    0.00    0.00    0.00   44.05
23:29:54       2    2.02    0.00   61.62    0.00    0.00   36.36    0.00    0.00    0.00    0.00
23:29:54       3    2.00    0.00    1.00    0.00    0.00    0.00    0.00    0.00    0.00   97.00

23:29:54     CPU    %usr   %nice    %sys %iowait    %irq   %soft  %steal  %guest  %gnice   %idle
23:29:55     all    3.03    0.55   37.19    0.00    0.00   13.50    0.00    0.00    0.00   45.73
23:29:55       0    3.80    0.00   40.51    0.00    0.00   10.13    0.00    0.00    0.00   45.57
23:29:55       1    3.41    1.14   40.91    0.00    0.00   11.36    0.00    0.00    0.00   43.18
23:29:55       2    4.04    0.00   64.65    0.00    0.00   31.31    0.00    0.00    0.00    0.00
23:29:55       3    1.03    1.03    3.09    0.00    0.00    0.00    0.00    0.00    0.00   94.85

23:29:55     CPU    %usr   %nice    %sys %iowait    %irq   %soft  %steal  %guest  %gnice   %idle
23:29:56     all   11.38    0.00   36.86    0.00    0.00   13.01    0.00    0.00    0.00   38.75
23:29:56       0    9.52    0.00   39.29    0.00    0.00   10.71    0.00    0.00    0.00   40.48
23:29:56       1    9.20    0.00   40.23    0.00    0.00   11.49    0.00    0.00    0.00   39.08
23:29:56       2    4.00    0.00   67.00    0.00    0.00   29.00    0.00    0.00    0.00    0.00
23:29:56       3   22.45    0.00    1.02    0.00    0.00    0.00    0.00    0.00    0.00   76.53

23:29:56     CPU    %usr   %nice    %sys %iowait    %irq   %soft  %steal  %guest  %gnice   %idle
23:29:57     all   15.76    0.00   36.41    0.00    0.00   12.50    0.00    0.00    0.00   35.33
23:29:57       0   17.44    0.00   39.53    0.00    0.00    9.30    0.00    0.00    0.00   33.72
23:29:57       1   16.47    0.00   40.00    0.00    0.00    7.06    0.00    0.00    0.00   36.47
23:29:57       2    4.04    0.00   62.63    0.00    0.00   32.32    0.00    0.00    0.00    1.01
23:29:57       3   25.51    0.00    4.08    0.00    0.00    0.00    0.00    0.00    0.00   70.41

23:29:57     CPU    %usr   %nice    %sys %iowait    %irq   %soft  %steal  %guest  %gnice   %idle
23:29:58     all    4.66    0.00   35.89    0.00    0.00   13.97    0.00    0.00    0.00   45.48
23:29:58       0    8.43    0.00   36.14    0.00    0.00   12.05    0.00    0.00    0.00   43.37
23:29:58       1    3.66    0.00   40.24    0.00    0.00   12.20    0.00    0.00    0.00   43.90
23:29:58       2    2.97    0.00   65.35    0.00    0.00   30.69    0.00    0.00    0.00    0.99
23:29:58       3    4.04    0.00    2.02    0.00    0.00    0.00    0.00    0.00    0.00   93.94

23:29:58     CPU    %usr   %nice    %sys %iowait    %irq   %soft  %steal  %guest  %gnice   %idle
23:29:59     all    5.46    0.00   36.34    0.00    0.00   14.21    0.00    0.00    0.00   43.99
23:29:59       0    6.02    0.00   42.17    0.00    0.00    9.64    0.00    0.00    0.00   42.17
23:29:59       1    4.60    0.00   41.38    0.00    0.00   11.49    0.00    0.00    0.00   42.53
23:29:59       2    4.04    0.00   61.62    0.00    0.00   34.34    0.00    0.00    0.00    0.00
23:29:59       3    7.22    0.00    1.03    0.00    0.00    0.00    0.00    0.00    0.00   91.75

23:29:59     CPU    %usr   %nice    %sys %iowait    %irq   %soft  %steal  %guest  %gnice   %idle
23:30:00     all    4.66    0.00   36.71    0.00    0.00   13.97    0.00    0.00    0.00   44.66
23:30:00       0    3.57    0.00   41.67    0.00    0.00   11.90    0.00    0.00    0.00   42.86
23:30:00       1    6.02    0.00   38.55    0.00    0.00   12.05    0.00    0.00    0.00   43.37
23:30:00       2    4.00    0.00   65.00    0.00    0.00   31.00    0.00    0.00    0.00    0.00
23:30:00       3    5.10    0.00    2.04    0.00    0.00    0.00    0.00    0.00    0.00   92.86

23:30:00     CPU    %usr   %nice    %sys %iowait    %irq   %soft  %steal  %guest  %gnice   %idle
23:30:01     all    4.44    0.00   36.67    0.00    0.00   13.61    0.00    0.00    0.00   45.28
23:30:01       0    4.94    0.00   39.51    0.00    0.00   11.11    0.00    0.00    0.00   44.44
23:30:01       1    6.10    0.00   40.24    0.00    0.00    9.76    0.00    0.00    0.00   43.90
23:30:01       2    2.00    0.00   66.00    0.00    0.00   32.00    0.00    0.00    0.00    0.00
23:30:01       3    5.15    0.00    1.03    0.00    0.00    0.00    0.00    0.00    0.00   93.81

23:30:01     CPU    %usr   %nice    %sys %iowait    %irq   %soft  %steal  %guest  %gnice   %idle
23:30:02     all    4.16    0.00   36.57    0.00    0.00   13.85    0.00    0.00    0.00   45.43
23:30:02       0    3.70    0.00   40.74    0.00    0.00   12.35    0.00    0.00    0.00   43.21
23:30:02       1    6.10    0.00   40.24    0.00    0.00    9.76    0.00    0.00    0.00   43.90
23:30:02       2    3.96    0.00   64.36    0.00    0.00   31.68    0.00    0.00    0.00    0.00
23:30:02       3    3.09    0.00    1.03    0.00    0.00    0.00    0.00    0.00    0.00   95.88

23:30:02     CPU    %usr   %nice    %sys %iowait    %irq   %soft  %steal  %guest  %gnice   %idle
23:30:03     all    3.58    0.00   36.09    0.00    0.00   14.33    0.00    0.00    0.00   46.01
23:30:03       0    3.53    0.00   42.35    0.00    0.00   11.76    0.00    0.00    0.00   42.35
23:30:03       1    3.75    0.00   37.50    0.00    0.00   12.50    0.00    0.00    0.00   46.25
23:30:03       2    5.00    0.00   63.00    0.00    0.00   32.00    0.00    0.00    0.00    0.00
23:30:03       3    2.04    0.00    2.04    0.00    0.00    0.00    0.00    0.00    0.00   95.92

23:30:03     CPU    %usr   %nice    %sys %iowait    %irq   %soft  %steal  %guest  %gnice   %idle
23:30:04     all   19.35    0.00   35.69    0.00    0.00   12.81    0.00    0.00    0.00   32.15
23:30:04       0   22.99    0.00   36.78    0.00    0.00    8.05    0.00    0.00    0.00   32.18
23:30:04       1   13.95    0.00   39.53    0.00    0.00   11.63    0.00    0.00    0.00   34.88
23:30:04       2    5.10    0.00   63.27    0.00    0.00   30.61    0.00    0.00    0.00    1.02
23:30:04       3   35.42    0.00    3.12    0.00    0.00    0.00    0.00    0.00    0.00   61.46

23:30:04     CPU    %usr   %nice    %sys %iowait    %irq   %soft  %steal  %guest  %gnice   %idle
23:30:05     all    4.14    0.00   35.91    0.00    0.00   12.98    0.00    0.00    0.00   46.96
23:30:05       0    3.66    0.00   41.46    0.00    0.00   10.98    0.00    0.00    0.00   43.90
23:30:05       1    4.88    0.00   40.24    0.00    0.00    9.76    0.00    0.00    0.00   45.12
23:30:05       2    5.05    0.00   63.64    0.00    0.00   30.30    0.00    0.00    0.00    1.01
23:30:05       3    3.03    0.00    0.00    0.00    0.00    0.00    0.00    0.00    0.00   96.97

23:30:05     CPU    %usr   %nice    %sys %iowait    %irq   %soft  %steal  %guest  %gnice   %idle
23:30:06     all    3.61    0.00   35.83    0.00    0.00   13.61    0.00    0.00    0.00   46.94
23:30:06       0    3.80    0.00   37.97    0.00    0.00   11.39    0.00    0.00    0.00   46.84
23:30:06       1    4.88    0.00   37.80    0.00    0.00   12.20    0.00    0.00    0.00   45.12
23:30:06       2    3.00    0.00   67.00    0.00    0.00   30.00    0.00    0.00    0.00    0.00
23:30:06       3    3.03    0.00    1.01    0.00    0.00    0.00    0.00    0.00    0.00   95.96

23:30:06     CPU    %usr   %nice    %sys %iowait    %irq   %soft  %steal  %guest  %gnice   %idle
23:30:07     all   12.20    0.00   36.04    0.00    0.00   13.01    0.00    0.00    0.00   38.75
23:30:07       0   12.36    0.00   38.20    0.00    0.00   12.36    0.00    0.00    0.00   37.08
23:30:07       1   11.90    0.00   40.48    0.00    0.00    8.33    0.00    0.00    0.00   39.29
23:30:07       2    5.05    0.00   64.65    0.00    0.00   30.30    0.00    0.00    0.00    0.00
23:30:07       3   19.59    0.00    1.03    0.00    0.00    0.00    0.00    0.00    0.00   79.38
