Linux 7.0.0-31-generic (ubuntu) 	09/10/26 	_aarch64_	(4 CPU)

23:28:18     CPU    %usr   %nice    %sys %iowait    %irq   %soft  %steal  %guest  %gnice   %idle
23:28:19     all    7.50    0.83   35.00    0.00    0.00   16.94    0.00    0.00    0.00   39.72
23:28:19       0    6.25    1.25   40.00    0.00    0.00   13.75    0.00    0.00    0.00   38.75
23:28:19       1    8.54    0.00   42.68    0.00    0.00   12.20    0.00    0.00    0.00   36.59
23:28:19       2    4.00    0.00   56.00    0.00    0.00   40.00    0.00    0.00    0.00    0.00
23:28:19       3   11.22    2.04    3.06    0.00    0.00    0.00    0.00    0.00    0.00   83.67

23:28:19     CPU    %usr   %nice    %sys %iowait    %irq   %soft  %steal  %guest  %gnice   %idle
23:28:20     all    7.88    0.00   35.60    0.00    0.00   16.85    0.00    0.00    0.00   39.67
23:28:20       0    6.98    0.00   43.02    0.00    0.00   13.95    0.00    0.00    0.00   36.05
23:28:20       1    6.02    0.00   40.96    0.00    0.00   14.46    0.00    0.00    0.00   38.55
23:28:20       2    3.96    0.00   57.43    0.00    0.00   37.62    0.00    0.00    0.00    0.99
23:28:20       3   14.29    0.00    2.04    0.00    0.00    0.00    0.00    0.00    0.00   83.67

23:28:20     CPU    %usr   %nice    %sys %iowait    %irq   %soft  %steal  %guest  %gnice   %idle
23:28:21     all    6.13    0.00   33.98    0.00    0.00   16.71    0.00    0.00    0.00   43.18
23:28:21       0    7.59    0.00   40.51    0.00    0.00   11.39    0.00    0.00    0.00   40.51
23:28:21       1    6.17    0.00   40.74    0.00    0.00   13.58    0.00    0.00    0.00   39.51
23:28:21       2    4.04    0.00   55.56    0.00    0.00   40.40    0.00    0.00    0.00    0.00
23:28:21       3    7.00    0.00    2.00    0.00    0.00    0.00    0.00    0.00    0.00   91.00

23:28:21     CPU    %usr   %nice    %sys %iowait    %irq   %soft  %steal  %guest  %gnice   %idle
23:28:22     all    5.88    0.00   34.17    0.28    0.00   17.37    0.00    0.00    0.00   42.30
23:28:22       0    4.88    0.00   42.68    0.00    0.00   14.63    0.00    0.00    0.00   37.80
23:28:22       1    6.33    0.00   40.51    0.00    0.00   12.66    0.00    0.00    0.00   40.51
23:28:22       2    5.05    0.00   54.55    0.00    0.00   40.40    0.00    0.00    0.00    0.00
23:28:22       3    7.22    0.00    1.03    1.03    0.00    0.00    0.00    0.00    0.00   90.72

23:28:22     CPU    %usr   %nice    %sys %iowait    %irq   %soft  %steal  %guest  %gnice   %idle
23:28:23     all   15.38    0.00   32.69    0.00    0.00   15.93    0.00    0.00    0.00   35.99
23:28:23       0   17.28    0.00   37.04    0.00    0.00   12.35    0.00    0.00    0.00   33.33
23:28:23       1   16.47    0.00   37.65    0.00    0.00   12.94    0.00    0.00    0.00   32.94
23:28:23       2    6.06    0.00   55.56    0.00    0.00   37.37    0.00    0.00    0.00    1.01
23:28:23       3   22.22    0.00    2.02    0.00    0.00    0.00    0.00    0.00    0.00   75.76

23:28:23     CPU    %usr   %nice    %sys %iowait    %irq   %soft  %steal  %guest  %gnice   %idle
23:28:24     all    5.62    0.00   33.43    0.00    0.00   16.57    0.00    0.00    0.00   44.38
23:28:24       0    5.26    0.00   39.47    0.00    0.00   13.16    0.00    0.00    0.00   42.11
23:28:24       1    6.17    0.00   39.51    0.00    0.00   13.58    0.00    0.00    0.00   40.74
23:28:24       2    5.00    0.00   56.00    0.00    0.00   38.00    0.00    0.00    0.00    1.00
23:28:24       3    6.06    0.00    1.01    0.00    0.00    0.00    0.00    0.00    0.00   92.93

23:28:24     CPU    %usr   %nice    %sys %iowait    %irq   %soft  %steal  %guest  %gnice   %idle
23:28:25     all    7.06    0.00   33.62    0.00    0.00   17.23    0.00    0.00    0.00   42.09
23:28:25       0    7.69    0.00   38.46    0.00    0.00   12.82    0.00    0.00    0.00   41.03
23:28:25       1    6.33    0.00   39.24    0.00    0.00   13.92    0.00    0.00    0.00   40.51
23:28:25       2    3.00    0.00   57.00    0.00    0.00   40.00    0.00    0.00    0.00    0.00
23:28:25       3   11.34    0.00    1.03    0.00    0.00    0.00    0.00    0.00    0.00   87.63

23:28:25     CPU    %usr   %nice    %sys %iowait    %irq   %soft  %steal  %guest  %gnice   %idle
23:28:26     all    5.85    0.00   32.03    0.00    0.00   18.11    0.00    0.00    0.00   44.01
23:28:26       0    7.41    0.00   38.27    0.00    0.00   14.81    0.00    0.00    0.00   39.51
23:28:26       1    6.25    0.00   37.50    0.00    0.00   15.00    0.00    0.00    0.00   41.25
23:28:26       2    4.04    0.00   54.55    0.00    0.00   41.41    0.00    0.00    0.00    0.00
23:28:26       3    6.06    0.00    0.00    0.00    0.00    0.00    0.00    0.00    0.00   93.94

23:28:26     CPU    %usr   %nice    %sys %iowait    %irq   %soft  %steal  %guest  %gnice   %idle
23:28:27     all    5.40    0.00   34.38    0.00    0.00   16.48    0.00    0.00    0.00   43.75
23:28:27       0    6.33    0.00   41.77    0.00    0.00   12.66    0.00    0.00    0.00   39.24
23:28:27       1    5.26    0.00   38.16    0.00    0.00   13.16    0.00    0.00    0.00   43.42
23:28:27       2    4.95    0.00   57.43    0.00    0.00   37.62    0.00    0.00    0.00    0.00
23:28:27       3    5.21    0.00    1.04    0.00    0.00    0.00    0.00    0.00    0.00   93.75

23:28:27     CPU    %usr   %nice    %sys %iowait    %irq   %soft  %steal  %guest  %gnice   %idle
23:28:28     all    6.16    0.00   33.33    0.00    0.00   17.37    0.00    0.00    0.00   43.14
23:28:28       0    7.50    0.00   38.75    0.00    0.00   13.75    0.00    0.00    0.00   40.00
23:28:28       1    6.41    0.00   37.18    0.00    0.00   15.38    0.00    0.00    0.00   41.03
23:28:28       2    3.03    0.00   57.58    0.00    0.00   39.39    0.00    0.00    0.00    0.00
23:28:28       3    8.00    0.00    2.00    0.00    0.00    0.00    0.00    0.00    0.00   90.00

23:28:28     CPU    %usr   %nice    %sys %iowait    %irq   %soft  %steal  %guest  %gnice   %idle
23:28:29     all    5.04    0.00   34.17    0.00    0.00   16.25    0.00    0.00    0.00   44.54
23:28:29       0    5.00    0.00   42.50    0.00    0.00   12.50    0.00    0.00    0.00   40.00
23:28:29       1    6.49    0.00   38.96    0.00    0.00   12.99    0.00    0.00    0.00   41.56
23:28:29       2    3.96    0.00   57.43    0.00    0.00   37.62    0.00    0.00    0.00    0.99
23:28:29       3    5.05    0.00    0.00    0.00    0.00    0.00    0.00    0.00    0.00   94.95

23:28:29     CPU    %usr   %nice    %sys %iowait    %irq   %soft  %steal  %guest  %gnice   %idle
23:28:30     all    6.69    0.00   33.98    0.00    0.00   16.43    0.00    0.00    0.00   42.90
23:28:30       0    6.10    0.00   39.02    0.00    0.00   15.85    0.00    0.00    0.00   39.02
23:28:30       1    7.59    0.00   39.24    0.00    0.00   11.39    0.00    0.00    0.00   41.77
23:28:30       2    5.00    0.00   58.00    0.00    0.00   37.00    0.00    0.00    0.00    0.00
23:28:30       3    8.16    0.00    1.02    0.00    0.00    0.00    0.00    0.00    0.00   90.82

23:28:30     CPU    %usr   %nice    %sys %iowait    %irq   %soft  %steal  %guest  %gnice   %idle
23:28:31     all    5.60    0.00   34.17    0.00    0.00   16.81    0.00    0.00    0.00   43.42
23:28:31       0    7.50    0.00   40.00    0.00    0.00   13.75    0.00    0.00    0.00   38.75
23:28:31       1    5.06    0.00   40.51    0.00    0.00   13.92    0.00    0.00    0.00   40.51
23:28:31       2    5.00    0.00   57.00    0.00    0.00   38.00    0.00    0.00    0.00    0.00
23:28:31       3    5.10    0.00    1.02    0.00    0.00    0.00    0.00    0.00    0.00   93.88

23:28:31     CPU    %usr   %nice    %sys %iowait    %irq   %soft  %steal  %guest  %gnice   %idle
23:28:32     all    6.72    0.00   32.77    0.00    0.00   17.37    0.00    0.00    0.00   43.14
23:28:32       0    6.33    0.00   37.97    0.00    0.00   15.19    0.00    0.00    0.00   40.51
23:28:32       1    7.50    0.00   38.75    0.00    0.00   12.50    0.00    0.00    0.00   41.25
23:28:32       2    5.00    0.00   55.00    0.00    0.00   40.00    0.00    0.00    0.00    0.00
23:28:32       3    8.16    0.00    1.02    0.00    0.00    0.00    0.00    0.00    0.00   90.82

23:28:32     CPU    %usr   %nice    %sys %iowait    %irq   %soft  %steal  %guest  %gnice   %idle
23:28:33     all    6.42    0.00   33.24    0.00    0.00   17.32    0.00    0.00    0.00   43.02
23:28:33       0    8.64    0.00   38.27    0.00    0.00   14.81    0.00    0.00    0.00   38.27
23:28:33       1    5.06    0.00   40.51    0.00    0.00   12.66    0.00    0.00    0.00   41.77
23:28:33       2    5.00    0.00   55.00    0.00    0.00   40.00    0.00    0.00    0.00    0.00
23:28:33       3    7.14    0.00    1.02    0.00    0.00    0.00    0.00    0.00    0.00   91.84

23:28:33     CPU    %usr   %nice    %sys %iowait    %irq   %soft  %steal  %guest  %gnice   %idle
23:28:34     all    5.79    0.00   34.71    0.00    0.00   16.53    0.00    0.00    0.00   42.98
23:28:34       0    5.95    0.00   42.86    0.00    0.00   13.10    0.00    0.00    0.00   38.10
23:28:34       1    7.41    0.00   39.51    0.00    0.00   13.58    0.00    0.00    0.00   39.51
23:28:34       2    4.04    0.00   57.58    0.00    0.00   38.38    0.00    0.00    0.00    0.00
23:28:34       3    6.06    0.00    1.01    0.00    0.00    0.00    0.00    0.00    0.00   92.93

23:28:34     CPU    %usr   %nice    %sys %iowait    %irq   %soft  %steal  %guest  %gnice   %idle
23:28:35     all    6.96    0.00   34.54    0.00    0.00   16.16    0.00    0.00    0.00   42.34
23:28:35       0    7.32    0.00   41.46    0.00    0.00   12.20    0.00    0.00    0.00   39.02
23:28:35       1    6.33    0.00   39.24    0.00    0.00   12.66    0.00    0.00    0.00   41.77
23:28:35       2    5.00    0.00   57.00    0.00    0.00   38.00    0.00    0.00    0.00    0.00
23:28:35       3    9.18    0.00    2.04    0.00    0.00    0.00    0.00    0.00    0.00   88.78

23:28:35     CPU    %usr   %nice    %sys %iowait    %irq   %soft  %steal  %guest  %gnice   %idle
23:28:36     all    6.41    0.00   34.26    0.00    0.00   16.43    0.00    0.00    0.00   42.90
23:28:36       0    5.00    0.00   41.25    0.00    0.00   12.50    0.00    0.00    0.00   41.25
23:28:36       1    7.32    0.00   39.02    0.00    0.00   13.41    0.00    0.00    0.00   40.24
23:28:36       2    4.00    0.00   58.00    0.00    0.00   38.00    0.00    0.00    0.00    0.00
23:28:36       3    9.28    0.00    0.00    0.00    0.00    0.00    0.00    0.00    0.00   90.72

23:28:36     CPU    %usr   %nice    %sys %iowait    %irq   %soft  %steal  %guest  %gnice   %idle
23:28:37     all    5.92    0.00   32.68    0.00    0.00   17.46    0.00    0.00    0.00   43.94
23:28:37       0    5.06    0.00   40.51    0.00    0.00   13.92    0.00    0.00    0.00   40.51
23:28:37       1    5.19    0.00   38.96    0.00    0.00   14.29    0.00    0.00    0.00   41.56
23:28:37       2    6.00    0.00   53.00    0.00    0.00   40.00    0.00    0.00    0.00    1.00
23:28:37       3    7.07    0.00    1.01    0.00    0.00    0.00    0.00    0.00    0.00   91.92

23:28:37     CPU    %usr   %nice    %sys %iowait    %irq   %soft  %steal  %guest  %gnice   %idle
23:28:38     all    6.09    0.00   33.80    0.00    0.00   17.17    0.00    0.00    0.00   42.94
23:28:38       0    8.75    0.00   37.50    0.00    0.00   13.75    0.00    0.00    0.00   40.00
23:28:38       1    4.88    0.00   41.46    0.00    0.00   13.41    0.00    0.00    0.00   40.24
23:28:38       2    3.96    0.00   56.44    0.00    0.00   39.60    0.00    0.00    0.00    0.00
23:28:38       3    7.14    0.00    1.02    0.00    0.00    0.00    0.00    0.00    0.00   91.84
