Linux 7.0.0-31-generic (ubuntu) 	09/10/26 	_aarch64_	(4 CPU)

23:27:34     CPU    %usr   %nice    %sys %iowait    %irq   %soft  %steal  %guest  %gnice   %idle
23:27:35     all    6.23    0.00   31.16    0.00    0.00   20.68    0.00    0.00    0.00   41.93
23:27:35       0    8.97    0.00   34.62    0.00    0.00   17.95    0.00    0.00    0.00   38.46
23:27:35       1    7.69    0.00   37.18    0.00    0.00   17.95    0.00    0.00    0.00   37.18
23:27:35       2    4.95    0.00   49.50    0.00    0.00   44.55    0.00    0.00    0.00    0.99
23:27:35       3    4.17    0.00    4.17    0.00    0.00    0.00    0.00    0.00    0.00   91.67

23:27:35     CPU    %usr   %nice    %sys %iowait    %irq   %soft  %steal  %guest  %gnice   %idle
23:27:36     all    7.02    0.00   27.81    0.00    0.00   21.91    0.00    0.00    0.00   43.26
23:27:36       0    7.69    0.00   35.90    0.00    0.00   17.95    0.00    0.00    0.00   38.46
23:27:36       1    8.86    0.00   34.18    0.00    0.00   18.99    0.00    0.00    0.00   37.97
23:27:36       2    7.00    0.00   44.00    0.00    0.00   49.00    0.00    0.00    0.00    0.00
23:27:36       3    5.05    0.00    0.00    0.00    0.00    0.00    0.00    0.00    0.00   94.95

23:27:36     CPU    %usr   %nice    %sys %iowait    %irq   %soft  %steal  %guest  %gnice   %idle
23:27:37     all    5.97    0.00   30.11    0.00    0.00   20.45    0.00    0.00    0.00   43.47
23:27:37       0    7.79    0.00   36.36    0.00    0.00   16.88    0.00    0.00    0.00   38.96
23:27:37       1    7.69    0.00   35.90    0.00    0.00   17.95    0.00    0.00    0.00   38.46
23:27:37       2    5.05    0.00   49.49    0.00    0.00   45.45    0.00    0.00    0.00    0.00
23:27:37       3    4.08    0.00    1.02    0.00    0.00    0.00    0.00    0.00    0.00   94.90

23:27:37     CPU    %usr   %nice    %sys %iowait    %irq   %soft  %steal  %guest  %gnice   %idle
23:27:38     all    5.93    0.00   29.10    0.00    0.00   21.19    0.00    0.00    0.00   43.79
23:27:38       0    9.09    0.00   33.77    0.00    0.00   19.48    0.00    0.00    0.00   37.66
23:27:38       1    7.69    0.00   34.62    0.00    0.00   17.95    0.00    0.00    0.00   39.74
23:27:38       2    5.94    0.00   48.51    0.00    0.00   45.54    0.00    0.00    0.00    0.00
23:27:38       3    2.04    0.00    1.02    0.00    0.00    0.00    0.00    0.00    0.00   96.94

23:27:38     CPU    %usr   %nice    %sys %iowait    %irq   %soft  %steal  %guest  %gnice   %idle
23:27:39     all    5.46    0.00   29.02    0.00    0.00   21.55    0.00    0.00    0.00   43.97
23:27:39       0    6.49    0.00   35.06    0.00    0.00   19.48    0.00    0.00    0.00   38.96
23:27:39       1    9.33    0.00   36.00    0.00    0.00   16.00    0.00    0.00    0.00   38.67
23:27:39       2    4.04    0.00   47.47    0.00    0.00   48.48    0.00    0.00    0.00    0.00
23:27:39       3    3.09    0.00    0.00    0.00    0.00    0.00    0.00    0.00    0.00   96.91

23:27:39     CPU    %usr   %nice    %sys %iowait    %irq   %soft  %steal  %guest  %gnice   %idle
23:27:40     all    6.98    0.00   29.89    0.00    0.00   20.67    0.00    0.00    0.00   42.46
23:27:40       0    7.59    0.00   37.97    0.00    0.00   17.72    0.00    0.00    0.00   36.71
23:27:40       1    7.69    0.00   34.62    0.00    0.00   19.23    0.00    0.00    0.00   38.46
23:27:40       2    6.93    0.00   47.52    0.00    0.00   44.55    0.00    0.00    0.00    0.99
23:27:40       3    6.00    0.00    2.00    0.00    0.00    0.00    0.00    0.00    0.00   92.00

23:27:40     CPU    %usr   %nice    %sys %iowait    %irq   %soft  %steal  %guest  %gnice   %idle
23:27:41     all    6.82    0.00   27.84    0.00    0.00   22.16    0.00    0.00    0.00   43.18
23:27:41       0    6.49    0.00   35.06    0.00    0.00   18.18    0.00    0.00    0.00   40.26
23:27:41       1    7.79    0.00   33.77    0.00    0.00   19.48    0.00    0.00    0.00   38.96
23:27:41       2    6.00    0.00   44.00    0.00    0.00   49.00    0.00    0.00    0.00    1.00
23:27:41       3    7.14    0.00    1.02    0.00    0.00    0.00    0.00    0.00    0.00   91.84

23:27:41     CPU    %usr   %nice    %sys %iowait    %irq   %soft  %steal  %guest  %gnice   %idle
23:27:42     all   11.24    0.00   29.78    0.28    0.00   20.79    0.00    0.00    0.00   37.92
23:27:42       0   17.72    0.00   31.65    0.00    0.00   16.46    0.00    0.00    0.00   34.18
23:27:42       1    7.59    0.00   36.71    0.00    0.00   20.25    0.00    0.00    0.00   35.44
23:27:42       2    5.05    0.00   49.49    0.00    0.00   45.45    0.00    0.00    0.00    0.00
23:27:42       3   15.15    0.00    3.03    1.01    0.00    0.00    0.00    0.00    0.00   80.81

23:27:42     CPU    %usr   %nice    %sys %iowait    %irq   %soft  %steal  %guest  %gnice   %idle
23:27:43     all    5.11    0.28   30.40    0.00    0.00   21.02    0.00    0.00    0.00   43.18
23:27:43       0    7.89    0.00   34.21    0.00    0.00   18.42    0.00    0.00    0.00   39.47
23:27:43       1    5.19    0.00   37.66    0.00    0.00   18.18    0.00    0.00    0.00   38.96
23:27:43       2    5.00    0.00   49.00    0.00    0.00   46.00    0.00    0.00    0.00    0.00
23:27:43       3    3.03    1.01    3.03    0.00    0.00    0.00    0.00    0.00    0.00   92.93

23:27:43     CPU    %usr   %nice    %sys %iowait    %irq   %soft  %steal  %guest  %gnice   %idle
23:27:44     all    7.28    0.00   28.57    0.00    0.00   20.73    0.00    0.00    0.00   43.42
23:27:44       0    8.75    0.00   36.25    0.00    0.00   17.50    0.00    0.00    0.00   37.50
23:27:44       1   10.13    0.00   32.91    0.00    0.00   18.99    0.00    0.00    0.00   37.97
23:27:44       2    7.00    0.00   47.00    0.00    0.00   45.00    0.00    0.00    0.00    1.00
23:27:44       3    4.08    0.00    0.00    0.00    0.00    0.00    0.00    0.00    0.00   95.92

23:27:44     CPU    %usr   %nice    %sys %iowait    %irq   %soft  %steal  %guest  %gnice   %idle
23:27:45     all    6.48    0.00   29.30    0.00    0.00   21.41    0.00    0.00    0.00   42.82
23:27:45       0    8.86    0.00   35.44    0.00    0.00   18.99    0.00    0.00    0.00   36.71
23:27:45       1    7.79    0.00   35.06    0.00    0.00   18.18    0.00    0.00    0.00   38.96
23:27:45       2    5.00    0.00   48.00    0.00    0.00   47.00    0.00    0.00    0.00    0.00
23:27:45       3    5.05    0.00    1.01    0.00    0.00    0.00    0.00    0.00    0.00   93.94

23:27:45     CPU    %usr   %nice    %sys %iowait    %irq   %soft  %steal  %guest  %gnice   %idle
23:27:46     all    5.37    0.00   29.38    0.00    0.00   21.47    0.00    0.00    0.00   43.79
23:27:46       0    7.50    0.00   36.25    0.00    0.00   17.50    0.00    0.00    0.00   38.75
23:27:46       1    5.19    0.00   36.36    0.00    0.00   19.48    0.00    0.00    0.00   38.96
23:27:46       2    6.00    0.00   46.00    0.00    0.00   47.00    0.00    0.00    0.00    1.00
23:27:46       3    3.09    0.00    1.03    0.00    0.00    0.00    0.00    0.00    0.00   95.88

23:27:46     CPU    %usr   %nice    %sys %iowait    %irq   %soft  %steal  %guest  %gnice   %idle
23:27:47     all    5.60    0.00   28.29    0.00    0.00   22.69    0.00    0.00    0.00   43.42
23:27:47       0    6.41    0.00   33.33    0.00    0.00   21.79    0.00    0.00    0.00   38.46
23:27:47       1    7.50    0.00   33.75    0.00    0.00   21.25    0.00    0.00    0.00   37.50
23:27:47       2    6.00    0.00   47.00    0.00    0.00   47.00    0.00    0.00    0.00    0.00
23:27:47       3    3.03    0.00    1.01    0.00    0.00    0.00    0.00    0.00    0.00   95.96

23:27:47     CPU    %usr   %nice    %sys %iowait    %irq   %soft  %steal  %guest  %gnice   %idle
23:27:48     all    5.43    0.00   30.00    0.00    0.00   20.86    0.00    0.00    0.00   43.71
23:27:48       0    6.58    0.00   35.53    0.00    0.00   18.42    0.00    0.00    0.00   39.47
23:27:48       1    5.26    0.00   36.84    0.00    0.00   18.42    0.00    0.00    0.00   39.47
23:27:48       2    6.00    0.00   49.00    0.00    0.00   45.00    0.00    0.00    0.00    0.00
23:27:48       3    4.08    0.00    1.02    0.00    0.00    0.00    0.00    0.00    0.00   94.90

23:27:48     CPU    %usr   %nice    %sys %iowait    %irq   %soft  %steal  %guest  %gnice   %idle
23:27:49     all    5.67    0.00   28.33    0.00    0.00   21.81    0.00    0.00    0.00   44.19
23:27:49       0    6.49    0.00   35.06    0.00    0.00   19.48    0.00    0.00    0.00   38.96
23:27:49       1    7.79    0.00   35.06    0.00    0.00   16.88    0.00    0.00    0.00   40.26
23:27:49       2    5.94    0.00   45.54    0.00    0.00   48.51    0.00    0.00    0.00    0.00
23:27:49       3    3.06    0.00    0.00    0.00    0.00    0.00    0.00    0.00    0.00   96.94

23:27:49     CPU    %usr   %nice    %sys %iowait    %irq   %soft  %steal  %guest  %gnice   %idle
23:27:50     all    6.84    0.00   28.49    0.00    0.00   21.37    0.00    0.00    0.00   43.30
23:27:50       0    9.09    0.00   32.47    0.00    0.00   18.18    0.00    0.00    0.00   40.26
23:27:50       1    8.97    0.00   34.62    0.00    0.00   17.95    0.00    0.00    0.00   38.46
23:27:50       2    5.10    0.00   46.94    0.00    0.00   47.96    0.00    0.00    0.00    0.00
23:27:50       3    5.10    0.00    2.04    0.00    0.00    0.00    0.00    0.00    0.00   92.86

23:27:50     CPU    %usr   %nice    %sys %iowait    %irq   %soft  %steal  %guest  %gnice   %idle
23:27:51     all    6.65    0.00   29.36    0.00    0.00   21.05    0.00    0.00    0.00   42.94
23:27:51       0    7.50    0.00   37.50    0.00    0.00   17.50    0.00    0.00    0.00   37.50
23:27:51       1    7.50    0.00   36.25    0.00    0.00   18.75    0.00    0.00    0.00   37.50
23:27:51       2    6.86    0.00   46.08    0.00    0.00   46.08    0.00    0.00    0.00    0.98
23:27:51       3    5.05    0.00    0.00    0.00    0.00    0.00    0.00    0.00    0.00   94.95

23:27:51     CPU    %usr   %nice    %sys %iowait    %irq   %soft  %steal  %guest  %gnice   %idle
23:27:52     all    5.13    0.00   28.77    0.00    0.00   22.51    0.00    0.00    0.00   43.59
23:27:52       0    5.33    0.00   36.00    0.00    0.00   18.67    0.00    0.00    0.00   40.00
23:27:52       1    6.33    0.00   36.71    0.00    0.00   18.99    0.00    0.00    0.00   37.97
23:27:52       2    5.05    0.00   44.44    0.00    0.00   50.51    0.00    0.00    0.00    0.00
23:27:52       3    4.08    0.00    1.02    0.00    0.00    0.00    0.00    0.00    0.00   94.90

23:27:52     CPU    %usr   %nice    %sys %iowait    %irq   %soft  %steal  %guest  %gnice   %idle
23:27:53     all    5.70    0.00   29.91    0.00    0.00   20.51    0.00    0.00    0.00   43.87
23:27:53       0    6.58    0.00   34.21    0.00    0.00   19.74    0.00    0.00    0.00   39.47
23:27:53       1    7.79    0.00   37.66    0.00    0.00   15.58    0.00    0.00    0.00   38.96
23:27:53       2    6.00    0.00   49.00    0.00    0.00   45.00    0.00    0.00    0.00    0.00
23:27:53       3    3.06    0.00    1.02    0.00    0.00    0.00    0.00    0.00    0.00   95.92

23:27:53     CPU    %usr   %nice    %sys %iowait    %irq   %soft  %steal  %guest  %gnice   %idle
23:27:54     all    6.25    0.00   27.56    0.00    0.00   22.16    0.00    0.00    0.00   44.03
23:27:54       0    7.79    0.00   31.17    0.00    0.00   22.08    0.00    0.00    0.00   38.96
23:27:54       1    7.69    0.00   35.90    0.00    0.00   16.67    0.00    0.00    0.00   39.74
23:27:54       2    6.06    0.00   45.45    0.00    0.00   48.48    0.00    0.00    0.00    0.00
23:27:54       3    4.08    0.00    0.00    0.00    0.00    0.00    0.00    0.00    0.00   95.92
