Linux 7.0.0-31-generic (ubuntu) 	09/10/26 	_aarch64_	(4 CPU)

23:30:31     CPU    %usr   %nice    %sys %iowait    %irq   %soft  %steal  %guest  %gnice   %idle
23:30:32     all   25.62    0.55   30.85    0.28    0.00   17.63    0.00    0.00    0.00   25.07
23:30:32       0   29.55    0.00   30.68    0.00    0.00   15.91    0.00    0.00    0.00   23.86
23:30:32       1   19.05    1.19   39.29    0.00    0.00   16.67    0.00    0.00    0.00   23.81
23:30:32       2   15.46    0.00   44.33    0.00    0.00   37.11    0.00    0.00    0.00    3.09
23:30:32       3   38.30    1.06    9.57    1.06    0.00    0.00    0.00    0.00    0.00   50.00

23:30:32     CPU    %usr   %nice    %sys %iowait    %irq   %soft  %steal  %guest  %gnice   %idle
23:30:33     all    9.14    0.00   30.86    0.00    0.00   20.86    0.00    0.00    0.00   39.14
23:30:33       0    9.21    0.00   35.53    0.00    0.00   18.42    0.00    0.00    0.00   36.84
23:30:33       1    7.59    0.00   34.18    0.00    0.00   21.52    0.00    0.00    0.00   36.71
23:30:33       2    5.10    0.00   52.04    0.00    0.00   42.86    0.00    0.00    0.00    0.00
23:30:33       3   14.43    0.00    3.09    0.00    0.00    0.00    0.00    0.00    0.00   82.47

23:30:33     CPU    %usr   %nice    %sys %iowait    %irq   %soft  %steal  %guest  %gnice   %idle
23:30:34     all   10.56    0.00   30.00    0.00    0.00   20.56    0.00    0.00    0.00   38.89
23:30:34       0    8.86    0.00   35.44    0.00    0.00   18.99    0.00    0.00    0.00   36.71
23:30:34       1   12.05    0.00   34.94    0.00    0.00   18.07    0.00    0.00    0.00   34.94
23:30:34       2    6.06    0.00   48.48    0.00    0.00   44.44    0.00    0.00    0.00    1.01
23:30:34       3   15.15    0.00    3.03    0.00    0.00    0.00    0.00    0.00    0.00   81.82

23:30:34     CPU    %usr   %nice    %sys %iowait    %irq   %soft  %steal  %guest  %gnice   %idle
23:30:35     all    8.50    0.00   29.18    0.00    0.00   20.96    0.00    0.00    0.00   41.36
23:30:35       0   10.39    0.00   32.47    0.00    0.00   18.18    0.00    0.00    0.00   38.96
23:30:35       1    6.41    0.00   34.62    0.00    0.00   19.23    0.00    0.00    0.00   39.74
23:30:35       2    6.00    0.00   49.00    0.00    0.00   45.00    0.00    0.00    0.00    0.00
23:30:35       3   11.22    0.00    2.04    0.00    0.00    0.00    0.00    0.00    0.00   86.73

23:30:35     CPU    %usr   %nice    %sys %iowait    %irq   %soft  %steal  %guest  %gnice   %idle
23:30:36     all   15.19    0.00   31.22    0.00    0.00   20.44    0.00    0.00    0.00   33.15
23:30:36       0   16.87    0.00   33.73    0.00    0.00   19.28    0.00    0.00    0.00   30.12
23:30:36       1    7.32    0.00   39.02    0.00    0.00   19.51    0.00    0.00    0.00   34.15
23:30:36       2    7.00    0.00   49.00    0.00    0.00   42.00    0.00    0.00    0.00    2.00
23:30:36       3   28.87    0.00    4.12    0.00    0.00    0.00    0.00    0.00    0.00   67.01

23:30:36     CPU    %usr   %nice    %sys %iowait    %irq   %soft  %steal  %guest  %gnice   %idle
23:30:37     all    8.31    0.00   29.80    0.00    0.00   20.34    0.00    0.00    0.00   41.55
23:30:37       0   10.53    0.00   35.53    0.00    0.00   17.11    0.00    0.00    0.00   36.84
23:30:37       1    6.67    0.00   36.00    0.00    0.00   17.33    0.00    0.00    0.00   40.00
23:30:37       2    5.05    0.00   48.48    0.00    0.00   45.45    0.00    0.00    0.00    1.01
23:30:37       3   11.11    0.00    2.02    0.00    0.00    0.00    0.00    0.00    0.00   86.87

23:30:37     CPU    %usr   %nice    %sys %iowait    %irq   %soft  %steal  %guest  %gnice   %idle
23:30:38     all    8.89    0.00   28.33    0.00    0.00   20.83    0.00    0.00    0.00   41.94
23:30:38       0    7.50    0.00   35.00    0.00    0.00   22.50    0.00    0.00    0.00   35.00
23:30:38       1   17.28    0.00   32.10    0.00    0.00   16.05    0.00    0.00    0.00   34.57
23:30:38       2    8.00    0.00   47.00    0.00    0.00   44.00    0.00    0.00    0.00    1.00
23:30:38       3    4.04    0.00    1.01    0.00    0.00    0.00    0.00    0.00    0.00   94.95

23:30:38     CPU    %usr   %nice    %sys %iowait    %irq   %soft  %steal  %guest  %gnice   %idle
23:30:39     all    6.21    0.00   28.81    0.00    0.00   21.47    0.00    0.00    0.00   43.50
23:30:39       0    7.69    0.00   34.62    0.00    0.00   19.23    0.00    0.00    0.00   38.46
23:30:39       1    8.86    0.00   34.18    0.00    0.00   18.99    0.00    0.00    0.00   37.97
23:30:39       2    6.00    0.00   48.00    0.00    0.00   46.00    0.00    0.00    0.00    0.00
23:30:39       3    3.09    0.00    0.00    0.00    0.00    0.00    0.00    0.00    0.00   96.91

23:30:39     CPU    %usr   %nice    %sys %iowait    %irq   %soft  %steal  %guest  %gnice   %idle
23:30:40     all    6.42    0.28   29.61    0.00    0.00   21.51    0.00    0.00    0.00   42.18
23:30:40       0    8.86    0.00   35.44    0.00    0.00   17.72    0.00    0.00    0.00   37.97
23:30:40       1    7.50    0.00   33.75    0.00    0.00   21.25    0.00    0.00    0.00   37.50
23:30:40       2    6.00    0.00   47.00    0.00    0.00   46.00    0.00    0.00    0.00    1.00
23:30:40       3    4.04    1.01    4.04    0.00    0.00    0.00    0.00    0.00    0.00   90.91

23:30:40     CPU    %usr   %nice    %sys %iowait    %irq   %soft  %steal  %guest  %gnice   %idle
23:30:41     all    7.98    0.00   28.21    0.00    0.00   21.37    0.00    0.00    0.00   42.45
23:30:41       0   10.26    0.00   33.33    0.00    0.00   19.23    0.00    0.00    0.00   37.18
23:30:41       1    9.21    0.00   31.58    0.00    0.00   19.74    0.00    0.00    0.00   39.47
23:30:41       2    5.05    0.00   49.49    0.00    0.00   45.45    0.00    0.00    0.00    0.00
23:30:41       3    8.16    0.00    0.00    0.00    0.00    0.00    0.00    0.00    0.00   91.84

23:30:41     CPU    %usr   %nice    %sys %iowait    %irq   %soft  %steal  %guest  %gnice   %idle
23:30:42     all    7.84    0.56   28.57    0.00    0.00   21.29    0.00    0.00    0.00   41.74
23:30:42       0   10.26    0.00   33.33    0.00    0.00   19.23    0.00    0.00    0.00   37.18
23:30:42       1    7.79    0.00   33.77    0.00    0.00   19.48    0.00    0.00    0.00   38.96
23:30:42       2    6.86    0.00   47.06    0.00    0.00   45.10    0.00    0.00    0.00    0.98
23:30:42       3    7.00    2.00    2.00    0.00    0.00    0.00    0.00    0.00    0.00   89.00

23:30:42     CPU    %usr   %nice    %sys %iowait    %irq   %soft  %steal  %guest  %gnice   %idle
23:30:43     all    6.53    0.00   30.68    0.00    0.00   20.74    0.00    0.00    0.00   42.05
23:30:43       0    6.58    0.00   35.53    0.00    0.00   19.74    0.00    0.00    0.00   38.16
23:30:43       1    7.59    0.00   36.71    0.00    0.00   17.72    0.00    0.00    0.00   37.97
23:30:43       2    5.05    0.00   50.51    0.00    0.00   44.44    0.00    0.00    0.00    0.00
23:30:43       3    7.14    0.00    2.04    0.00    0.00    0.00    0.00    0.00    0.00   90.82

23:30:43     CPU    %usr   %nice    %sys %iowait    %irq   %soft  %steal  %guest  %gnice   %idle
23:30:44     all    6.13    0.00   29.25    0.00    0.00   22.84    0.00    0.00    0.00   41.78
23:30:44       0    6.17    0.00   37.04    0.00    0.00   19.75    0.00    0.00    0.00   37.04
23:30:44       1    7.50    0.00   35.00    0.00    0.00   20.00    0.00    0.00    0.00   37.50
23:30:44       2    4.04    0.00   45.45    0.00    0.00   50.51    0.00    0.00    0.00    0.00
23:30:44       3    7.07    0.00    2.02    0.00    0.00    0.00    0.00    0.00    0.00   90.91

23:30:44     CPU    %usr   %nice    %sys %iowait    %irq   %soft  %steal  %guest  %gnice   %idle
23:30:45     all    7.58    0.00   28.09    0.00    0.00   22.47    0.00    0.00    0.00   41.85
23:30:45       0    8.97    0.00   32.05    0.00    0.00   20.51    0.00    0.00    0.00   38.46
23:30:45       1    6.25    0.00   35.00    0.00    0.00   20.00    0.00    0.00    0.00   38.75
23:30:45       2    5.00    0.00   46.00    0.00    0.00   48.00    0.00    0.00    0.00    1.00
23:30:45       3   10.20    0.00    1.02    0.00    0.00    0.00    0.00    0.00    0.00   88.78

23:30:45     CPU    %usr   %nice    %sys %iowait    %irq   %soft  %steal  %guest  %gnice   %idle
23:30:46     all    6.70    0.00   29.33    0.28    0.00   21.51    0.00    0.00    0.00   42.18
23:30:46       0    7.41    0.00   35.80    0.00    0.00   19.75    0.00    0.00    0.00   37.04
23:30:46       1   10.00    0.00   35.00    0.00    0.00   17.50    0.00    0.00    0.00   37.50
23:30:46       2    5.00    0.00   47.00    0.00    0.00   47.00    0.00    0.00    0.00    1.00
23:30:46       3    5.15    0.00    1.03    1.03    0.00    0.00    0.00    0.00    0.00   92.78

23:30:46     CPU    %usr   %nice    %sys %iowait    %irq   %soft  %steal  %guest  %gnice   %idle
23:30:47     all    7.67    0.00   28.41    0.00    0.00   21.31    0.00    0.00    0.00   42.61
23:30:47       0    7.79    0.00   35.06    0.00    0.00   18.18    0.00    0.00    0.00   38.96
23:30:47       1    7.89    0.00   31.58    0.00    0.00   21.05    0.00    0.00    0.00   39.47
23:30:47       2    7.00    0.00   48.00    0.00    0.00   45.00    0.00    0.00    0.00    0.00
23:30:47       3    8.08    0.00    1.01    0.00    0.00    0.00    0.00    0.00    0.00   90.91

23:30:47     CPU    %usr   %nice    %sys %iowait    %irq   %soft  %steal  %guest  %gnice   %idle
23:30:48     all    9.40    0.00   28.77    0.00    0.00   20.23    0.00    0.00    0.00   41.60
23:30:48       0   13.33    0.00   32.00    0.00    0.00   16.00    0.00    0.00    0.00   38.67
23:30:48       1    7.69    0.00   37.18    0.00    0.00   17.95    0.00    0.00    0.00   37.18
23:30:48       2    6.93    0.00   47.52    0.00    0.00   44.55    0.00    0.00    0.00    0.99
23:30:48       3   10.31    0.00    0.00    0.00    0.00    0.00    0.00    0.00    0.00   89.69

23:30:48     CPU    %usr   %nice    %sys %iowait    %irq   %soft  %steal  %guest  %gnice   %idle
23:30:49     all    5.90    0.00   28.09    0.00    0.00   21.63    0.00    0.00    0.00   44.38
23:30:49       0    8.86    0.00   32.91    0.00    0.00   18.99    0.00    0.00    0.00   39.24
23:30:49       1    6.33    0.00   34.18    0.00    0.00   20.25    0.00    0.00    0.00   39.24
23:30:49       2    7.07    0.00   46.46    0.00    0.00   46.46    0.00    0.00    0.00    0.00
23:30:49       3    2.02    0.00    1.01    0.00    0.00    0.00    0.00    0.00    0.00   96.97

23:30:49     CPU    %usr   %nice    %sys %iowait    %irq   %soft  %steal  %guest  %gnice   %idle
23:30:50     all    6.98    0.28   28.77    0.00    0.00   21.51    0.00    0.00    0.00   42.46
23:30:50       0    7.59    0.00   34.18    0.00    0.00   20.25    0.00    0.00    0.00   37.97
23:30:50       1   10.00    1.25   32.50    0.00    0.00   20.00    0.00    0.00    0.00   36.25
23:30:50       2    5.00    0.00   49.00    0.00    0.00   45.00    0.00    0.00    0.00    1.00
23:30:50       3    6.06    0.00    1.01    0.00    0.00    0.00    0.00    0.00    0.00   92.93

23:30:50     CPU    %usr   %nice    %sys %iowait    %irq   %soft  %steal  %guest  %gnice   %idle
23:30:51     all    5.68    0.00   30.11    0.00    0.00   20.45    0.00    0.00    0.00   43.75
23:30:51       0    6.41    0.00   37.18    0.00    0.00   17.95    0.00    0.00    0.00   38.46
23:30:51       1    6.58    0.00   38.16    0.00    0.00   15.79    0.00    0.00    0.00   39.47
23:30:51       2    6.93    0.00   47.52    0.00    0.00   45.54    0.00    0.00    0.00    0.00
23:30:51       3    3.09    0.00    0.00    0.00    0.00    0.00    0.00    0.00    0.00   96.91
