Linux 7.0.0-31-generic (ubuntu) 	09/10/26 	_aarch64_	(4 CPU)

23:29:25     CPU    %usr   %nice    %sys %iowait    %irq   %soft  %steal  %guest  %gnice   %idle
23:29:26     all    4.76    0.28   33.33    0.00    0.00   18.21    0.00    0.00    0.00   43.42
23:29:26       0    5.13    0.00   41.03    0.00    0.00   15.38    0.00    0.00    0.00   38.46
23:29:26       1    8.64    0.00   38.27    0.00    0.00   14.81    0.00    0.00    0.00   38.27
23:29:26       2    5.00    0.00   54.00    0.00    0.00   41.00    0.00    0.00    0.00    0.00
23:29:26       3    1.02    1.02    2.04    0.00    0.00    0.00    0.00    0.00    0.00   95.92

23:29:26     CPU    %usr   %nice    %sys %iowait    %irq   %soft  %steal  %guest  %gnice   %idle
23:29:27     all    3.66    0.00   32.11    0.00    0.00   19.44    0.00    0.00    0.00   44.79
23:29:27       0    5.13    0.00   39.74    0.00    0.00   16.67    0.00    0.00    0.00   38.46
23:29:27       1    3.85    0.00   39.74    0.00    0.00   16.67    0.00    0.00    0.00   39.74
23:29:27       2    5.00    0.00   52.00    0.00    0.00   43.00    0.00    0.00    0.00    0.00
23:29:27       3    1.01    0.00    0.00    0.00    0.00    0.00    0.00    0.00    0.00   98.99

23:29:27     CPU    %usr   %nice    %sys %iowait    %irq   %soft  %steal  %guest  %gnice   %idle
23:29:28     all    4.27    0.00   30.77    0.00    0.00   18.80    0.00    0.00    0.00   46.15
23:29:28       0    5.26    0.00   36.84    0.00    0.00   15.79    0.00    0.00    0.00   42.11
23:29:28       1    5.26    0.00   35.53    0.00    0.00   17.11    0.00    0.00    0.00   42.11
23:29:28       2    6.00    0.00   53.00    0.00    0.00   41.00    0.00    0.00    0.00    0.00
23:29:28       3    1.01    0.00    0.00    0.00    0.00    0.00    0.00    0.00    0.00   98.99

23:29:28     CPU    %usr   %nice    %sys %iowait    %irq   %soft  %steal  %guest  %gnice   %idle
23:29:29     all    4.49    0.00   31.46    0.00    0.00   19.38    0.00    0.00    0.00   44.66
23:29:29       0    5.13    0.00   42.31    0.00    0.00   14.10    0.00    0.00    0.00   38.46
23:29:29       1    6.33    0.00   37.97    0.00    0.00   16.46    0.00    0.00    0.00   39.24
23:29:29       2    6.00    0.00   49.00    0.00    0.00   45.00    0.00    0.00    0.00    0.00
23:29:29       3    1.01    0.00    0.00    0.00    0.00    0.00    0.00    0.00    0.00   98.99

23:29:29     CPU    %usr   %nice    %sys %iowait    %irq   %soft  %steal  %guest  %gnice   %idle
23:29:30     all    4.46    0.00   30.92    0.28    0.00   19.78    0.00    0.00    0.00   44.57
23:29:30       0    7.50    0.00   35.00    0.00    0.00   18.75    0.00    0.00    0.00   38.75
23:29:30       1    6.33    0.00   37.97    0.00    0.00   16.46    0.00    0.00    0.00   39.24
23:29:30       2    4.00    0.00   53.00    0.00    0.00   43.00    0.00    0.00    0.00    0.00
23:29:30       3    1.00    0.00    0.00    1.00    0.00    0.00    0.00    0.00    0.00   98.00

23:29:30     CPU    %usr   %nice    %sys %iowait    %irq   %soft  %steal  %guest  %gnice   %idle
23:29:31     all    3.95    0.00   31.36    0.00    0.00   19.49    0.00    0.00    0.00   45.20
23:29:31       0    5.06    0.00   37.97    0.00    0.00   18.99    0.00    0.00    0.00   37.97
23:29:31       1    6.49    0.00   38.96    0.00    0.00   12.99    0.00    0.00    0.00   41.56
23:29:31       2    5.05    0.00   50.51    0.00    0.00   44.44    0.00    0.00    0.00    0.00
23:29:31       3    0.00    0.00    1.01    0.00    0.00    0.00    0.00    0.00    0.00   98.99

23:29:31     CPU    %usr   %nice    %sys %iowait    %irq   %soft  %steal  %guest  %gnice   %idle
23:29:32     all    4.47    0.00   31.56    0.00    0.00   19.27    0.00    0.00    0.00   44.69
23:29:32       0    7.69    0.00   37.18    0.00    0.00   15.38    0.00    0.00    0.00   39.74
23:29:32       1    7.41    0.00   38.27    0.00    0.00   16.05    0.00    0.00    0.00   38.27
23:29:32       2    3.00    0.00   53.00    0.00    0.00   44.00    0.00    0.00    0.00    0.00
23:29:32       3    1.01    0.00    0.00    0.00    0.00    0.00    0.00    0.00    0.00   98.99

23:29:32     CPU    %usr   %nice    %sys %iowait    %irq   %soft  %steal  %guest  %gnice   %idle
23:29:33     all    4.49    0.00   31.18    0.00    0.00   19.10    0.00    0.00    0.00   45.22
23:29:33       0    6.33    0.00   39.24    0.00    0.00   15.19    0.00    0.00    0.00   39.24
23:29:33       1    5.19    0.00   37.66    0.00    0.00   16.88    0.00    0.00    0.00   40.26
23:29:33       2    5.94    0.00   50.50    0.00    0.00   42.57    0.00    0.00    0.00    0.99
23:29:33       3    1.01    0.00    0.00    0.00    0.00    0.00    0.00    0.00    0.00   98.99

23:29:33     CPU    %usr   %nice    %sys %iowait    %irq   %soft  %steal  %guest  %gnice   %idle
23:29:34     all    4.78    0.00   30.62    0.00    0.00   20.22    0.00    0.00    0.00   44.38
23:29:34       0    6.33    0.00   39.24    0.00    0.00   16.46    0.00    0.00    0.00   37.97
23:29:34       1    6.49    0.00   35.06    0.00    0.00   18.18    0.00    0.00    0.00   40.26
23:29:34       2    5.94    0.00   49.50    0.00    0.00   44.55    0.00    0.00    0.00    0.00
23:29:34       3    1.01    0.00    1.01    0.00    0.00    0.00    0.00    0.00    0.00   97.98

23:29:34     CPU    %usr   %nice    %sys %iowait    %irq   %soft  %steal  %guest  %gnice   %idle
23:29:35     all    4.52    0.00   30.79    0.00    0.00   19.49    0.00    0.00    0.00   45.20
23:29:35       0    6.33    0.00   37.97    0.00    0.00   16.46    0.00    0.00    0.00   39.24
23:29:35       1    5.19    0.00   37.66    0.00    0.00   16.88    0.00    0.00    0.00   40.26
23:29:35       2    6.06    0.00   50.51    0.00    0.00   43.43    0.00    0.00    0.00    0.00
23:29:35       3    1.01    0.00    0.00    0.00    0.00    0.00    0.00    0.00    0.00   98.99

23:29:35     CPU    %usr   %nice    %sys %iowait    %irq   %soft  %steal  %guest  %gnice   %idle
23:29:36     all    4.23    0.00   31.83    0.00    0.00   19.44    0.00    0.00    0.00   44.51
23:29:36       0    5.13    0.00   41.03    0.00    0.00   15.38    0.00    0.00    0.00   38.46
23:29:36       1    7.59    0.00   36.71    0.00    0.00   17.72    0.00    0.00    0.00   37.97
23:29:36       2    5.00    0.00   52.00    0.00    0.00   43.00    0.00    0.00    0.00    0.00
23:29:36       3    0.00    0.00    0.00    0.00    0.00    0.00    0.00    0.00    0.00  100.00

23:29:36     CPU    %usr   %nice    %sys %iowait    %irq   %soft  %steal  %guest  %gnice   %idle
23:29:37     all    4.24    0.00   31.64    0.00    0.00   18.93    0.00    0.00    0.00   45.20
23:29:37       0    7.41    0.00   38.27    0.00    0.00   16.05    0.00    0.00    0.00   38.27
23:29:37       1    4.00    0.00   38.67    0.00    0.00   16.00    0.00    0.00    0.00   41.33
23:29:37       2    5.05    0.00   52.53    0.00    0.00   42.42    0.00    0.00    0.00    0.00
23:29:37       3    1.01    0.00    0.00    0.00    0.00    0.00    0.00    0.00    0.00   98.99

23:29:37     CPU    %usr   %nice    %sys %iowait    %irq   %soft  %steal  %guest  %gnice   %idle
23:29:38     all    4.14    0.00   31.49    0.00    0.00   20.17    0.00    0.00    0.00   44.20
23:29:38       0    5.00    0.00   40.00    0.00    0.00   17.50    0.00    0.00    0.00   37.50
23:29:38       1    6.10    0.00   37.80    0.00    0.00   17.07    0.00    0.00    0.00   39.02
23:29:38       2    4.95    0.00   50.50    0.00    0.00   44.55    0.00    0.00    0.00    0.00
23:29:38       3    1.01    0.00    0.00    0.00    0.00    0.00    0.00    0.00    0.00   98.99

23:29:38     CPU    %usr   %nice    %sys %iowait    %irq   %soft  %steal  %guest  %gnice   %idle
23:29:39     all    4.84    0.00   31.34    0.00    0.00   18.23    0.00    0.00    0.00   45.58
23:29:39       0    7.89    0.00   36.84    0.00    0.00   14.47    0.00    0.00    0.00   40.79
23:29:39       1    5.33    0.00   37.33    0.00    0.00   16.00    0.00    0.00    0.00   41.33
23:29:39       2    6.00    0.00   53.00    0.00    0.00   41.00    0.00    0.00    0.00    0.00
23:29:39       3    1.00    0.00    1.00    0.00    0.00    0.00    0.00    0.00    0.00   98.00

23:29:39     CPU    %usr   %nice    %sys %iowait    %irq   %soft  %steal  %guest  %gnice   %idle
23:29:40     all    4.23    0.00   31.27    0.00    0.00   19.15    0.00    0.00    0.00   45.35
23:29:40       0    5.26    0.00   38.16    0.00    0.00   15.79    0.00    0.00    0.00   40.79
23:29:40       1    5.00    0.00   38.75    0.00    0.00   16.25    0.00    0.00    0.00   40.00
23:29:40       2    6.00    0.00   51.00    0.00    0.00   43.00    0.00    0.00    0.00    0.00
23:29:40       3    1.01    0.00    0.00    0.00    0.00    0.00    0.00    0.00    0.00   98.99

23:29:40     CPU    %usr   %nice    %sys %iowait    %irq   %soft  %steal  %guest  %gnice   %idle
23:29:41     all    3.97    0.00   31.73    0.00    0.00   19.26    0.00    0.00    0.00   45.04
23:29:41       0    5.06    0.00   41.77    0.00    0.00   15.19    0.00    0.00    0.00   37.97
23:29:41       1    6.49    0.00   33.77    0.00    0.00   19.48    0.00    0.00    0.00   40.26
23:29:41       2    5.05    0.00   53.54    0.00    0.00   41.41    0.00    0.00    0.00    0.00
23:29:41       3    0.00    0.00    0.00    0.00    0.00    0.00    0.00    0.00    0.00  100.00

23:29:41     CPU    %usr   %nice    %sys %iowait    %irq   %soft  %steal  %guest  %gnice   %idle
23:29:42     all    4.20    0.28   31.09    0.00    0.00   19.33    0.00    0.00    0.00   45.10
23:29:42       0    7.79    0.00   36.36    0.00    0.00   15.58    0.00    0.00    0.00   40.26
23:29:42       1    5.00    0.00   40.00    0.00    0.00   15.00    0.00    0.00    0.00   40.00
23:29:42       2    4.95    0.00   50.50    0.00    0.00   44.55    0.00    0.00    0.00    0.00
23:29:42       3    0.00    1.01    0.00    0.00    0.00    0.00    0.00    0.00    0.00   98.99

23:29:42     CPU    %usr   %nice    %sys %iowait    %irq   %soft  %steal  %guest  %gnice   %idle
23:29:43     all    4.24    0.00   31.07    0.00    0.00   19.49    0.00    0.00    0.00   45.20
23:29:43       0    5.13    0.00   39.74    0.00    0.00   15.38    0.00    0.00    0.00   39.74
23:29:43       1    5.19    0.00   38.96    0.00    0.00   15.58    0.00    0.00    0.00   40.26
23:29:43       2    6.00    0.00   49.00    0.00    0.00   45.00    0.00    0.00    0.00    0.00
23:29:43       3    1.01    0.00    0.00    0.00    0.00    0.00    0.00    0.00    0.00   98.99

23:29:43     CPU    %usr   %nice    %sys %iowait    %irq   %soft  %steal  %guest  %gnice   %idle
23:29:44     all    4.23    0.00   30.70    0.00    0.00   20.28    0.00    0.00    0.00   44.79
23:29:44       0    3.95    0.00   38.16    0.00    0.00   17.11    0.00    0.00    0.00   40.79
23:29:44       1    7.50    0.00   36.25    0.00    0.00   17.50    0.00    0.00    0.00   38.75
23:29:44       2    5.00    0.00   50.00    0.00    0.00   45.00    0.00    0.00    0.00    0.00
23:29:44       3    1.01    0.00    1.01    0.00    0.00    0.00    0.00    0.00    0.00   97.98

23:29:44     CPU    %usr   %nice    %sys %iowait    %irq   %soft  %steal  %guest  %gnice   %idle
23:29:45     all    4.25    0.00   31.73    0.00    0.00   18.70    0.00    0.00    0.00   45.33
23:29:45       0    6.49    0.00   38.96    0.00    0.00   15.58    0.00    0.00    0.00   38.96
23:29:45       1    5.19    0.00   38.96    0.00    0.00   14.29    0.00    0.00    0.00   41.56
23:29:45       2    5.00    0.00   52.00    0.00    0.00   43.00    0.00    0.00    0.00    0.00
23:29:45       3    1.01    0.00    0.00    0.00    0.00    0.00    0.00    0.00    0.00   98.99
