Linux 7.0.0-31-generic (ubuntu) 	09/10/26 	_aarch64_	(4 CPU)

23:29:03     CPU    %usr   %nice    %sys %iowait    %irq   %soft  %steal  %guest  %gnice   %idle
23:29:04     all    6.18    0.00   32.87    0.00    0.00   18.54    0.00    0.00    0.00   42.42
23:29:04       0    6.25    0.00   38.75    0.00    0.00   17.50    0.00    0.00    0.00   37.50
23:29:04       1    7.50    0.00   40.00    0.00    0.00   13.75    0.00    0.00    0.00   38.75
23:29:04       2    4.08    0.00   53.06    0.00    0.00   41.84    0.00    0.00    0.00    1.02
23:29:04       3    7.14    0.00    2.04    0.00    0.00    0.00    0.00    0.00    0.00   90.82

23:29:04     CPU    %usr   %nice    %sys %iowait    %irq   %soft  %steal  %guest  %gnice   %idle
23:29:05     all   20.77    0.00   31.69    0.00    0.00   18.31    0.00    0.00    0.00   29.23
23:29:05       0   20.73    0.00   35.37    0.00    0.00   15.85    0.00    0.00    0.00   28.05
23:29:05       1   18.60    0.00   38.37    0.00    0.00   15.12    0.00    0.00    0.00   27.91
23:29:05       2    7.07    0.00   50.51    0.00    0.00   40.40    0.00    0.00    0.00    2.02
23:29:05       3   36.36    0.00    4.04    0.00    0.00    1.01    0.00    0.00    0.00   58.59

23:29:05     CPU    %usr   %nice    %sys %iowait    %irq   %soft  %steal  %guest  %gnice   %idle
23:29:06     all    7.91    0.00   30.51    0.00    0.00   18.93    0.00    0.00    0.00   42.66
23:29:06       0    7.69    0.00   37.18    0.00    0.00   15.38    0.00    0.00    0.00   39.74
23:29:06       1    9.09    0.00   36.36    0.00    0.00   14.29    0.00    0.00    0.00   40.26
23:29:06       2    5.94    0.00   49.50    0.00    0.00   43.56    0.00    0.00    0.00    0.99
23:29:06       3    9.18    0.00    1.02    0.00    0.00    0.00    0.00    0.00    0.00   89.80

23:29:06     CPU    %usr   %nice    %sys %iowait    %irq   %soft  %steal  %guest  %gnice   %idle
23:29:07     all    5.35    0.00   30.99    0.00    0.00   20.00    0.00    0.00    0.00   43.66
23:29:07       0    6.49    0.00   37.66    0.00    0.00   16.88    0.00    0.00    0.00   38.96
23:29:07       1    6.25    0.00   37.50    0.00    0.00   16.25    0.00    0.00    0.00   40.00
23:29:07       2    4.00    0.00   51.00    0.00    0.00   45.00    0.00    0.00    0.00    0.00
23:29:07       3    5.10    0.00    0.00    0.00    0.00    0.00    0.00    0.00    0.00   94.90

23:29:07     CPU    %usr   %nice    %sys %iowait    %irq   %soft  %steal  %guest  %gnice   %idle
23:29:08     all    5.03    0.00   31.28    0.00    0.00   19.55    0.00    0.00    0.00   44.13
23:29:08       0    7.59    0.00   37.97    0.00    0.00   15.19    0.00    0.00    0.00   39.24
23:29:08       1    5.06    0.00   37.97    0.00    0.00   17.72    0.00    0.00    0.00   39.24
23:29:08       2    4.04    0.00   51.52    0.00    0.00   44.44    0.00    0.00    0.00    0.00
23:29:08       3    3.96    0.00    0.99    0.00    0.00    0.00    0.00    0.00    0.00   95.05

23:29:08     CPU    %usr   %nice    %sys %iowait    %irq   %soft  %steal  %guest  %gnice   %idle
23:29:09     all   12.01    0.00   33.80    0.00    0.00   18.16    0.00    0.00    0.00   36.03
23:29:09       0   11.11    0.00   38.27    0.00    0.00   17.28    0.00    0.00    0.00   33.33
23:29:09       1   13.75    0.00   37.50    0.00    0.00   15.00    0.00    0.00    0.00   33.75
23:29:09       2    6.00    0.00   54.00    0.00    0.00   39.00    0.00    0.00    0.00    1.00
23:29:09       3   17.53    0.00    6.19    0.00    0.00    0.00    0.00    0.00    0.00   76.29

23:29:09     CPU    %usr   %nice    %sys %iowait    %irq   %soft  %steal  %guest  %gnice   %idle
23:29:10     all    6.94    0.00   32.50    0.00    0.00   18.89    0.00    0.00    0.00   41.67
23:29:10       0    7.23    0.00   39.76    0.00    0.00   16.87    0.00    0.00    0.00   36.14
23:29:10       1    6.33    0.00   39.24    0.00    0.00   15.19    0.00    0.00    0.00   39.24
23:29:10       2    5.05    0.00   52.53    0.00    0.00   42.42    0.00    0.00    0.00    0.00
23:29:10       3    9.09    0.00    1.01    0.00    0.00    0.00    0.00    0.00    0.00   89.90

23:29:10     CPU    %usr   %nice    %sys %iowait    %irq   %soft  %steal  %guest  %gnice   %idle
23:29:11     all   10.58    0.00   31.48    0.00    0.00   18.11    0.00    0.00    0.00   39.83
23:29:11       0   11.25    0.00   38.75    0.00    0.00   15.00    0.00    0.00    0.00   35.00
23:29:11       1   12.50    0.00   36.25    0.00    0.00   13.75    0.00    0.00    0.00   37.50
23:29:11       2    4.95    0.00   51.49    0.00    0.00   41.58    0.00    0.00    0.00    1.98
23:29:11       3   14.29    0.00    1.02    0.00    0.00    0.00    0.00    0.00    0.00   84.69

23:29:11     CPU    %usr   %nice    %sys %iowait    %irq   %soft  %steal  %guest  %gnice   %idle
23:29:12     all    5.03    0.00   31.84    0.00    0.00   19.55    0.00    0.00    0.00   43.58
23:29:12       0    6.41    0.00   38.46    0.00    0.00   16.67    0.00    0.00    0.00   38.46
23:29:12       1    6.17    0.00   38.27    0.00    0.00   17.28    0.00    0.00    0.00   38.27
23:29:12       2    5.00    0.00   52.00    0.00    0.00   43.00    0.00    0.00    0.00    0.00
23:29:12       3    3.03    0.00    1.01    0.00    0.00    0.00    0.00    0.00    0.00   95.96

23:29:12     CPU    %usr   %nice    %sys %iowait    %irq   %soft  %steal  %guest  %gnice   %idle
23:29:13     all    4.83    0.00   31.53    0.00    0.00   19.32    0.00    0.00    0.00   44.32
23:29:13       0    6.33    0.00   39.24    0.00    0.00   16.46    0.00    0.00    0.00   37.97
23:29:13       1    6.58    0.00   36.84    0.00    0.00   15.79    0.00    0.00    0.00   40.79
23:29:13       2    5.05    0.00   51.52    0.00    0.00   43.43    0.00    0.00    0.00    0.00
23:29:13       3    2.04    0.00    1.02    0.00    0.00    0.00    0.00    0.00    0.00   96.94

23:29:13     CPU    %usr   %nice    %sys %iowait    %irq   %soft  %steal  %guest  %gnice   %idle
23:29:14     all   11.27    0.00   30.70    0.00    0.00   18.87    0.00    0.00    0.00   39.15
23:29:14       0   10.26    0.00   38.46    0.00    0.00   15.38    0.00    0.00    0.00   35.90
23:29:14       1   15.58    0.00   33.77    0.00    0.00   15.58    0.00    0.00    0.00   35.06
23:29:14       2    4.95    0.00   51.49    0.00    0.00   42.57    0.00    0.00    0.00    0.99
23:29:14       3   15.15    0.00    1.01    0.00    0.00    0.00    0.00    0.00    0.00   83.84

23:29:14     CPU    %usr   %nice    %sys %iowait    %irq   %soft  %steal  %guest  %gnice   %idle
23:29:15     all   10.73    0.00   32.77    0.00    0.00   18.64    0.00    0.00    0.00   37.85
23:29:15       0    8.75    0.00   38.75    0.00    0.00   15.00    0.00    0.00    0.00   37.50
23:29:15       1    7.23    0.00   40.96    0.00    0.00   15.66    0.00    0.00    0.00   36.14
23:29:15       2    5.21    0.00   51.04    0.00    0.00   42.71    0.00    0.00    0.00    1.04
23:29:15       3   21.05    0.00    2.11    0.00    0.00    0.00    0.00    0.00    0.00   76.84

23:29:15     CPU    %usr   %nice    %sys %iowait    %irq   %soft  %steal  %guest  %gnice   %idle
23:29:16     all    7.54    0.00   32.12    0.00    0.00   19.55    0.00    0.00    0.00   40.78
23:29:16       0    7.41    0.00   35.80    0.00    0.00   18.52    0.00    0.00    0.00   38.27
23:29:16       1    7.23    0.00   40.96    0.00    0.00   14.46    0.00    0.00    0.00   37.35
23:29:16       2    4.08    0.00   52.04    0.00    0.00   43.88    0.00    0.00    0.00    0.00
23:29:16       3   11.46    0.00    1.04    0.00    0.00    0.00    0.00    0.00    0.00   87.50

23:29:16     CPU    %usr   %nice    %sys %iowait    %irq   %soft  %steal  %guest  %gnice   %idle
23:29:17     all    5.31    0.00   32.12    0.00    0.00   18.99    0.00    0.00    0.00   43.58
23:29:17       0    7.69    0.00   37.18    0.00    0.00   16.67    0.00    0.00    0.00   38.46
23:29:17       1    6.33    0.00   37.97    0.00    0.00   16.46    0.00    0.00    0.00   39.24
23:29:17       2    4.90    0.00   53.92    0.00    0.00   41.18    0.00    0.00    0.00    0.00
23:29:17       3    3.03    0.00    1.01    0.00    0.00    0.00    0.00    0.00    0.00   95.96

23:29:17     CPU    %usr   %nice    %sys %iowait    %irq   %soft  %steal  %guest  %gnice   %idle
23:29:18     all    5.57    0.00   31.75    0.00    0.00   18.38    0.00    0.00    0.00   44.29
23:29:18       0    6.02    0.00   40.96    0.00    0.00   15.66    0.00    0.00    0.00   37.35
23:29:18       1    7.69    0.00   38.46    0.00    0.00   12.82    0.00    0.00    0.00   41.03
23:29:18       2    5.05    0.00   50.51    0.00    0.00   43.43    0.00    0.00    0.00    1.01
23:29:18       3    4.04    0.00    0.00    0.00    0.00    0.00    0.00    0.00    0.00   95.96

23:29:18     CPU    %usr   %nice    %sys %iowait    %irq   %soft  %steal  %guest  %gnice   %idle
23:29:19     all   15.98    0.00   33.61    0.00    0.00   18.18    0.00    0.00    0.00   32.23
23:29:19       0   11.90    0.00   41.67    0.00    0.00   14.29    0.00    0.00    0.00   32.14
23:29:19       1    9.88    0.00   38.27    0.00    0.00   16.05    0.00    0.00    0.00   35.80
23:29:19       2    5.00    0.00   53.00    0.00    0.00   41.00    0.00    0.00    0.00    1.00
23:29:19       3   35.71    0.00    3.06    0.00    0.00    0.00    0.00    0.00    0.00   61.22

23:29:19     CPU    %usr   %nice    %sys %iowait    %irq   %soft  %steal  %guest  %gnice   %idle
23:29:20     all   20.66    0.00   31.40    0.00    0.00   17.08    0.00    0.00    0.00   30.85
23:29:20       0   22.89    0.00   34.94    0.00    0.00   13.25    0.00    0.00    0.00   28.92
23:29:20       1   14.46    0.00   39.76    0.00    0.00   14.46    0.00    0.00    0.00   31.33
23:29:20       2   10.20    0.00   48.98    0.00    0.00   39.80    0.00    0.00    0.00    1.02
23:29:20       3   34.34    0.00    4.04    0.00    0.00    0.00    0.00    0.00    0.00   61.62

23:29:20     CPU    %usr   %nice    %sys %iowait    %irq   %soft  %steal  %guest  %gnice   %idle
23:29:21     all    8.68    0.00   29.69    0.00    0.00   19.05    0.00    0.00    0.00   42.58
23:29:21       0   12.66    0.00   35.44    0.00    0.00   15.19    0.00    0.00    0.00   36.71
23:29:21       1    7.69    0.00   37.18    0.00    0.00   15.38    0.00    0.00    0.00   39.74
23:29:21       2    7.92    0.00   48.51    0.00    0.00   43.56    0.00    0.00    0.00    0.00
23:29:21       3    7.07    0.00    0.00    0.00    0.00    0.00    0.00    0.00    0.00   92.93

23:29:21     CPU    %usr   %nice    %sys %iowait    %irq   %soft  %steal  %guest  %gnice   %idle
23:29:22     all    5.10    0.00   31.73    0.00    0.00   18.98    0.00    0.00    0.00   44.19
23:29:22       0    6.49    0.00   40.26    0.00    0.00   14.29    0.00    0.00    0.00   38.96
23:29:22       1    5.19    0.00   38.96    0.00    0.00   15.58    0.00    0.00    0.00   40.26
23:29:22       2    6.00    0.00   50.00    0.00    0.00   44.00    0.00    0.00    0.00    0.00
23:29:22       3    3.03    0.00    1.01    0.00    0.00    0.00    0.00    0.00    0.00   95.96

23:29:22     CPU    %usr   %nice    %sys %iowait    %irq   %soft  %steal  %guest  %gnice   %idle
23:29:23     all    4.75    0.00   32.12    0.00    0.00   18.99    0.00    0.00    0.00   44.13
23:29:23       0    6.25    0.00   36.25    0.00    0.00   18.75    0.00    0.00    0.00   38.75
23:29:23       1    6.41    0.00   39.74    0.00    0.00   14.10    0.00    0.00    0.00   39.74
23:29:23       2    5.00    0.00   53.00    0.00    0.00   42.00    0.00    0.00    0.00    0.00
23:29:23       3    2.00    0.00    2.00    0.00    0.00    0.00    0.00    0.00    0.00   96.00
