Linux 7.0.0-31-generic (ubuntu) 	09/10/26 	_aarch64_	(4 CPU)

23:28:40     CPU    %usr   %nice    %sys %iowait    %irq   %soft  %steal  %guest  %gnice   %idle
23:28:41     all    8.12    0.28   29.41    0.00    0.00   21.01    0.00    0.00    0.00   41.18
23:28:41       0   10.13    0.00   34.18    0.00    0.00   17.72    0.00    0.00    0.00   37.97
23:28:41       1    7.59    0.00   34.18    0.00    0.00   20.25    0.00    0.00    0.00   37.97
23:28:41       2    5.05    0.00   48.48    0.00    0.00   45.45    0.00    0.00    0.00    1.01
23:28:41       3   10.00    1.00    3.00    0.00    0.00    0.00    0.00    0.00    0.00   86.00

23:28:41     CPU    %usr   %nice    %sys %iowait    %irq   %soft  %steal  %guest  %gnice   %idle
23:28:42     all    6.80    0.00   29.75    0.00    0.00   20.96    0.00    0.00    0.00   42.49
23:28:42       0    6.41    0.00   38.46    0.00    0.00   17.95    0.00    0.00    0.00   37.18
23:28:42       1    7.79    0.00   35.06    0.00    0.00   18.18    0.00    0.00    0.00   38.96
23:28:42       2    7.00    0.00   47.00    0.00    0.00   46.00    0.00    0.00    0.00    0.00
23:28:42       3    6.12    0.00    1.02    0.00    0.00    0.00    0.00    0.00    0.00   92.86

23:28:42     CPU    %usr   %nice    %sys %iowait    %irq   %soft  %steal  %guest  %gnice   %idle
23:28:43     all    7.52    0.00   30.36    0.00    0.00   20.33    0.00    0.00    0.00   41.78
23:28:43       0    8.86    0.00   34.18    0.00    0.00   18.99    0.00    0.00    0.00   37.97
23:28:43       1    7.59    0.00   35.44    0.00    0.00   18.99    0.00    0.00    0.00   37.97
23:28:43       2    5.94    0.00   51.49    0.00    0.00   42.57    0.00    0.00    0.00    0.00
23:28:43       3    8.00    0.00    2.00    0.00    0.00    0.00    0.00    0.00    0.00   90.00

23:28:43     CPU    %usr   %nice    %sys %iowait    %irq   %soft  %steal  %guest  %gnice   %idle
23:28:44     all    6.50    0.00   29.94    0.00    0.00   20.90    0.00    0.00    0.00   42.66
23:28:44       0    6.49    0.00   35.06    0.00    0.00   20.78    0.00    0.00    0.00   37.66
23:28:44       1    8.97    0.00   34.62    0.00    0.00   19.23    0.00    0.00    0.00   37.18
23:28:44       2    5.00    0.00   51.00    0.00    0.00   43.00    0.00    0.00    0.00    1.00
23:28:44       3    6.06    0.00    1.01    0.00    0.00    0.00    0.00    0.00    0.00   92.93

23:28:44     CPU    %usr   %nice    %sys %iowait    %irq   %soft  %steal  %guest  %gnice   %idle
23:28:45     all    8.96    0.00   28.85    0.00    0.00   21.57    0.00    0.00    0.00   40.62
23:28:45       0   11.25    0.00   33.75    0.00    0.00   17.50    0.00    0.00    0.00   37.50
23:28:45       1    7.59    0.00   36.71    0.00    0.00   17.72    0.00    0.00    0.00   37.97
23:28:45       2    6.00    0.00   45.00    0.00    0.00   49.00    0.00    0.00    0.00    0.00
23:28:45       3   11.22    0.00    2.04    0.00    0.00    0.00    0.00    0.00    0.00   86.73

23:28:45     CPU    %usr   %nice    %sys %iowait    %irq   %soft  %steal  %guest  %gnice   %idle
23:28:46     all   12.95    0.00   29.75    0.00    0.00   20.11    0.00    0.00    0.00   37.19
23:28:46       0    7.41    0.00   39.51    0.00    0.00   18.52    0.00    0.00    0.00   34.57
23:28:46       1   15.48    0.00   33.33    0.00    0.00   17.86    0.00    0.00    0.00   33.33
23:28:46       2    8.08    0.00   47.47    0.00    0.00   43.43    0.00    0.00    0.00    1.01
23:28:46       3   20.20    0.00    1.01    0.00    0.00    0.00    0.00    0.00    0.00   78.79

23:28:46     CPU    %usr   %nice    %sys %iowait    %irq   %soft  %steal  %guest  %gnice   %idle
23:28:47     all   14.08    0.00   28.17    0.00    0.00   19.72    0.00    0.00    0.00   38.03
23:28:47       0   18.99    0.00   30.38    0.00    0.00   16.46    0.00    0.00    0.00   34.18
23:28:47       1   12.50    0.00   35.00    0.00    0.00   18.75    0.00    0.00    0.00   33.75
23:28:47       2    6.19    0.00   48.45    0.00    0.00   43.30    0.00    0.00    0.00    2.06
23:28:47       3   19.19    0.00    1.01    0.00    0.00    0.00    0.00    0.00    0.00   79.80

23:28:47     CPU    %usr   %nice    %sys %iowait    %irq   %soft  %steal  %guest  %gnice   %idle
23:28:48     all   15.43    0.00   27.82    0.00    0.00   20.94    0.00    0.00    0.00   35.81
23:28:48       0    8.75    0.00   35.00    0.00    0.00   20.00    0.00    0.00    0.00   36.25
23:28:48       1   22.89    0.00   30.12    0.00    0.00   15.66    0.00    0.00    0.00   31.33
23:28:48       2    7.92    0.00   45.54    0.00    0.00   46.53    0.00    0.00    0.00    0.00
23:28:48       3   22.22    0.00    2.02    0.00    0.00    0.00    0.00    0.00    0.00   75.76

23:28:48     CPU    %usr   %nice    %sys %iowait    %irq   %soft  %steal  %guest  %gnice   %idle
23:28:49     all    6.20    0.28   29.58    0.00    0.00   21.69    0.00    0.00    0.00   42.25
23:28:49       0    6.33    0.00   36.71    0.00    0.00   18.99    0.00    0.00    0.00   37.97
23:28:49       1    7.79    0.00   36.36    0.00    0.00   18.18    0.00    0.00    0.00   37.66
23:28:49       2    4.95    0.00   46.53    0.00    0.00   47.52    0.00    0.00    0.00    0.99
23:28:49       3    6.12    1.02    1.02    0.00    0.00    0.00    0.00    0.00    0.00   91.84

23:28:49     CPU    %usr   %nice    %sys %iowait    %irq   %soft  %steal  %guest  %gnice   %idle
23:28:50     all    8.45    0.00   29.01    0.00    0.00   21.97    0.00    0.00    0.00   40.56
23:28:50       0   10.13    0.00   32.91    0.00    0.00   20.25    0.00    0.00    0.00   36.71
23:28:50       1    7.69    0.00   34.62    0.00    0.00   20.51    0.00    0.00    0.00   37.18
23:28:50       2    6.00    0.00   48.00    0.00    0.00   46.00    0.00    0.00    0.00    0.00
23:28:50       3   10.20    0.00    2.04    0.00    0.00    0.00    0.00    0.00    0.00   87.76

23:28:50     CPU    %usr   %nice    %sys %iowait    %irq   %soft  %steal  %guest  %gnice   %idle
23:28:51     all   12.40    0.00   30.03    0.28    0.00   19.28    0.00    0.00    0.00   38.02
23:28:51       0   10.84    0.00   34.94    0.00    0.00   18.07    0.00    0.00    0.00   36.14
23:28:51       1   13.41    0.00   34.15    0.00    0.00   17.07    0.00    0.00    0.00   35.37
23:28:51       2    8.08    0.00   49.49    0.00    0.00   41.41    0.00    0.00    0.00    1.01
23:28:51       3   17.17    0.00    3.03    1.01    0.00    0.00    0.00    0.00    0.00   78.79

23:28:51     CPU    %usr   %nice    %sys %iowait    %irq   %soft  %steal  %guest  %gnice   %idle
23:28:52     all   15.00    0.00   29.72    0.00    0.00   21.94    0.00    0.00    0.00   33.33
23:28:52       0   13.58    0.00   33.33    0.00    0.00   20.99    0.00    0.00    0.00   32.10
23:28:52       1   15.85    0.00   34.15    0.00    0.00   18.29    0.00    0.00    0.00   31.71
23:28:52       2    7.00    0.00   46.00    0.00    0.00   47.00    0.00    0.00    0.00    0.00
23:28:52       3   23.71    0.00    6.19    0.00    0.00    0.00    0.00    0.00    0.00   70.10

23:28:52     CPU    %usr   %nice    %sys %iowait    %irq   %soft  %steal  %guest  %gnice   %idle
23:28:53     all    6.18    0.00   30.34    0.00    0.00   20.51    0.00    0.00    0.00   42.98
23:28:53       0    7.69    0.00   37.18    0.00    0.00   16.67    0.00    0.00    0.00   38.46
23:28:53       1    6.33    0.00   37.97    0.00    0.00   17.72    0.00    0.00    0.00   37.97
23:28:53       2    6.00    0.00   47.00    0.00    0.00   46.00    0.00    0.00    0.00    1.00
23:28:53       3    5.05    0.00    2.02    0.00    0.00    0.00    0.00    0.00    0.00   92.93

23:28:53     CPU    %usr   %nice    %sys %iowait    %irq   %soft  %steal  %guest  %gnice   %idle
23:28:54     all    8.45    0.00   28.45    0.00    0.00   21.41    0.00    0.00    0.00   41.69
23:28:54       0   12.82    0.00   33.33    0.00    0.00   16.67    0.00    0.00    0.00   37.18
23:28:54       1    7.41    0.00   34.57    0.00    0.00   20.99    0.00    0.00    0.00   37.04
23:28:54       2    6.06    0.00   47.47    0.00    0.00   46.46    0.00    0.00    0.00    0.00
23:28:54       3    8.25    0.00    0.00    0.00    0.00    0.00    0.00    0.00    0.00   91.75

23:28:54     CPU    %usr   %nice    %sys %iowait    %irq   %soft  %steal  %guest  %gnice   %idle
23:28:55     all    9.83    0.00   29.49    0.00    0.00   21.63    0.00    0.00    0.00   39.04
23:28:55       0    6.33    0.00   35.44    0.00    0.00   21.52    0.00    0.00    0.00   36.71
23:28:55       1    8.97    0.00   35.90    0.00    0.00   17.95    0.00    0.00    0.00   37.18
23:28:55       2    6.00    0.00   47.00    0.00    0.00   46.00    0.00    0.00    0.00    1.00
23:28:55       3   17.17    0.00    2.02    0.00    0.00    0.00    0.00    0.00    0.00   80.81

23:28:55     CPU    %usr   %nice    %sys %iowait    %irq   %soft  %steal  %guest  %gnice   %idle
23:28:56     all    6.20    0.00   29.01    0.00    0.00   21.97    0.00    0.00    0.00   42.82
23:28:56       0    8.86    0.00   32.91    0.00    0.00   20.25    0.00    0.00    0.00   37.97
23:28:56       1    6.33    0.00   36.71    0.00    0.00   17.72    0.00    0.00    0.00   39.24
23:28:56       2    4.04    0.00   47.47    0.00    0.00   48.48    0.00    0.00    0.00    0.00
23:28:56       3    6.12    0.00    1.02    0.00    0.00    0.00    0.00    0.00    0.00   92.86

23:28:56     CPU    %usr   %nice    %sys %iowait    %irq   %soft  %steal  %guest  %gnice   %idle
23:28:57     all    6.29    0.00   28.29    0.00    0.00   22.00    0.00    0.00    0.00   43.43
23:28:57       0    6.58    0.00   38.16    0.00    0.00   14.47    0.00    0.00    0.00   40.79
23:28:57       1    6.67    0.00   32.00    0.00    0.00   21.33    0.00    0.00    0.00   40.00
23:28:57       2    5.00    0.00   44.00    0.00    0.00   50.00    0.00    0.00    0.00    1.00
23:28:57       3    7.07    0.00    2.02    0.00    0.00    0.00    0.00    0.00    0.00   90.91

23:28:57     CPU    %usr   %nice    %sys %iowait    %irq   %soft  %steal  %guest  %gnice   %idle
23:28:58     all    6.74    0.00   29.78    0.00    0.00   20.79    0.00    0.00    0.00   42.70
23:28:58       0    7.59    0.00   34.18    0.00    0.00   20.25    0.00    0.00    0.00   37.97
23:28:58       1    8.86    0.00   36.71    0.00    0.00   16.46    0.00    0.00    0.00   37.97
23:28:58       2    5.00    0.00   49.00    0.00    0.00   45.00    0.00    0.00    0.00    1.00
23:28:58       3    6.12    0.00    1.02    0.00    0.00    0.00    0.00    0.00    0.00   92.86

23:28:58     CPU    %usr   %nice    %sys %iowait    %irq   %soft  %steal  %guest  %gnice   %idle
23:28:59     all    6.50    0.00   29.94    0.00    0.00   20.90    0.00    0.00    0.00   42.66
23:28:59       0    6.41    0.00   37.18    0.00    0.00   17.95    0.00    0.00    0.00   38.46
23:28:59       1    6.58    0.00   36.84    0.00    0.00   17.11    0.00    0.00    0.00   39.47
23:28:59       2    5.94    0.00   47.52    0.00    0.00   46.53    0.00    0.00    0.00    0.00
23:28:59       3    7.07    0.00    1.01    0.00    0.00    0.00    0.00    0.00    0.00   91.92

23:28:59     CPU    %usr   %nice    %sys %iowait    %irq   %soft  %steal  %guest  %gnice   %idle
23:29:00     all    7.91    0.00   29.10    0.00    0.00   21.19    0.00    0.00    0.00   41.81
23:29:00       0   10.26    0.00   33.33    0.00    0.00   17.95    0.00    0.00    0.00   38.46
23:29:00       1    8.75    0.00   35.00    0.00    0.00   17.50    0.00    0.00    0.00   38.75
23:29:00       2    4.04    0.00   47.47    0.00    0.00   47.47    0.00    0.00    0.00    1.01
23:29:00       3    9.28    0.00    2.06    0.00    0.00    0.00    0.00    0.00    0.00   88.66
