Linux 7.0.0-31-generic (ubuntu) 	09/10/26 	_aarch64_	(4 CPU)

23:27:56     CPU    %usr   %nice    %sys %iowait    %irq   %soft  %steal  %guest  %gnice   %idle
23:27:57     all    5.19    0.27   37.16    0.27    0.00   13.93    0.00    0.00    0.00   43.17
23:27:57       0    6.02    0.00   39.76    0.00    0.00   12.05    0.00    0.00    0.00   42.17
23:27:57       1    3.57    0.00   42.86    0.00    0.00   10.71    0.00    0.00    0.00   42.86
23:27:57       2    2.97    0.99   64.36    0.00    0.00   31.68    0.00    0.00    0.00    0.00
23:27:57       3    8.16    0.00    2.04    1.02    0.00    0.00    0.00    0.00    0.00   88.78

23:27:57     CPU    %usr   %nice    %sys %iowait    %irq   %soft  %steal  %guest  %gnice   %idle
23:27:58     all    4.63    0.00   36.24    0.00    0.00   14.17    0.00    0.00    0.00   44.96
23:27:58       0    3.53    0.00   41.18    0.00    0.00   11.76    0.00    0.00    0.00   43.53
23:27:58       1    3.61    0.00   42.17    0.00    0.00    9.64    0.00    0.00    0.00   44.58
23:27:58       2    4.00    0.00   62.00    0.00    0.00   34.00    0.00    0.00    0.00    0.00
23:27:58       3    7.07    0.00    1.01    0.00    0.00    0.00    0.00    0.00    0.00   91.92

23:27:58     CPU    %usr   %nice    %sys %iowait    %irq   %soft  %steal  %guest  %gnice   %idle
23:27:59     all    5.69    0.00   35.50    0.00    0.00   14.36    0.00    0.00    0.00   44.44
23:27:59       0    4.76    0.00   40.48    0.00    0.00   11.90    0.00    0.00    0.00   42.86
23:27:59       1    5.88    0.00   40.00    0.00    0.00   10.59    0.00    0.00    0.00   43.53
23:27:59       2    4.95    0.00   61.39    0.00    0.00   33.66    0.00    0.00    0.00    0.00
23:27:59       3    7.07    0.00    1.01    0.00    0.00    0.00    0.00    0.00    0.00   91.92

23:27:59     CPU    %usr   %nice    %sys %iowait    %irq   %soft  %steal  %guest  %gnice   %idle
23:28:00     all    6.79    0.00   37.50    0.00    0.00   13.32    0.00    0.00    0.00   42.39
23:28:00       0    5.81    0.00   43.02    0.00    0.00   10.47    0.00    0.00    0.00   40.70
23:28:00       1    7.14    0.00   40.48    0.00    0.00   10.71    0.00    0.00    0.00   41.67
23:28:00       2    4.00    0.00   65.00    0.00    0.00   31.00    0.00    0.00    0.00    0.00
23:28:00       3   10.20    0.00    2.04    0.00    0.00    0.00    0.00    0.00    0.00   87.76

23:28:00     CPU    %usr   %nice    %sys %iowait    %irq   %soft  %steal  %guest  %gnice   %idle
23:28:01     all    4.14    0.00   36.74    0.00    0.00   13.54    0.00    0.00    0.00   45.58
23:28:01       0    3.61    0.00   40.96    0.00    0.00   12.05    0.00    0.00    0.00   43.37
23:28:01       1    4.82    0.00   40.96    0.00    0.00    8.43    0.00    0.00    0.00   45.78
23:28:01       2    2.04    0.00   65.31    0.00    0.00   32.65    0.00    0.00    0.00    0.00
23:28:01       3    6.12    0.00    1.02    0.00    0.00    0.00    0.00    0.00    0.00   92.86

23:28:01     CPU    %usr   %nice    %sys %iowait    %irq   %soft  %steal  %guest  %gnice   %idle
23:28:02     all    5.22    0.00   37.09    0.00    0.00   13.74    0.00    0.00    0.00   43.96
23:28:02       0    4.76    0.00   39.29    0.00    0.00   13.10    0.00    0.00    0.00   42.86
23:28:02       1    2.41    0.00   44.58    0.00    0.00    8.43    0.00    0.00    0.00   44.58
23:28:02       2    4.00    0.00   64.00    0.00    0.00   32.00    0.00    0.00    0.00    0.00
23:28:02       3    9.28    0.00    1.03    0.00    0.00    0.00    0.00    0.00    0.00   89.69

23:28:02     CPU    %usr   %nice    %sys %iowait    %irq   %soft  %steal  %guest  %gnice   %idle
23:28:03     all    4.13    0.00   35.54    0.00    0.00   14.60    0.00    0.00    0.00   45.73
23:28:03       0    3.70    0.00   38.27    0.00    0.00   12.35    0.00    0.00    0.00   45.68
23:28:03       1    3.70    0.00   39.51    0.00    0.00   11.11    0.00    0.00    0.00   45.68
23:28:03       2    2.97    0.00   63.37    0.00    0.00   33.66    0.00    0.00    0.00    0.00
23:28:03       3    6.00    0.00    2.00    0.00    0.00    0.00    0.00    0.00    0.00   92.00

23:28:03     CPU    %usr   %nice    %sys %iowait    %irq   %soft  %steal  %guest  %gnice   %idle
23:28:04     all    4.11    0.00   35.89    0.00    0.00   14.52    0.00    0.00    0.00   45.48
23:28:04       0    4.65    0.00   40.70    0.00    0.00   11.63    0.00    0.00    0.00   43.02
23:28:04       1    2.50    0.00   40.00    0.00    0.00   11.25    0.00    0.00    0.00   46.25
23:28:04       2    3.00    0.00   63.00    0.00    0.00   34.00    0.00    0.00    0.00    0.00
23:28:04       3    6.06    0.00    1.01    0.00    0.00    0.00    0.00    0.00    0.00   92.93

23:28:04     CPU    %usr   %nice    %sys %iowait    %irq   %soft  %steal  %guest  %gnice   %idle
23:28:05     all   12.06    0.27   38.07    0.00    0.00   13.40    0.00    0.00    0.00   36.19
23:28:05       0   11.76    0.00   41.18    0.00    0.00   10.59    0.00    0.00    0.00   36.47
23:28:05       1   10.00    0.00   42.22    0.00    0.00   11.11    0.00    0.00    0.00   36.67
23:28:05       2    3.00    0.00   65.00    0.00    0.00   31.00    0.00    0.00    0.00    1.00
23:28:05       3   23.47    1.02    4.08    0.00    0.00    0.00    0.00    0.00    0.00   71.43

23:28:05     CPU    %usr   %nice    %sys %iowait    %irq   %soft  %steal  %guest  %gnice   %idle
23:28:06     all   16.90    0.00   38.23    0.00    0.00   12.19    0.00    0.00    0.00   32.69
23:28:06       0   18.82    0.00   38.82    0.00    0.00   10.59    0.00    0.00    0.00   31.76
23:28:06       1   11.49    0.00   39.08    0.00    0.00   12.64    0.00    0.00    0.00   36.78
23:28:06       2    5.26    0.00   69.47    0.00    0.00   25.26    0.00    0.00    0.00    0.00
23:28:06       3   31.91    0.00    5.32    0.00    0.00    0.00    0.00    0.00    0.00   62.77

23:28:06     CPU    %usr   %nice    %sys %iowait    %irq   %soft  %steal  %guest  %gnice   %idle
23:28:07     all    8.03    0.00   37.12    0.00    0.00   12.74    0.00    0.00    0.00   42.11
23:28:07       0    6.17    0.00   40.74    0.00    0.00    9.88    0.00    0.00    0.00   43.21
23:28:07       1    7.32    0.00   41.46    0.00    0.00    8.54    0.00    0.00    0.00   42.68
23:28:07       2    3.96    0.00   64.36    0.00    0.00   30.69    0.00    0.00    0.00    0.99
23:28:07       3   14.43    0.00    2.06    0.00    0.00    0.00    0.00    0.00    0.00   83.51

23:28:07     CPU    %usr   %nice    %sys %iowait    %irq   %soft  %steal  %guest  %gnice   %idle
23:28:08     all    6.85    0.00   38.08    0.00    0.00   12.88    0.00    0.00    0.00   42.19
23:28:08       0    5.88    0.00   41.18    0.00    0.00   11.76    0.00    0.00    0.00   41.18
23:28:08       1    6.17    0.00   41.98    0.00    0.00    8.64    0.00    0.00    0.00   43.21
23:28:08       2    3.00    0.00   67.00    0.00    0.00   30.00    0.00    0.00    0.00    0.00
23:28:08       3   12.12    0.00    3.03    0.00    0.00    0.00    0.00    0.00    0.00   84.85

23:28:08     CPU    %usr   %nice    %sys %iowait    %irq   %soft  %steal  %guest  %gnice   %idle
23:28:09     all    7.14    0.00   37.09    0.00    0.00   13.74    0.00    0.00    0.00   42.03
23:28:09       0    5.95    0.00   41.67    0.00    0.00   10.71    0.00    0.00    0.00   41.67
23:28:09       1    6.02    0.00   39.76    0.00    0.00   10.84    0.00    0.00    0.00   43.37
23:28:09       2    3.03    0.00   64.65    0.00    0.00   32.32    0.00    0.00    0.00    0.00
23:28:09       3   13.27    0.00    3.06    0.00    0.00    0.00    0.00    0.00    0.00   83.67

23:28:09     CPU    %usr   %nice    %sys %iowait    %irq   %soft  %steal  %guest  %gnice   %idle
23:28:10     all    9.32    0.00   36.71    0.00    0.00   13.70    0.00    0.00    0.00   40.27
23:28:10       0    7.06    0.00   41.18    0.00    0.00   11.76    0.00    0.00    0.00   40.00
23:28:10       1    7.32    0.00   40.24    0.00    0.00    9.76    0.00    0.00    0.00   42.68
23:28:10       2    4.00    0.00   64.00    0.00    0.00   32.00    0.00    0.00    0.00    0.00
23:28:10       3   18.37    0.00    2.04    0.00    0.00    0.00    0.00    0.00    0.00   79.59

23:28:10     CPU    %usr   %nice    %sys %iowait    %irq   %soft  %steal  %guest  %gnice   %idle
23:28:11     all    6.54    0.00   37.06    0.00    0.00   13.35    0.00    0.00    0.00   43.05
23:28:11       0    6.10    0.00   40.24    0.00    0.00   10.98    0.00    0.00    0.00   42.68
23:28:11       1    5.88    0.00   41.18    0.00    0.00   10.59    0.00    0.00    0.00   42.35
23:28:11       2    3.96    0.00   65.35    0.00    0.00   30.69    0.00    0.00    0.00    0.00
23:28:11       3   10.10    0.00    2.02    0.00    0.00    0.00    0.00    0.00    0.00   87.88

23:28:11     CPU    %usr   %nice    %sys %iowait    %irq   %soft  %steal  %guest  %gnice   %idle
23:28:12     all    6.30    0.55   38.08    0.27    0.00   13.15    0.00    0.00    0.00   41.64
23:28:12       0    4.82    0.00   40.96    0.00    0.00   12.05    0.00    0.00    0.00   42.17
23:28:12       1    7.06    0.00   43.53    0.00    0.00    8.24    0.00    0.00    0.00   41.18
23:28:12       2    4.04    0.00   64.65    0.00    0.00   31.31    0.00    0.00    0.00    0.00
23:28:12       3    9.18    2.04    4.08    1.02    0.00    0.00    0.00    0.00    0.00   83.67

23:28:12     CPU    %usr   %nice    %sys %iowait    %irq   %soft  %steal  %guest  %gnice   %idle
23:28:13     all    5.23    0.00   36.36    0.00    0.00   13.50    0.00    0.00    0.00   44.90
23:28:13       0    4.76    0.00   41.67    0.00    0.00   10.71    0.00    0.00    0.00   42.86
23:28:13       1    4.94    0.00   39.51    0.00    0.00    9.88    0.00    0.00    0.00   45.68
23:28:13       2    3.96    0.00   63.37    0.00    0.00   31.68    0.00    0.00    0.00    0.99
23:28:13       3    7.22    0.00    1.03    0.00    0.00    0.00    0.00    0.00    0.00   91.75

23:28:13     CPU    %usr   %nice    %sys %iowait    %irq   %soft  %steal  %guest  %gnice   %idle
23:28:14     all    6.04    0.00   36.54    0.00    0.00   14.01    0.00    0.00    0.00   43.41
23:28:14       0    6.17    0.00   40.74    0.00    0.00    9.88    0.00    0.00    0.00   43.21
23:28:14       1    4.76    0.00   40.48    0.00    0.00   11.90    0.00    0.00    0.00   42.86
23:28:14       2    3.00    0.00   64.00    0.00    0.00   33.00    0.00    0.00    0.00    0.00
23:28:14       3   10.10    0.00    2.02    0.00    0.00    0.00    0.00    0.00    0.00   87.88

23:28:14     CPU    %usr   %nice    %sys %iowait    %irq   %soft  %steal  %guest  %gnice   %idle
23:28:15     all   15.69    0.00   36.70    0.00    0.00   12.23    0.00    0.00    0.00   35.37
23:28:15       0   10.00    0.00   42.22    0.00    0.00   11.11    0.00    0.00    0.00   36.67
23:28:15       1   22.47    0.00   34.83    0.00    0.00    8.99    0.00    0.00    0.00   33.71
23:28:15       2    4.00    0.00   67.00    0.00    0.00   28.00    0.00    0.00    0.00    1.00
23:28:15       3   26.80    0.00    2.06    0.00    0.00    0.00    0.00    0.00    0.00   71.13

23:28:15     CPU    %usr   %nice    %sys %iowait    %irq   %soft  %steal  %guest  %gnice   %idle
23:28:16     all    5.85    0.00   36.77    0.00    0.00   13.93    0.00    0.00    0.00   43.45
23:28:16       0    7.32    0.00   40.24    0.00    0.00   10.98    0.00    0.00    0.00   41.46
23:28:16       1    6.10    0.00   39.02    0.00    0.00   12.20    0.00    0.00    0.00   42.68
23:28:16       2    3.03    0.00   65.66    0.00    0.00   31.31    0.00    0.00    0.00    0.00
23:28:16       3    7.29    0.00    2.08    0.00    0.00    0.00    0.00    0.00    0.00   90.62
