Linux 7.0.0-31-generic (ubuntu) 	09/09/26 	_aarch64_	(4 CPU)

20:51:59     CPU    %usr   %nice    %sys %iowait    %irq   %soft  %steal  %guest  %gnice   %idle
20:52:00     all   11.75    0.00   36.03    0.00    0.00    5.74    0.00    0.00    0.00   46.48
20:52:00       0    2.00    0.00   79.00    0.00    0.00   19.00    0.00    0.00    0.00    0.00
20:52:00       1   18.37    0.00    5.10    0.00    0.00    0.00    0.00    0.00    0.00   76.53
20:52:00       2   13.83    0.00   29.79    0.00    0.00    1.06    0.00    0.00    0.00   55.32
20:52:00       3   13.19    0.00   28.57    0.00    0.00    2.20    0.00    0.00    0.00   56.04

20:52:00     CPU    %usr   %nice    %sys %iowait    %irq   %soft  %steal  %guest  %gnice   %idle
20:52:01     all   16.19    0.00   36.03    0.00    0.00    7.57    0.00    0.00    0.00   40.21
20:52:01       0    2.02    0.00   71.72    0.00    0.00   25.25    0.00    0.00    0.00    1.01
20:52:01       1   25.77    0.00    6.19    0.00    0.00    0.00    0.00    0.00    0.00   68.04
20:52:01       2   20.21    0.00   31.91    0.00    0.00    2.13    0.00    0.00    0.00   45.74
20:52:01       3   17.20    0.00   33.33    0.00    0.00    2.15    0.00    0.00    0.00   47.31

20:52:01     CPU    %usr   %nice    %sys %iowait    %irq   %soft  %steal  %guest  %gnice   %idle
20:52:02     all    5.47    0.00   36.72    0.00    0.00    7.03    0.00    0.00    0.00   50.78
20:52:02       0    2.00    0.00   75.00    0.00    0.00   23.00    0.00    0.00    0.00    0.00
20:52:02       1    8.16    0.00    1.02    0.00    0.00    0.00    0.00    0.00    0.00   90.82
20:52:02       2    5.43    0.00   34.78    0.00    0.00    2.17    0.00    0.00    0.00   57.61
20:52:02       3    6.38    0.00   35.11    0.00    0.00    2.13    0.00    0.00    0.00   56.38

20:52:02     CPU    %usr   %nice    %sys %iowait    %irq   %soft  %steal  %guest  %gnice   %idle
20:52:03     all    2.11    0.00   36.05    0.00    0.00    7.89    0.00    0.00    0.00   53.95
20:52:03       0    1.00    0.00   73.00    0.00    0.00   26.00    0.00    0.00    0.00    0.00
20:52:03       1    3.03    0.00    4.04    0.00    0.00    0.00    0.00    0.00    0.00   92.93
20:52:03       2    2.20    0.00   34.07    0.00    0.00    2.20    0.00    0.00    0.00   61.54
20:52:03       3    2.22    0.00   32.22    0.00    0.00    2.22    0.00    0.00    0.00   63.33

20:52:03     CPU    %usr   %nice    %sys %iowait    %irq   %soft  %steal  %guest  %gnice   %idle
20:52:04     all    3.41    0.00   35.17    0.00    0.00    7.61    0.00    0.00    0.00   53.81
20:52:04       0    1.00    0.00   74.00    0.00    0.00   25.00    0.00    0.00    0.00    0.00
20:52:04       1    5.10    0.00    0.00    0.00    0.00    0.00    0.00    0.00    0.00   94.90
20:52:04       2    4.40    0.00   31.87    0.00    0.00    2.20    0.00    0.00    0.00   61.54
20:52:04       3    3.26    0.00   33.70    0.00    0.00    2.17    0.00    0.00    0.00   60.87

20:52:04     CPU    %usr   %nice    %sys %iowait    %irq   %soft  %steal  %guest  %gnice   %idle
20:52:05     all   14.25    0.00   36.41    0.00    0.00    6.60    0.00    0.00    0.00   42.74
20:52:05       0    3.09    0.00   74.23    0.00    0.00   22.68    0.00    0.00    0.00    0.00
20:52:05       1   22.68    0.00    5.15    0.00    0.00    0.00    0.00    0.00    0.00   72.16
20:52:05       2   18.28    0.00   31.18    0.00    0.00    2.15    0.00    0.00    0.00   48.39
20:52:05       3   13.04    0.00   34.78    0.00    0.00    1.09    0.00    0.00    0.00   51.09

20:52:05     CPU    %usr   %nice    %sys %iowait    %irq   %soft  %steal  %guest  %gnice   %idle
20:52:06     all   12.92    0.00   34.88    0.00    0.00    7.49    0.00    0.00    0.00   44.70
20:52:06       0    5.88    0.00   68.63    0.00    0.00   24.51    0.00    0.00    0.00    0.98
20:52:06       1   16.33    0.00    3.06    0.00    0.00    0.00    0.00    0.00    0.00   80.61
20:52:06       2   15.22    0.00   32.61    0.00    0.00    2.17    0.00    0.00    0.00   50.00
20:52:06       3   14.74    0.00   33.68    0.00    0.00    2.11    0.00    0.00    0.00   49.47

20:52:06     CPU    %usr   %nice    %sys %iowait    %irq   %soft  %steal  %guest  %gnice   %idle
20:52:07     all   12.44    0.00   36.79    0.00    0.00    7.25    0.00    0.00    0.00   43.52
20:52:07       0    1.00    0.00   75.00    0.00    0.00   24.00    0.00    0.00    0.00    0.00
20:52:07       1   24.24    0.00    2.02    0.00    0.00    0.00    0.00    0.00    0.00   73.74
20:52:07       2    9.78    0.00   34.78    0.00    0.00    2.17    0.00    0.00    0.00   53.26
20:52:07       3   14.74    0.00   34.74    0.00    0.00    2.11    0.00    0.00    0.00   48.42

20:52:07     CPU    %usr   %nice    %sys %iowait    %irq   %soft  %steal  %guest  %gnice   %idle
20:52:08     all   14.40    0.00   35.34    0.00    0.00    7.59    0.00    0.00    0.00   42.67
20:52:08       0    3.03    0.00   71.72    0.00    0.00   24.24    0.00    0.00    0.00    1.01
20:52:08       1   23.71    0.00    3.09    0.00    0.00    0.00    0.00    0.00    0.00   73.20
20:52:08       2   18.95    0.00   32.63    0.00    0.00    2.11    0.00    0.00    0.00   46.32
20:52:08       3   12.09    0.00   32.97    0.00    0.00    3.30    0.00    0.00    0.00   51.65

20:52:08     CPU    %usr   %nice    %sys %iowait    %irq   %soft  %steal  %guest  %gnice   %idle
20:52:09     all   26.04    0.00   35.16    0.26    0.00    6.51    0.00    0.00    0.00   32.03
20:52:09       0   10.20    0.00   68.37    0.00    0.00   21.43    0.00    0.00    0.00    0.00
20:52:09       1   40.82    0.00    4.08    1.02    0.00    0.00    0.00    0.00    0.00   54.08
20:52:09       2   24.21    0.00   34.74    0.00    0.00    2.11    0.00    0.00    0.00   38.95
20:52:09       3   29.03    0.00   33.33    0.00    0.00    2.15    0.00    0.00    0.00   35.48

20:52:09     CPU    %usr   %nice    %sys %iowait    %irq   %soft  %steal  %guest  %gnice   %idle
20:52:10     all   11.69    0.26   36.88    0.00    0.00    7.01    0.00    0.00    0.00   44.16
20:52:10       0    2.00    0.00   74.00    0.00    0.00   23.00    0.00    0.00    0.00    1.00
20:52:10       1   17.35    1.02    4.08    0.00    0.00    0.00    0.00    0.00    0.00   77.55
20:52:10       2   10.75    0.00   35.48    0.00    0.00    1.08    0.00    0.00    0.00   52.69
20:52:10       3   17.02    0.00   32.98    0.00    0.00    3.19    0.00    0.00    0.00   46.81

20:52:10     CPU    %usr   %nice    %sys %iowait    %irq   %soft  %steal  %guest  %gnice   %idle
20:52:11     all   11.78    0.00   36.13    0.00    0.00    7.07    0.00    0.00    0.00   45.03
20:52:11       0    2.02    0.00   73.74    0.00    0.00   23.23    0.00    0.00    0.00    1.01
20:52:11       1   17.35    0.00    4.08    0.00    0.00    0.00    0.00    0.00    0.00   78.57
20:52:11       2   12.90    0.00   33.33    0.00    0.00    2.15    0.00    0.00    0.00   51.61
20:52:11       3   15.22    0.00   32.61    0.00    0.00    2.17    0.00    0.00    0.00   50.00

20:52:11     CPU    %usr   %nice    %sys %iowait    %irq   %soft  %steal  %guest  %gnice   %idle
20:52:12     all    3.95    0.00   36.32    0.00    0.00    7.37    0.00    0.00    0.00   52.37
20:52:12       0    2.00    0.00   73.00    0.00    0.00   25.00    0.00    0.00    0.00    0.00
20:52:12       1    7.14    0.00    2.04    0.00    0.00    0.00    0.00    0.00    0.00   90.82
20:52:12       2    4.49    0.00   33.71    0.00    0.00    1.12    0.00    0.00    0.00   60.67
20:52:12       3    2.15    0.00   35.48    0.00    0.00    2.15    0.00    0.00    0.00   60.22

20:52:12     CPU    %usr   %nice    %sys %iowait    %irq   %soft  %steal  %guest  %gnice   %idle
20:52:13     all    2.86    0.00   36.88    0.00    0.00    7.79    0.00    0.00    0.00   52.47
20:52:13       0    1.00    0.00   74.00    0.00    0.00   25.00    0.00    0.00    0.00    0.00
20:52:13       1    1.03    0.00    4.12    0.00    0.00    0.00    0.00    0.00    0.00   94.85
20:52:13       2    3.23    0.00   33.33    0.00    0.00    3.23    0.00    0.00    0.00   60.22
20:52:13       3    6.32    0.00   34.74    0.00    0.00    2.11    0.00    0.00    0.00   56.84

20:52:13     CPU    %usr   %nice    %sys %iowait    %irq   %soft  %steal  %guest  %gnice   %idle
20:52:14     all    3.40    0.00   35.60    0.00    0.00    7.33    0.00    0.00    0.00   53.66
20:52:14       0    1.98    0.00   74.26    0.00    0.00   23.76    0.00    0.00    0.00    0.00
20:52:14       1    5.05    0.00    1.01    0.00    0.00    0.00    0.00    0.00    0.00   93.94
20:52:14       2    4.35    0.00   31.52    0.00    0.00    2.17    0.00    0.00    0.00   61.96
20:52:14       3    2.22    0.00   34.44    0.00    0.00    2.22    0.00    0.00    0.00   61.11

20:52:14     CPU    %usr   %nice    %sys %iowait    %irq   %soft  %steal  %guest  %gnice   %idle
20:52:15     all   11.02    0.00   35.43    0.00    0.00    7.35    0.00    0.00    0.00   46.19
20:52:15       0    4.04    0.00   71.72    0.00    0.00   24.24    0.00    0.00    0.00    0.00
20:52:15       1   17.53    0.00    3.09    0.00    0.00    0.00    0.00    0.00    0.00   79.38
20:52:15       2   10.87    0.00   32.61    0.00    0.00    2.17    0.00    0.00    0.00   54.35
20:52:15       3   11.83    0.00   33.33    0.00    0.00    2.15    0.00    0.00    0.00   52.69

20:52:15     CPU    %usr   %nice    %sys %iowait    %irq   %soft  %steal  %guest  %gnice   %idle
20:52:16     all    6.28    0.00   35.34    0.52    0.00    7.59    0.00    0.00    0.00   50.26
20:52:16       0    2.00    0.00   73.00    0.00    0.00   24.00    0.00    0.00    0.00    1.00
20:52:16       1   10.31    0.00    1.03    0.00    0.00    0.00    0.00    0.00    0.00   88.66
20:52:16       2    6.45    0.00   33.33    1.08    0.00    2.15    0.00    0.00    0.00   56.99
20:52:16       3    6.52    0.00   32.61    1.09    0.00    3.26    0.00    0.00    0.00   56.52

20:52:16     CPU    %usr   %nice    %sys %iowait    %irq   %soft  %steal  %guest  %gnice   %idle
20:52:17     all    4.47    0.00   35.79    0.00    0.00    7.63    0.00    0.00    0.00   52.11
20:52:17       0    1.98    0.00   72.28    0.00    0.00   25.74    0.00    0.00    0.00    0.00
20:52:17       1    7.14    0.00    2.04    0.00    0.00    0.00    0.00    0.00    0.00   90.82
20:52:17       2    5.43    0.00   33.70    0.00    0.00    2.17    0.00    0.00    0.00   58.70
20:52:17       3    3.37    0.00   33.71    0.00    0.00    1.12    0.00    0.00    0.00   61.80
