Linux 7.0.0-31-generic (ubuntu) 	09/09/26 	_aarch64_	(4 CPU)

20:52:20     CPU    %usr   %nice    %sys %iowait    %irq   %soft  %steal  %guest  %gnice   %idle
20:52:21     all   18.21    0.00   34.30    0.00    0.00    8.44    0.00    0.00    0.00   39.05
20:52:21       0    4.04    0.00   69.70    0.00    0.00   26.26    0.00    0.00    0.00    0.00
20:52:21       1   28.42    0.00    3.16    0.00    0.00    0.00    0.00    0.00    0.00   68.42
20:52:21       2   21.74    0.00   31.52    0.00    0.00    3.26    0.00    0.00    0.00   43.48
20:52:21       3   19.35    0.00   31.18    0.00    0.00    3.23    0.00    0.00    0.00   46.24

20:52:21     CPU    %usr   %nice    %sys %iowait    %irq   %soft  %steal  %guest  %gnice   %idle
20:52:22     all    7.94    0.00   37.30    0.00    0.00    6.61    0.00    0.00    0.00   48.15
20:52:22       0    1.01    0.00   75.76    0.00    0.00   23.23    0.00    0.00    0.00    0.00
20:52:22       1   12.24    0.00    2.04    0.00    0.00    0.00    0.00    0.00    0.00   85.71
20:52:22       2    9.89    0.00   34.07    0.00    0.00    1.10    0.00    0.00    0.00   54.95
20:52:22       3    8.89    0.00   36.67    0.00    0.00    1.11    0.00    0.00    0.00   53.33

20:52:22     CPU    %usr   %nice    %sys %iowait    %irq   %soft  %steal  %guest  %gnice   %idle
20:52:23     all    9.21    0.00   34.74    0.00    0.00    8.16    0.00    0.00    0.00   47.89
20:52:23       0    1.98    0.00   72.28    0.00    0.00   24.75    0.00    0.00    0.00    0.99
20:52:23       1   15.62    0.00    1.04    0.00    0.00    0.00    0.00    0.00    0.00   83.33
20:52:23       2    8.79    0.00   31.87    0.00    0.00    3.30    0.00    0.00    0.00   56.04
20:52:23       3   10.87    0.00   31.52    0.00    0.00    3.26    0.00    0.00    0.00   54.35

20:52:23     CPU    %usr   %nice    %sys %iowait    %irq   %soft  %steal  %guest  %gnice   %idle
20:52:24     all    7.25    0.00   38.34    0.26    0.00    6.99    0.00    0.00    0.00   47.15
20:52:24       0    3.03    0.00   73.74    0.00    0.00   23.23    0.00    0.00    0.00    0.00
20:52:24       1    9.00    0.00   10.00    1.00    0.00    0.00    0.00    0.00    0.00   80.00
20:52:24       2    8.51    0.00   35.11    0.00    0.00    2.13    0.00    0.00    0.00   54.26
20:52:24       3    8.60    0.00   34.41    0.00    0.00    2.15    0.00    0.00    0.00   54.84

20:52:24     CPU    %usr   %nice    %sys %iowait    %irq   %soft  %steal  %guest  %gnice   %idle
20:52:25     all    9.76    0.00   36.15    0.00    0.00    7.65    0.00    0.00    0.00   46.44
20:52:25       0    2.04    0.00   73.47    0.00    0.00   24.49    0.00    0.00    0.00    0.00
20:52:25       1   14.58    0.00    2.08    0.00    0.00    0.00    0.00    0.00    0.00   83.33
20:52:25       2   11.96    0.00   34.78    0.00    0.00    2.17    0.00    0.00    0.00   51.09
20:52:25       3   10.75    0.00   33.33    0.00    0.00    3.23    0.00    0.00    0.00   52.69

20:52:25     CPU    %usr   %nice    %sys %iowait    %irq   %soft  %steal  %guest  %gnice   %idle
20:52:26     all    3.15    0.00   35.70    0.00    0.00    7.09    0.00    0.00    0.00   54.07
20:52:26       0    2.97    0.00   73.27    0.00    0.00   23.76    0.00    0.00    0.00    0.00
20:52:26       1    3.06    0.00    1.02    0.00    0.00    0.00    0.00    0.00    0.00   95.92
20:52:26       2    3.37    0.00   31.46    0.00    0.00    2.25    0.00    0.00    0.00   62.92
20:52:26       3    3.23    0.00   35.48    0.00    0.00    1.08    0.00    0.00    0.00   60.22

20:52:26     CPU    %usr   %nice    %sys %iowait    %irq   %soft  %steal  %guest  %gnice   %idle
20:52:27     all    7.53    0.00   37.40    0.00    0.00    6.75    0.00    0.00    0.00   48.31
20:52:27       0    2.00    0.00   75.00    0.00    0.00   22.00    0.00    0.00    0.00    1.00
20:52:27       1   12.50    0.00    2.08    0.00    0.00    0.00    0.00    0.00    0.00   85.42
20:52:27       2    7.37    0.00   35.79    0.00    0.00    2.11    0.00    0.00    0.00   54.74
20:52:27       3    8.51    0.00   35.11    0.00    0.00    2.13    0.00    0.00    0.00   54.26

20:52:27     CPU    %usr   %nice    %sys %iowait    %irq   %soft  %steal  %guest  %gnice   %idle
20:52:28     all    7.09    0.52   36.22    0.00    0.00    7.35    0.00    0.00    0.00   48.82
20:52:28       0    1.98    0.00   73.27    0.00    0.00   24.75    0.00    0.00    0.00    0.00
20:52:28       1    7.14    2.04    4.08    0.00    0.00    0.00    0.00    0.00    0.00   86.73
20:52:28       2   10.99    0.00   32.97    0.00    0.00    2.20    0.00    0.00    0.00   53.85
20:52:28       3    8.79    0.00   32.97    0.00    0.00    1.10    0.00    0.00    0.00   57.14

20:52:28     CPU    %usr   %nice    %sys %iowait    %irq   %soft  %steal  %guest  %gnice   %idle
20:52:29     all   47.31    0.00   31.97    0.00    0.00    5.37    0.00    0.00    0.00   15.35
20:52:29       0   15.46    0.00   64.95    0.00    0.00   17.53    0.00    0.00    0.00    2.06
20:52:29       1   74.23    0.00    5.15    0.00    0.00    0.00    0.00    0.00    0.00   20.62
20:52:29       2   48.48    0.00   28.28    0.00    0.00    2.02    0.00    0.00    0.00   21.21
20:52:29       3   51.02    0.00   29.59    0.00    0.00    2.04    0.00    0.00    0.00   17.35

20:52:29     CPU    %usr   %nice    %sys %iowait    %irq   %soft  %steal  %guest  %gnice   %idle
20:52:30     all   34.38    0.00   35.42    0.00    0.00    5.73    0.00    0.00    0.00   24.48
20:52:30       0   10.10    0.00   67.68    0.00    0.00   19.19    0.00    0.00    0.00    3.03
20:52:30       1   50.52    0.00    6.19    0.00    0.00    0.00    0.00    0.00    0.00   43.30
20:52:30       2   39.36    0.00   35.11    0.00    0.00    2.13    0.00    0.00    0.00   23.40
20:52:30       3   38.30    0.00   31.91    0.00    0.00    1.06    0.00    0.00    0.00   28.72

20:52:30     CPU    %usr   %nice    %sys %iowait    %irq   %soft  %steal  %guest  %gnice   %idle
20:52:31     all   26.56    0.00   41.41    0.00    0.00    6.25    0.00    0.00    0.00   25.78
20:52:31       0    7.29    0.00   70.83    0.00    0.00   20.83    0.00    0.00    0.00    1.04
20:52:31       1   39.18    0.00   18.56    0.00    0.00    0.00    0.00    0.00    0.00   42.27
20:52:31       2   30.21    0.00   40.62    0.00    0.00    2.08    0.00    0.00    0.00   27.08
20:52:31       3   29.47    0.00   35.79    0.00    0.00    2.11    0.00    0.00    0.00   32.63

20:52:31     CPU    %usr   %nice    %sys %iowait    %irq   %soft  %steal  %guest  %gnice   %idle
20:52:32     all    7.46    0.55   36.19    0.28    0.00    7.18    0.00    0.00    0.00   48.34
20:52:32       0    1.08    0.00   75.27    0.00    0.00   23.66    0.00    0.00    0.00    0.00
20:52:32       1   13.98    2.15    2.15    1.08    0.00    0.00    0.00    0.00    0.00   80.65
20:52:32       2    9.41    0.00   35.29    0.00    0.00    2.35    0.00    0.00    0.00   52.94
20:52:32       3    5.49    0.00   31.87    0.00    0.00    2.20    0.00    0.00    0.00   60.44

20:52:32     CPU    %usr   %nice    %sys %iowait    %irq   %soft  %steal  %guest  %gnice   %idle
20:52:33     all    1.85    0.00   35.09    0.00    0.00    7.65    0.00    0.00    0.00   55.41
20:52:33       0    2.00    0.00   73.00    0.00    0.00   25.00    0.00    0.00    0.00    0.00
20:52:33       1    2.02    0.00    1.01    0.00    0.00    0.00    0.00    0.00    0.00   96.97
20:52:33       2    2.22    0.00   32.22    0.00    0.00    2.22    0.00    0.00    0.00   63.33
20:52:33       3    1.11    0.00   33.33    0.00    0.00    2.22    0.00    0.00    0.00   63.33

20:52:33     CPU    %usr   %nice    %sys %iowait    %irq   %soft  %steal  %guest  %gnice   %idle
20:52:34     all    6.30    0.00   35.96    0.00    0.00    7.35    0.00    0.00    0.00   50.39
20:52:34       0    2.00    0.00   74.00    0.00    0.00   24.00    0.00    0.00    0.00    0.00
20:52:34       1    9.28    0.00    3.09    0.00    0.00    0.00    0.00    0.00    0.00   87.63
20:52:34       2    5.43    0.00   33.70    0.00    0.00    2.17    0.00    0.00    0.00   58.70
20:52:34       3    8.70    0.00   31.52    0.00    0.00    2.17    0.00    0.00    0.00   57.61

20:52:34     CPU    %usr   %nice    %sys %iowait    %irq   %soft  %steal  %guest  %gnice   %idle
20:52:35     all    1.58    0.00   35.36    0.00    0.00    7.65    0.00    0.00    0.00   55.41
20:52:35       0    1.00    0.00   72.00    0.00    0.00   27.00    0.00    0.00    0.00    0.00
20:52:35       1    2.00    0.00    1.00    0.00    0.00    0.00    0.00    0.00    0.00   97.00
20:52:35       2    2.25    0.00   33.71    0.00    0.00    1.12    0.00    0.00    0.00   62.92
20:52:35       3    1.11    0.00   34.44    0.00    0.00    1.11    0.00    0.00    0.00   63.33

20:52:35     CPU    %usr   %nice    %sys %iowait    %irq   %soft  %steal  %guest  %gnice   %idle
20:52:36     all    2.36    0.00   35.34    0.00    0.00    7.59    0.00    0.00    0.00   54.71
20:52:36       0    2.00    0.00   74.00    0.00    0.00   24.00    0.00    0.00    0.00    0.00
20:52:36       1    2.04    0.00    1.02    0.00    0.00    0.00    0.00    0.00    0.00   96.94
20:52:36       2    2.20    0.00   31.87    0.00    0.00    3.30    0.00    0.00    0.00   62.64
20:52:36       3    3.23    0.00   33.33    0.00    0.00    2.15    0.00    0.00    0.00   61.29

20:52:36     CPU    %usr   %nice    %sys %iowait    %irq   %soft  %steal  %guest  %gnice   %idle
20:52:37     all    2.88    0.00   35.60    0.00    0.00    6.81    0.00    0.00    0.00   54.71
20:52:37       0    2.00    0.00   75.00    0.00    0.00   23.00    0.00    0.00    0.00    0.00
20:52:37       1    3.06    0.00    0.00    0.00    0.00    0.00    0.00    0.00    0.00   96.94
20:52:37       2    3.26    0.00   33.70    0.00    0.00    1.09    0.00    0.00    0.00   61.96
20:52:37       3    3.26    0.00   32.61    0.00    0.00    2.17    0.00    0.00    0.00   61.96

20:52:37     CPU    %usr   %nice    %sys %iowait    %irq   %soft  %steal  %guest  %gnice   %idle
20:52:38     all    9.92    0.00   34.46    0.00    0.00    7.57    0.00    0.00    0.00   48.04
20:52:38       0    3.03    0.00   70.71    0.00    0.00   25.25    0.00    0.00    0.00    1.01
20:52:38       1   12.37    0.00    1.03    0.00    0.00    0.00    0.00    0.00    0.00   86.60
20:52:38       2   12.50    0.00   32.29    0.00    0.00    3.12    0.00    0.00    0.00   52.08
20:52:38       3   12.09    0.00   32.97    0.00    0.00    1.10    0.00    0.00    0.00   53.85
