Linux 7.0.0-31-generic (ubuntu) 	09/09/26 	_aarch64_	(4 CPU)

20:52:40     CPU    %usr   %nice    %sys %iowait    %irq   %soft  %steal  %guest  %gnice   %idle
20:52:41     all    2.36    0.00   34.91    0.26    0.00    7.61    0.00    0.00    0.00   54.86
20:52:41       0    2.02    0.00   72.73    0.00    0.00   25.25    0.00    0.00    0.00    0.00
20:52:41       1    2.04    0.00    0.00    0.00    0.00    0.00    0.00    0.00    0.00   97.96
20:52:41       2    2.17    0.00   33.70    1.09    0.00    1.09    0.00    0.00    0.00   61.96
20:52:41       3    3.26    0.00   32.61    0.00    0.00    3.26    0.00    0.00    0.00   60.87

20:52:41     CPU    %usr   %nice    %sys %iowait    %irq   %soft  %steal  %guest  %gnice   %idle
20:52:42     all    3.62    0.00   35.92    0.00    0.00    7.49    0.00    0.00    0.00   52.97
20:52:42       0    2.00    0.00   75.00    0.00    0.00   23.00    0.00    0.00    0.00    0.00
20:52:42       1    5.05    0.00    1.01    0.00    0.00    0.00    0.00    0.00    0.00   93.94
20:52:42       2    5.32    0.00   32.98    0.00    0.00    3.19    0.00    0.00    0.00   58.51
20:52:42       3    2.13    0.00   34.04    0.00    0.00    3.19    0.00    0.00    0.00   60.64

20:52:42     CPU    %usr   %nice    %sys %iowait    %irq   %soft  %steal  %guest  %gnice   %idle
20:52:43     all   16.80    0.00   36.43    0.00    0.00    6.46    0.00    0.00    0.00   40.31
20:52:43       0    0.99    0.00   77.23    0.00    0.00   21.78    0.00    0.00    0.00    0.00
20:52:43       1   35.35    0.00    1.01    0.00    0.00    0.00    0.00    0.00    0.00   63.64
20:52:43       2   26.60    0.00   27.66    0.00    0.00    1.06    0.00    0.00    0.00   44.68
20:52:43       3    4.30    0.00   38.71    0.00    0.00    2.15    0.00    0.00    0.00   54.84

20:52:43     CPU    %usr   %nice    %sys %iowait    %irq   %soft  %steal  %guest  %gnice   %idle
20:52:44     all    5.99    0.00   39.84    0.00    0.00    7.03    0.00    0.00    0.00   47.14
20:52:44       0    2.02    0.00   76.77    0.00    0.00   21.21    0.00    0.00    0.00    0.00
20:52:44       1    9.18    0.00   12.24    0.00    0.00    0.00    0.00    0.00    0.00   78.57
20:52:44       2    6.45    0.00   33.33    0.00    0.00    3.23    0.00    0.00    0.00   56.99
20:52:44       3    6.38    0.00   36.17    0.00    0.00    3.19    0.00    0.00    0.00   54.26

20:52:44     CPU    %usr   %nice    %sys %iowait    %irq   %soft  %steal  %guest  %gnice   %idle
20:52:45     all    4.92    0.00   36.79    0.00    0.00    6.74    0.00    0.00    0.00   51.55
20:52:45       0    2.00    0.00   75.00    0.00    0.00   23.00    0.00    0.00    0.00    0.00
20:52:45       1    5.05    0.00    2.02    0.00    0.00    0.00    0.00    0.00    0.00   92.93
20:52:45       2   10.75    0.00   32.26    0.00    0.00    2.15    0.00    0.00    0.00   54.84
20:52:45       3    2.13    0.00   37.23    0.00    0.00    1.06    0.00    0.00    0.00   59.57

20:52:45     CPU    %usr   %nice    %sys %iowait    %irq   %soft  %steal  %guest  %gnice   %idle
20:52:46     all    2.62    0.00   35.70    0.00    0.00    7.35    0.00    0.00    0.00   54.33
20:52:46       0    1.00    0.00   75.00    0.00    0.00   24.00    0.00    0.00    0.00    0.00
20:52:46       1    3.06    0.00    0.00    0.00    0.00    0.00    0.00    0.00    0.00   96.94
20:52:46       2    2.22    0.00   33.33    0.00    0.00    2.22    0.00    0.00    0.00   62.22
20:52:46       3    4.30    0.00   33.33    0.00    0.00    2.15    0.00    0.00    0.00   60.22

20:52:46     CPU    %usr   %nice    %sys %iowait    %irq   %soft  %steal  %guest  %gnice   %idle
20:52:47     all    1.57    0.00   34.82    0.00    0.00    7.33    0.00    0.00    0.00   56.28
20:52:47       0    1.96    0.00   73.53    0.00    0.00   23.53    0.00    0.00    0.00    0.98
20:52:47       1    1.01    0.00    0.00    0.00    0.00    0.00    0.00    0.00    0.00   98.99
20:52:47       2    2.22    0.00   31.11    0.00    0.00    2.22    0.00    0.00    0.00   64.44
20:52:47       3    1.10    0.00   32.97    0.00    0.00    2.20    0.00    0.00    0.00   63.74

20:52:47     CPU    %usr   %nice    %sys %iowait    %irq   %soft  %steal  %guest  %gnice   %idle
20:52:48     all    1.58    0.00   36.15    0.00    0.00    6.86    0.00    0.00    0.00   55.41
20:52:48       0    1.01    0.00   75.76    0.00    0.00   23.23    0.00    0.00    0.00    0.00
20:52:48       1    1.01    0.00    1.01    0.00    0.00    0.00    0.00    0.00    0.00   97.98
20:52:48       2    1.09    0.00   35.87    0.00    0.00    1.09    0.00    0.00    0.00   61.96
20:52:48       3    3.37    0.00   31.46    0.00    0.00    2.25    0.00    0.00    0.00   62.92

20:52:48     CPU    %usr   %nice    %sys %iowait    %irq   %soft  %steal  %guest  %gnice   %idle
20:52:49     all    6.54    0.26   34.55    0.00    0.00    7.85    0.00    0.00    0.00   50.79
20:52:49       0    4.00    0.00   71.00    0.00    0.00   25.00    0.00    0.00    0.00    0.00
20:52:49       1   10.10    1.01    2.02    0.00    0.00    0.00    0.00    0.00    0.00   86.87
20:52:49       2    5.49    0.00   31.87    0.00    0.00    3.30    0.00    0.00    0.00   59.34
20:52:49       3    6.52    0.00   32.61    0.00    0.00    2.17    0.00    0.00    0.00   58.70

20:52:49     CPU    %usr   %nice    %sys %iowait    %irq   %soft  %steal  %guest  %gnice   %idle
20:52:50     all    1.57    0.00   35.34    0.00    0.00    7.59    0.00    0.00    0.00   55.50
20:52:50       0    2.00    0.00   74.00    0.00    0.00   24.00    0.00    0.00    0.00    0.00
20:52:50       1    1.02    0.00    0.00    0.00    0.00    0.00    0.00    0.00    0.00   98.98
20:52:50       2    1.11    0.00   33.33    0.00    0.00    2.22    0.00    0.00    0.00   63.33
20:52:50       3    2.13    0.00   32.98    0.00    0.00    3.19    0.00    0.00    0.00   61.70

20:52:50     CPU    %usr   %nice    %sys %iowait    %irq   %soft  %steal  %guest  %gnice   %idle
20:52:51     all   11.55    0.00   35.17    0.00    0.00    7.09    0.00    0.00    0.00   46.19
20:52:51       0    3.00    0.00   73.00    0.00    0.00   24.00    0.00    0.00    0.00    0.00
20:52:51       1   15.46    0.00    2.06    0.00    0.00    0.00    0.00    0.00    0.00   82.47
20:52:51       2   12.90    0.00   32.26    0.00    0.00    2.15    0.00    0.00    0.00   52.69
20:52:51       3   15.38    0.00   31.87    0.00    0.00    1.10    0.00    0.00    0.00   51.65

20:52:51     CPU    %usr   %nice    %sys %iowait    %irq   %soft  %steal  %guest  %gnice   %idle
20:52:52     all   35.49    0.00   34.72    0.00    0.00    6.48    0.00    0.00    0.00   23.32
20:52:52       0   12.12    0.00   64.65    0.00    0.00   21.21    0.00    0.00    0.00    2.02
20:52:52       1   56.12    0.00    7.14    0.00    0.00    0.00    0.00    0.00    0.00   36.73
20:52:52       2   34.41    0.00   34.41    0.00    0.00    1.08    0.00    0.00    0.00   30.11
20:52:52       3   39.58    0.00   32.29    0.00    0.00    3.12    0.00    0.00    0.00   25.00

20:52:52     CPU    %usr   %nice    %sys %iowait    %irq   %soft  %steal  %guest  %gnice   %idle
20:52:53     all    3.67    0.00   35.96    0.00    0.00    7.35    0.00    0.00    0.00   53.02
20:52:53       0    2.02    0.00   73.74    0.00    0.00   24.24    0.00    0.00    0.00    0.00
20:52:53       1    6.12    0.00    1.02    0.00    0.00    0.00    0.00    0.00    0.00   92.86
20:52:53       2    2.17    0.00   34.78    0.00    0.00    2.17    0.00    0.00    0.00   60.87
20:52:53       3    4.35    0.00   33.70    0.00    0.00    2.17    0.00    0.00    0.00   59.78

20:52:53     CPU    %usr   %nice    %sys %iowait    %irq   %soft  %steal  %guest  %gnice   %idle
20:52:54     all    2.35    0.00   36.81    0.00    0.00    7.57    0.00    0.00    0.00   53.26
20:52:54       0    1.00    0.00   75.00    0.00    0.00   24.00    0.00    0.00    0.00    0.00
20:52:54       1    3.06    0.00    1.02    0.00    0.00    0.00    0.00    0.00    0.00   95.92
20:52:54       2    1.09    0.00   34.78    0.00    0.00    2.17    0.00    0.00    0.00   61.96
20:52:54       3    4.30    0.00   35.48    0.00    0.00    3.23    0.00    0.00    0.00   56.99

20:52:54     CPU    %usr   %nice    %sys %iowait    %irq   %soft  %steal  %guest  %gnice   %idle
20:52:55     all    1.56    0.00   35.42    0.00    0.00    7.81    0.00    0.00    0.00   55.21
20:52:55       0    2.00    0.00   73.00    0.00    0.00   25.00    0.00    0.00    0.00    0.00
20:52:55       1    1.01    0.00    1.01    0.00    0.00    0.00    0.00    0.00    0.00   97.98
20:52:55       2    1.09    0.00   34.78    0.00    0.00    2.17    0.00    0.00    0.00   61.96
20:52:55       3    2.15    0.00   32.26    0.00    0.00    3.23    0.00    0.00    0.00   62.37

20:52:55     CPU    %usr   %nice    %sys %iowait    %irq   %soft  %steal  %guest  %gnice   %idle
20:52:56     all    2.60    0.00   35.68    0.00    0.00    7.29    0.00    0.00    0.00   54.43
20:52:56       0    1.00    0.00   75.00    0.00    0.00   24.00    0.00    0.00    0.00    0.00
20:52:56       1    3.03    0.00    0.00    0.00    0.00    0.00    0.00    0.00    0.00   96.97
20:52:56       2    3.19    0.00   34.04    0.00    0.00    2.13    0.00    0.00    0.00   60.64
20:52:56       3    3.30    0.00   32.97    0.00    0.00    2.20    0.00    0.00    0.00   61.54

20:52:56     CPU    %usr   %nice    %sys %iowait    %irq   %soft  %steal  %guest  %gnice   %idle
20:52:57     all    2.60    0.00   36.36    0.00    0.00    6.75    0.00    0.00    0.00   54.29
20:52:57       0    2.00    0.00   75.00    0.00    0.00   23.00    0.00    0.00    0.00    0.00
20:52:57       1    1.02    0.00    0.00    0.00    0.00    0.00    0.00    0.00    0.00   98.98
20:52:57       2    2.17    0.00   33.70    0.00    0.00    2.17    0.00    0.00    0.00   61.96
20:52:57       3    5.26    0.00   35.79    0.00    0.00    1.05    0.00    0.00    0.00   57.89

20:52:57     CPU    %usr   %nice    %sys %iowait    %irq   %soft  %steal  %guest  %gnice   %idle
20:52:58     all    1.57    0.00   35.96    0.00    0.00    7.35    0.00    0.00    0.00   55.12
20:52:58       0    2.97    0.00   73.27    0.00    0.00   23.76    0.00    0.00    0.00    0.00
20:52:58       1    0.00    0.00    1.03    0.00    0.00    0.00    0.00    0.00    0.00   98.97
20:52:58       2    1.11    0.00   33.33    0.00    0.00    2.22    0.00    0.00    0.00   63.33
20:52:58       3    2.15    0.00   34.41    0.00    0.00    2.15    0.00    0.00    0.00   61.29
