Linux 7.0.0-31-generic (ubuntu) 	09/10/26 	_aarch64_	(4 CPU)

23:50:59     CPU    %usr   %nice    %sys %iowait    %irq   %soft  %steal  %guest  %gnice   %idle
23:51:00     all    2.67    0.00   73.07    0.00    0.00   15.20    0.00    0.00    0.00    9.07
23:51:00       0    2.00    0.00   74.00    0.00    0.00   24.00    0.00    0.00    0.00    0.00
23:51:00       1    1.98    0.00   74.26    0.00    0.00   23.76    0.00    0.00    0.00    0.00
23:51:00       2    2.30    0.00   73.56    0.00    0.00    4.60    0.00    0.00    0.00   19.54
23:51:00       3    4.60    0.00   70.11    0.00    0.00    5.75    0.00    0.00    0.00   19.54

23:51:00     CPU    %usr   %nice    %sys %iowait    %irq   %soft  %steal  %guest  %gnice   %idle
23:51:01     all    1.63    0.00   72.01    0.00    0.00   16.58    0.00    0.00    0.00    9.78
23:51:01       0    2.00    0.00   71.00    0.00    0.00   27.00    0.00    0.00    0.00    0.00
23:51:01       1    1.00    0.00   71.00    0.00    0.00   27.00    0.00    0.00    0.00    1.00
23:51:01       2    1.20    0.00   73.49    0.00    0.00    4.82    0.00    0.00    0.00   20.48
23:51:01       3    2.35    0.00   72.94    0.00    0.00    3.53    0.00    0.00    0.00   21.18

23:51:01     CPU    %usr   %nice    %sys %iowait    %irq   %soft  %steal  %guest  %gnice   %idle
23:51:02     all    2.16    0.00   72.78    0.00    0.00   15.36    0.00    0.00    0.00    9.70
23:51:02       0    2.00    0.00   76.00    0.00    0.00   22.00    0.00    0.00    0.00    0.00
23:51:02       1    1.98    0.00   72.28    0.00    0.00   25.74    0.00    0.00    0.00    0.00
23:51:02       2    2.27    0.00   72.73    0.00    0.00    4.55    0.00    0.00    0.00   20.45
23:51:02       3    2.44    0.00   69.51    0.00    0.00    6.10    0.00    0.00    0.00   21.95

23:51:02     CPU    %usr   %nice    %sys %iowait    %irq   %soft  %steal  %guest  %gnice   %idle
23:51:03     all    1.63    0.00   71.93    0.00    0.00   16.89    0.00    0.00    0.00    9.54
23:51:03       0    0.00    0.00   74.75    0.00    0.00   25.25    0.00    0.00    0.00    0.00
23:51:03       1    1.01    0.00   70.71    0.00    0.00   28.28    0.00    0.00    0.00    0.00
23:51:03       2    2.38    0.00   70.24    0.00    0.00    5.95    0.00    0.00    0.00   21.43
23:51:03       3    3.53    0.00   71.76    0.00    0.00    4.71    0.00    0.00    0.00   20.00

23:51:03     CPU    %usr   %nice    %sys %iowait    %irq   %soft  %steal  %guest  %gnice   %idle
23:51:04     all    1.89    0.00   74.12    0.00    0.00   14.56    0.00    0.00    0.00    9.43
23:51:04       0    1.98    0.00   74.26    0.00    0.00   23.76    0.00    0.00    0.00    0.00
23:51:04       1    1.00    0.00   76.00    0.00    0.00   23.00    0.00    0.00    0.00    0.00
23:51:04       2    2.38    0.00   73.81    0.00    0.00    3.57    0.00    0.00    0.00   20.24
23:51:04       3    2.33    0.00   72.09    0.00    0.00    4.65    0.00    0.00    0.00   20.93

23:51:04     CPU    %usr   %nice    %sys %iowait    %irq   %soft  %steal  %guest  %gnice   %idle
23:51:05     all    2.19    0.00   72.68    0.00    0.00   15.85    0.00    0.00    0.00    9.29
23:51:05       0    2.00    0.00   74.00    0.00    0.00   24.00    0.00    0.00    0.00    0.00
23:51:05       1    1.00    0.00   75.00    0.00    0.00   24.00    0.00    0.00    0.00    0.00
23:51:05       2    3.57    0.00   70.24    0.00    0.00    5.95    0.00    0.00    0.00   20.24
23:51:05       3    2.44    0.00   70.73    0.00    0.00    6.10    0.00    0.00    0.00   20.73

23:51:05     CPU    %usr   %nice    %sys %iowait    %irq   %soft  %steal  %guest  %gnice   %idle
23:51:06     all    2.41    0.00   72.39    0.00    0.00   15.82    0.00    0.00    0.00    9.38
23:51:06       0    1.00    0.00   73.00    0.00    0.00   26.00    0.00    0.00    0.00    0.00
23:51:06       1    3.00    0.00   72.00    0.00    0.00   25.00    0.00    0.00    0.00    0.00
23:51:06       2    1.18    0.00   74.12    0.00    0.00    4.71    0.00    0.00    0.00   20.00
23:51:06       3    4.55    0.00   70.45    0.00    0.00    4.55    0.00    0.00    0.00   20.45

23:51:06     CPU    %usr   %nice    %sys %iowait    %irq   %soft  %steal  %guest  %gnice   %idle
23:51:07     all    1.61    0.00   73.39    0.00    0.00   15.59    0.00    0.00    0.00    9.41
23:51:07       0    1.98    0.00   75.25    0.00    0.00   22.77    0.00    0.00    0.00    0.00
23:51:07       1    0.00    0.00   75.00    0.00    0.00   25.00    0.00    0.00    0.00    0.00
23:51:07       2    2.30    0.00   71.26    0.00    0.00    5.75    0.00    0.00    0.00   20.69
23:51:07       3    2.38    0.00   71.43    0.00    0.00    5.95    0.00    0.00    0.00   20.24

23:51:07     CPU    %usr   %nice    %sys %iowait    %irq   %soft  %steal  %guest  %gnice   %idle
23:51:08     all    1.63    0.00   72.48    0.00    0.00   16.62    0.00    0.00    0.00    9.26
23:51:08       0    1.01    0.00   71.72    0.00    0.00   27.27    0.00    0.00    0.00    0.00
23:51:08       1    1.98    0.00   73.27    0.00    0.00   24.75    0.00    0.00    0.00    0.00
23:51:08       2    1.22    0.00   71.95    0.00    0.00    6.10    0.00    0.00    0.00   20.73
23:51:08       3    2.35    0.00   72.94    0.00    0.00    4.71    0.00    0.00    0.00   20.00

23:51:08     CPU    %usr   %nice    %sys %iowait    %irq   %soft  %steal  %guest  %gnice   %idle
23:51:09     all    1.63    0.00   73.10    0.00    0.00   15.49    0.00    0.00    0.00    9.78
23:51:09       0    2.00    0.00   74.00    0.00    0.00   24.00    0.00    0.00    0.00    0.00
23:51:09       1    1.01    0.00   73.74    0.00    0.00   25.25    0.00    0.00    0.00    0.00
23:51:09       2    1.19    0.00   71.43    0.00    0.00    5.95    0.00    0.00    0.00   21.43
23:51:09       3    2.35    0.00   72.94    0.00    0.00    3.53    0.00    0.00    0.00   21.18

23:51:09     CPU    %usr   %nice    %sys %iowait    %irq   %soft  %steal  %guest  %gnice   %idle
23:51:10     all    3.23    0.00   71.43    0.00    0.00   16.17    0.00    0.00    0.00    9.16
23:51:10       0    0.99    0.00   72.28    0.00    0.00   25.74    0.00    0.00    0.00    0.99
23:51:10       1    1.01    0.00   72.73    0.00    0.00   26.26    0.00    0.00    0.00    0.00
23:51:10       2    3.53    0.00   71.76    0.00    0.00    4.71    0.00    0.00    0.00   20.00
23:51:10       3    8.14    0.00   68.60    0.00    0.00    4.65    0.00    0.00    0.00   18.60

23:51:10     CPU    %usr   %nice    %sys %iowait    %irq   %soft  %steal  %guest  %gnice   %idle
23:51:11     all    1.60    0.00   72.99    0.00    0.00   16.04    0.00    0.00    0.00    9.36
23:51:11       0    1.00    0.00   73.00    0.00    0.00   26.00    0.00    0.00    0.00    0.00
23:51:11       1    1.00    0.00   76.00    0.00    0.00   23.00    0.00    0.00    0.00    0.00
23:51:11       2    2.27    0.00   71.59    0.00    0.00    6.82    0.00    0.00    0.00   19.32
23:51:11       3    2.33    0.00   70.93    0.00    0.00    5.81    0.00    0.00    0.00   20.93

23:51:11     CPU    %usr   %nice    %sys %iowait    %irq   %soft  %steal  %guest  %gnice   %idle
23:51:12     all    2.16    0.27   72.70    0.00    0.00   15.14    0.00    0.00    0.00    9.73
23:51:12       0    1.01    0.00   73.74    0.00    0.00   25.25    0.00    0.00    0.00    0.00
23:51:12       1    2.00    0.00   74.00    0.00    0.00   24.00    0.00    0.00    0.00    0.00
23:51:12       2    2.38    1.19   72.62    0.00    0.00    2.38    0.00    0.00    0.00   21.43
23:51:12       3    3.45    0.00   70.11    0.00    0.00    5.75    0.00    0.00    0.00   20.69

23:51:12     CPU    %usr   %nice    %sys %iowait    %irq   %soft  %steal  %guest  %gnice   %idle
23:51:13     all    2.16    0.00   73.32    0.00    0.00   15.36    0.00    0.00    0.00    9.16
23:51:13       0    1.98    0.00   73.27    0.00    0.00   24.75    0.00    0.00    0.00    0.00
23:51:13       1    1.98    0.00   75.25    0.00    0.00   22.77    0.00    0.00    0.00    0.00
23:51:13       2    3.41    0.00   71.59    0.00    0.00    5.68    0.00    0.00    0.00   19.32
23:51:13       3    1.23    0.00   72.84    0.00    0.00    4.94    0.00    0.00    0.00   20.99

23:51:13     CPU    %usr   %nice    %sys %iowait    %irq   %soft  %steal  %guest  %gnice   %idle
23:51:14     all    1.90    0.00   72.09    0.00    0.00   16.26    0.00    0.00    0.00    9.76
23:51:14       0    1.00    0.00   71.00    0.00    0.00   28.00    0.00    0.00    0.00    0.00
23:51:14       1    2.00    0.00   73.00    0.00    0.00   25.00    0.00    0.00    0.00    0.00
23:51:14       2    2.44    0.00   70.73    0.00    0.00    4.88    0.00    0.00    0.00   21.95
23:51:14       3    2.30    0.00   73.56    0.00    0.00    3.45    0.00    0.00    0.00   20.69

23:51:14     CPU    %usr   %nice    %sys %iowait    %irq   %soft  %steal  %guest  %gnice   %idle
23:51:15     all    1.89    0.00   73.32    0.00    0.00   15.63    0.00    0.00    0.00    9.16
23:51:15       0    1.00    0.00   74.00    0.00    0.00   25.00    0.00    0.00    0.00    0.00
23:51:15       1    2.00    0.00   73.00    0.00    0.00   25.00    0.00    0.00    0.00    0.00
23:51:15       2    2.35    0.00   72.94    0.00    0.00    4.71    0.00    0.00    0.00   20.00
23:51:15       3    2.33    0.00   73.26    0.00    0.00    4.65    0.00    0.00    0.00   19.77

23:51:15     CPU    %usr   %nice    %sys %iowait    %irq   %soft  %steal  %guest  %gnice   %idle
23:51:16     all    2.96    0.00   70.62    0.00    0.00   16.71    0.00    0.00    0.00    9.70
23:51:16       0    3.00    0.00   70.00    0.00    0.00   27.00    0.00    0.00    0.00    0.00
23:51:16       1    1.01    0.00   72.73    0.00    0.00   26.26    0.00    0.00    0.00    0.00
23:51:16       2    5.75    0.00   70.11    0.00    0.00    4.60    0.00    0.00    0.00   19.54
23:51:16       3    2.35    0.00   69.41    0.00    0.00    5.88    0.00    0.00    0.00   22.35

23:51:16     CPU    %usr   %nice    %sys %iowait    %irq   %soft  %steal  %guest  %gnice   %idle
23:51:17     all    2.14    0.00   72.39    0.00    0.00   15.82    0.00    0.00    0.00    9.65
23:51:17       0    1.00    0.00   72.00    0.00    0.00   27.00    0.00    0.00    0.00    0.00
23:51:17       1    2.00    0.00   75.00    0.00    0.00   23.00    0.00    0.00    0.00    0.00
23:51:17       2    3.45    0.00   70.11    0.00    0.00    5.75    0.00    0.00    0.00   20.69
23:51:17       3    2.33    0.00   72.09    0.00    0.00    4.65    0.00    0.00    0.00   20.93
