Linux 7.0.0-31-generic (ubuntu) 	09/10/26 	_aarch64_	(4 CPU)

23:52:20     CPU    %usr   %nice    %sys %iowait    %irq   %soft  %steal  %guest  %gnice   %idle
23:52:21     all    2.13    0.00   73.14    0.00    0.00   15.43    0.00    0.00    0.00    9.31
23:52:21       0    1.98    0.00   73.27    0.00    0.00   24.75    0.00    0.00    0.00    0.00
23:52:21       1    1.98    0.00   74.26    0.00    0.00   23.76    0.00    0.00    0.00    0.00
23:52:21       2    2.30    0.00   72.41    0.00    0.00    4.60    0.00    0.00    0.00   20.69
23:52:21       3    2.30    0.00   72.41    0.00    0.00    5.75    0.00    0.00    0.00   19.54

23:52:21     CPU    %usr   %nice    %sys %iowait    %irq   %soft  %steal  %guest  %gnice   %idle
23:52:22     all    2.38    0.00   72.75    0.00    0.00   15.08    0.00    0.00    0.00    9.79
23:52:22       0    2.00    0.00   73.00    0.00    0.00   25.00    0.00    0.00    0.00    0.00
23:52:22       1    2.00    0.00   75.00    0.00    0.00   23.00    0.00    0.00    0.00    0.00
23:52:22       2    3.37    0.00   71.91    0.00    0.00    4.49    0.00    0.00    0.00   20.22
23:52:22       3    2.25    0.00   70.79    0.00    0.00    5.62    0.00    0.00    0.00   21.35

23:52:22     CPU    %usr   %nice    %sys %iowait    %irq   %soft  %steal  %guest  %gnice   %idle
23:52:23     all    1.64    0.00   72.95    0.00    0.00   15.57    0.00    0.00    0.00    9.84
23:52:23       0    1.00    0.00   75.00    0.00    0.00   24.00    0.00    0.00    0.00    0.00
23:52:23       1    1.00    0.00   74.00    0.00    0.00   25.00    0.00    0.00    0.00    0.00
23:52:23       2    2.41    0.00   69.88    0.00    0.00    6.02    0.00    0.00    0.00   21.69
23:52:23       3    2.41    0.00   72.29    0.00    0.00    3.61    0.00    0.00    0.00   21.69

23:52:23     CPU    %usr   %nice    %sys %iowait    %irq   %soft  %steal  %guest  %gnice   %idle
23:52:24     all    2.15    0.00   72.58    0.00    0.00   15.32    0.00    0.00    0.00    9.95
23:52:24       0    0.99    0.00   75.25    0.00    0.00   22.77    0.00    0.00    0.00    0.99
23:52:24       1    2.00    0.00   71.00    0.00    0.00   27.00    0.00    0.00    0.00    0.00
23:52:24       2    3.45    0.00   72.41    0.00    0.00    3.45    0.00    0.00    0.00   20.69
23:52:24       3    2.38    0.00   71.43    0.00    0.00    4.76    0.00    0.00    0.00   21.43

23:52:24     CPU    %usr   %nice    %sys %iowait    %irq   %soft  %steal  %guest  %gnice   %idle
23:52:25     all    1.88    0.00   73.19    0.00    0.00   15.28    0.00    0.00    0.00    9.65
23:52:25       0    2.02    0.00   74.75    0.00    0.00   23.23    0.00    0.00    0.00    0.00
23:52:25       1    1.00    0.00   73.00    0.00    0.00   26.00    0.00    0.00    0.00    0.00
23:52:25       2    2.33    0.00   72.09    0.00    0.00    4.65    0.00    0.00    0.00   20.93
23:52:25       3    2.27    0.00   72.73    0.00    0.00    4.55    0.00    0.00    0.00   20.45

23:52:25     CPU    %usr   %nice    %sys %iowait    %irq   %soft  %steal  %guest  %gnice   %idle
23:52:26     all    2.13    0.00   72.27    0.00    0.00   16.27    0.00    0.00    0.00    9.33
23:52:26       0    1.98    0.00   72.28    0.00    0.00   25.74    0.00    0.00    0.00    0.00
23:52:26       1    2.00    0.00   73.00    0.00    0.00   25.00    0.00    0.00    0.00    0.00
23:52:26       2    1.15    0.00   73.56    0.00    0.00    5.75    0.00    0.00    0.00   19.54
23:52:26       3    3.45    0.00   70.11    0.00    0.00    5.75    0.00    0.00    0.00   20.69

23:52:26     CPU    %usr   %nice    %sys %iowait    %irq   %soft  %steal  %guest  %gnice   %idle
23:52:27     all    2.13    0.00   71.47    0.00    0.00   16.53    0.00    0.00    0.00    9.87
23:52:27       0    1.98    0.00   71.29    0.00    0.00   26.73    0.00    0.00    0.00    0.00
23:52:27       1    1.00    0.00   72.00    0.00    0.00   27.00    0.00    0.00    0.00    0.00
23:52:27       2    2.25    0.00   71.91    0.00    0.00    4.49    0.00    0.00    0.00   21.35
23:52:27       3    3.53    0.00   70.59    0.00    0.00    4.71    0.00    0.00    0.00   21.18

23:52:27     CPU    %usr   %nice    %sys %iowait    %irq   %soft  %steal  %guest  %gnice   %idle
23:52:28     all    2.41    0.00   72.99    0.00    0.00   14.97    0.00    0.00    0.00    9.63
23:52:28       0    2.02    0.00   73.74    0.00    0.00   24.24    0.00    0.00    0.00    0.00
23:52:28       1    2.00    0.00   74.00    0.00    0.00   24.00    0.00    0.00    0.00    0.00
23:52:28       2    2.33    0.00   72.09    0.00    0.00    4.65    0.00    0.00    0.00   20.93
23:52:28       3    3.37    0.00   71.91    0.00    0.00    4.49    0.00    0.00    0.00   20.22

23:52:28     CPU    %usr   %nice    %sys %iowait    %irq   %soft  %steal  %guest  %gnice   %idle
23:52:29     all    2.42    0.00   72.31    0.00    0.00   15.32    0.00    0.00    0.00    9.95
23:52:29       0    1.01    0.00   72.73    0.00    0.00   26.26    0.00    0.00    0.00    0.00
23:52:29       1    1.98    0.00   74.26    0.00    0.00   22.77    0.00    0.00    0.00    0.99
23:52:29       2    2.30    0.00   72.41    0.00    0.00    4.60    0.00    0.00    0.00   20.69
23:52:29       3    4.71    0.00   69.41    0.00    0.00    4.71    0.00    0.00    0.00   21.18

23:52:29     CPU    %usr   %nice    %sys %iowait    %irq   %soft  %steal  %guest  %gnice   %idle
23:52:30     all    1.62    0.00   72.70    0.00    0.00   15.68    0.00    0.00    0.00   10.00
23:52:30       0    2.00    0.00   72.00    0.00    0.00   26.00    0.00    0.00    0.00    0.00
23:52:30       1    1.01    0.00   75.76    0.00    0.00   23.23    0.00    0.00    0.00    0.00
23:52:30       2    1.18    0.00   71.76    0.00    0.00    4.71    0.00    0.00    0.00   22.35
23:52:30       3    2.33    0.00   70.93    0.00    0.00    5.81    0.00    0.00    0.00   20.93

23:52:30     CPU    %usr   %nice    %sys %iowait    %irq   %soft  %steal  %guest  %gnice   %idle
23:52:31     all    2.13    0.00   72.87    0.00    0.00   15.43    0.00    0.00    0.00    9.57
23:52:31       0    2.97    0.00   74.26    0.00    0.00   22.77    0.00    0.00    0.00    0.00
23:52:31       1    1.96    0.00   71.57    0.00    0.00   26.47    0.00    0.00    0.00    0.00
23:52:31       2    1.16    0.00   73.26    0.00    0.00    4.65    0.00    0.00    0.00   20.93
23:52:31       3    2.30    0.00   72.41    0.00    0.00    4.60    0.00    0.00    0.00   20.69

23:52:31     CPU    %usr   %nice    %sys %iowait    %irq   %soft  %steal  %guest  %gnice   %idle
23:52:32     all    1.62    0.00   72.97    0.00    0.00   15.68    0.00    0.00    0.00    9.73
23:52:32       0    0.00    0.00   73.74    0.00    0.00   26.26    0.00    0.00    0.00    0.00
23:52:32       1    1.02    0.00   72.45    0.00    0.00   26.53    0.00    0.00    0.00    0.00
23:52:32       2    2.35    0.00   72.94    0.00    0.00    3.53    0.00    0.00    0.00   21.18
23:52:32       3    3.41    0.00   72.73    0.00    0.00    3.41    0.00    0.00    0.00   20.45

23:52:32     CPU    %usr   %nice    %sys %iowait    %irq   %soft  %steal  %guest  %gnice   %idle
23:52:33     all    2.43    0.00   72.70    0.00    0.00   14.86    0.00    0.00    0.00   10.00
23:52:33       0    4.00    0.00   73.00    0.00    0.00   23.00    0.00    0.00    0.00    0.00
23:52:33       1    1.00    0.00   74.00    0.00    0.00   25.00    0.00    0.00    0.00    0.00
23:52:33       2    1.18    0.00   71.76    0.00    0.00    4.71    0.00    0.00    0.00   22.35
23:52:33       3    3.53    0.00   71.76    0.00    0.00    3.53    0.00    0.00    0.00   21.18

23:52:33     CPU    %usr   %nice    %sys %iowait    %irq   %soft  %steal  %guest  %gnice   %idle
23:52:34     all    2.39    0.00   72.94    0.27    0.00   14.85    0.00    0.00    0.00    9.55
23:52:34       0    1.01    0.00   74.75    0.00    0.00   24.24    0.00    0.00    0.00    0.00
23:52:34       1    1.98    0.00   74.26    0.00    0.00   23.76    0.00    0.00    0.00    0.00
23:52:34       2    2.27    0.00   72.73    1.14    0.00    3.41    0.00    0.00    0.00   20.45
23:52:34       3    4.49    0.00   69.66    0.00    0.00    5.62    0.00    0.00    0.00   20.22

23:52:34     CPU    %usr   %nice    %sys %iowait    %irq   %soft  %steal  %guest  %gnice   %idle
23:52:35     all    1.87    0.00   71.39    0.00    0.00   16.84    0.00    0.00    0.00    9.89
23:52:35       0    0.99    0.00   73.27    0.00    0.00   25.74    0.00    0.00    0.00    0.00
23:52:35       1    1.00    0.00   72.00    0.00    0.00   27.00    0.00    0.00    0.00    0.00
23:52:35       2    2.27    0.00   69.32    0.00    0.00    6.82    0.00    0.00    0.00   21.59
23:52:35       3    3.53    0.00   70.59    0.00    0.00    4.71    0.00    0.00    0.00   21.18

23:52:35     CPU    %usr   %nice    %sys %iowait    %irq   %soft  %steal  %guest  %gnice   %idle
23:52:36     all    1.91    0.00   72.48    0.00    0.00   15.80    0.00    0.00    0.00    9.81
23:52:36       0    1.98    0.00   73.27    0.00    0.00   24.75    0.00    0.00    0.00    0.00
23:52:36       1    1.01    0.00   72.73    0.00    0.00   26.26    0.00    0.00    0.00    0.00
23:52:36       2    1.20    0.00   73.49    0.00    0.00    3.61    0.00    0.00    0.00   21.69
23:52:36       3    3.57    0.00   70.24    0.00    0.00    4.76    0.00    0.00    0.00   21.43

23:52:36     CPU    %usr   %nice    %sys %iowait    %irq   %soft  %steal  %guest  %gnice   %idle
23:52:37     all    1.35    0.00   73.05    0.00    0.00   15.90    0.00    0.00    0.00    9.70
23:52:37       0    1.01    0.00   73.74    0.00    0.00   25.25    0.00    0.00    0.00    0.00
23:52:37       1    1.00    0.00   74.00    0.00    0.00   25.00    0.00    0.00    0.00    0.00
23:52:37       2    1.18    0.00   71.76    0.00    0.00    5.88    0.00    0.00    0.00   21.18
23:52:37       3    2.30    0.00   72.41    0.00    0.00    4.60    0.00    0.00    0.00   20.69

23:52:37     CPU    %usr   %nice    %sys %iowait    %irq   %soft  %steal  %guest  %gnice   %idle
23:52:38     all    1.89    0.00   71.35    0.00    0.00   16.49    0.00    0.00    0.00   10.27
23:52:38       0    1.98    0.00   70.30    0.00    0.00   26.73    0.00    0.00    0.00    0.99
23:52:38       1    1.00    0.00   73.00    0.00    0.00   26.00    0.00    0.00    0.00    0.00
23:52:38       2    2.35    0.00   70.59    0.00    0.00    4.71    0.00    0.00    0.00   22.35
23:52:38       3    2.38    0.00   71.43    0.00    0.00    4.76    0.00    0.00    0.00   21.43
