Linux 7.0.0-31-generic (ubuntu) 	09/10/26 	_aarch64_	(4 CPU)

23:48:57     CPU    %usr   %nice    %sys %iowait    %irq   %soft  %steal  %guest  %gnice   %idle
23:48:58     all    2.14    0.00   72.99    0.00    0.00   14.71    0.00    0.00    0.00   10.16
23:48:58       0    1.00    0.00   74.00    0.00    0.00   25.00    0.00    0.00    0.00    0.00
23:48:58       1    2.00    0.00   76.00    0.00    0.00   22.00    0.00    0.00    0.00    0.00
23:48:58       2    2.30    0.00   71.26    0.00    0.00    4.60    0.00    0.00    0.00   21.84
23:48:58       3    3.45    0.00   70.11    0.00    0.00    4.60    0.00    0.00    0.00   21.84

23:48:58     CPU    %usr   %nice    %sys %iowait    %irq   %soft  %steal  %guest  %gnice   %idle
23:48:59     all    2.41    0.00   72.12    0.00    0.00   15.55    0.00    0.00    0.00    9.92
23:48:59       0    2.02    0.00   74.75    0.00    0.00   23.23    0.00    0.00    0.00    0.00
23:48:59       1    1.98    0.00   72.28    0.00    0.00   25.74    0.00    0.00    0.00    0.00
23:48:59       2    3.49    0.00   69.77    0.00    0.00    5.81    0.00    0.00    0.00   20.93
23:48:59       3    2.30    0.00   71.26    0.00    0.00    4.60    0.00    0.00    0.00   21.84

23:48:59     CPU    %usr   %nice    %sys %iowait    %irq   %soft  %steal  %guest  %gnice   %idle
23:49:00     all    2.67    0.00   72.46    0.00    0.00   15.51    0.00    0.00    0.00    9.36
23:49:00       0    1.98    0.00   74.26    0.00    0.00   23.76    0.00    0.00    0.00    0.00
23:49:00       1    0.99    0.00   72.28    0.00    0.00   25.74    0.00    0.00    0.00    0.99
23:49:00       2    2.38    0.00   72.62    0.00    0.00    4.76    0.00    0.00    0.00   20.24
23:49:00       3    5.68    0.00   70.45    0.00    0.00    4.55    0.00    0.00    0.00   19.32

23:49:00     CPU    %usr   %nice    %sys %iowait    %irq   %soft  %steal  %guest  %gnice   %idle
23:49:01     all    1.63    0.00   72.55    0.00    0.00   16.30    0.00    0.00    0.00    9.51
23:49:01       0    1.00    0.00   72.00    0.00    0.00   27.00    0.00    0.00    0.00    0.00
23:49:01       1    0.00    0.00   76.53    0.00    0.00   23.47    0.00    0.00    0.00    0.00
23:49:01       2    3.49    0.00   70.93    0.00    0.00    5.81    0.00    0.00    0.00   19.77
23:49:01       3    2.38    0.00   70.24    0.00    0.00    5.95    0.00    0.00    0.00   21.43

23:49:01     CPU    %usr   %nice    %sys %iowait    %irq   %soft  %steal  %guest  %gnice   %idle
23:49:02     all    1.61    0.00   73.19    0.00    0.00   15.28    0.00    0.00    0.00    9.92
23:49:02       0    1.00    0.00   73.00    0.00    0.00   26.00    0.00    0.00    0.00    0.00
23:49:02       1    1.00    0.00   74.00    0.00    0.00   25.00    0.00    0.00    0.00    0.00
23:49:02       2    2.33    0.00   73.26    0.00    0.00    3.49    0.00    0.00    0.00   20.93
23:49:02       3    2.30    0.00   72.41    0.00    0.00    3.45    0.00    0.00    0.00   21.84

23:49:02     CPU    %usr   %nice    %sys %iowait    %irq   %soft  %steal  %guest  %gnice   %idle
23:49:03     all    2.17    0.00   71.00    0.00    0.00   17.07    0.00    0.00    0.00    9.76
23:49:03       0    1.00    0.00   71.00    0.00    0.00   28.00    0.00    0.00    0.00    0.00
23:49:03       1    2.00    0.00   72.00    0.00    0.00   26.00    0.00    0.00    0.00    0.00
23:49:03       2    3.53    0.00   70.59    0.00    0.00    4.71    0.00    0.00    0.00   21.18
23:49:03       3    2.38    0.00   70.24    0.00    0.00    5.95    0.00    0.00    0.00   21.43

23:49:03     CPU    %usr   %nice    %sys %iowait    %irq   %soft  %steal  %guest  %gnice   %idle
23:49:04     all    2.67    0.00   72.27    0.00    0.00   15.47    0.00    0.00    0.00    9.60
23:49:04       0    2.02    0.00   71.72    0.00    0.00   26.26    0.00    0.00    0.00    0.00
23:49:04       1    1.98    0.00   74.26    0.00    0.00   23.76    0.00    0.00    0.00    0.00
23:49:04       2    2.33    0.00   72.09    0.00    0.00    4.65    0.00    0.00    0.00   20.93
23:49:04       3    4.49    0.00   70.79    0.00    0.00    4.49    0.00    0.00    0.00   20.22

23:49:04     CPU    %usr   %nice    %sys %iowait    %irq   %soft  %steal  %guest  %gnice   %idle
23:49:05     all    1.63    0.00   72.01    0.00    0.00   16.30    0.00    0.00    0.00   10.05
23:49:05       0    1.01    0.00   75.76    0.00    0.00   23.23    0.00    0.00    0.00    0.00
23:49:05       1    1.01    0.00   71.72    0.00    0.00   27.27    0.00    0.00    0.00    0.00
23:49:05       2    2.33    0.00   70.93    0.00    0.00    5.81    0.00    0.00    0.00   20.93
23:49:05       3    2.38    0.00   69.05    0.00    0.00    5.95    0.00    0.00    0.00   22.62

23:49:05     CPU    %usr   %nice    %sys %iowait    %irq   %soft  %steal  %guest  %gnice   %idle
23:49:06     all    2.65    0.00   72.94    0.00    0.00   14.85    0.00    0.00    0.00    9.55
23:49:06       0    1.94    0.00   70.87    0.00    0.00   26.21    0.00    0.00    0.00    0.97
23:49:06       1    2.00    0.00   77.00    0.00    0.00   21.00    0.00    0.00    0.00    0.00
23:49:06       2    2.33    0.00   72.09    0.00    0.00    4.65    0.00    0.00    0.00   20.93
23:49:06       3    4.55    0.00   71.59    0.00    0.00    4.55    0.00    0.00    0.00   19.32

23:49:06     CPU    %usr   %nice    %sys %iowait    %irq   %soft  %steal  %guest  %gnice   %idle
23:49:07     all    2.14    0.00   72.39    0.00    0.00   15.55    0.00    0.00    0.00    9.92
23:49:07       0    1.01    0.00   73.74    0.00    0.00   25.25    0.00    0.00    0.00    0.00
23:49:07       1    2.00    0.00   72.00    0.00    0.00   26.00    0.00    0.00    0.00    0.00
23:49:07       2    2.25    0.00   71.91    0.00    0.00    4.49    0.00    0.00    0.00   21.35
23:49:07       3    3.53    0.00   71.76    0.00    0.00    3.53    0.00    0.00    0.00   21.18

23:49:07     CPU    %usr   %nice    %sys %iowait    %irq   %soft  %steal  %guest  %gnice   %idle
23:49:08     all    1.63    0.00   72.36    0.00    0.00   16.26    0.00    0.00    0.00    9.76
23:49:08       0    2.00    0.00   72.00    0.00    0.00   26.00    0.00    0.00    0.00    0.00
23:49:08       1    1.00    0.00   74.00    0.00    0.00   25.00    0.00    0.00    0.00    0.00
23:49:08       2    1.20    0.00   74.70    0.00    0.00    3.61    0.00    0.00    0.00   20.48
23:49:08       3    2.33    0.00   68.60    0.00    0.00    6.98    0.00    0.00    0.00   22.09

23:49:08     CPU    %usr   %nice    %sys %iowait    %irq   %soft  %steal  %guest  %gnice   %idle
23:49:09     all    2.14    0.00   73.19    0.00    0.00   15.01    0.00    0.00    0.00    9.65
23:49:09       0    1.00    0.00   75.00    0.00    0.00   24.00    0.00    0.00    0.00    0.00
23:49:09       1    1.00    0.00   74.00    0.00    0.00   25.00    0.00    0.00    0.00    0.00
23:49:09       2    3.45    0.00   71.26    0.00    0.00    4.60    0.00    0.00    0.00   20.69
23:49:09       3    3.49    0.00   72.09    0.00    0.00    3.49    0.00    0.00    0.00   20.93

23:49:09     CPU    %usr   %nice    %sys %iowait    %irq   %soft  %steal  %guest  %gnice   %idle
23:49:10     all    1.87    0.00   72.99    0.00    0.00   15.51    0.00    0.00    0.00    9.63
23:49:10       0    2.00    0.00   75.00    0.00    0.00   23.00    0.00    0.00    0.00    0.00
23:49:10       1    1.98    0.00   71.29    0.00    0.00   26.73    0.00    0.00    0.00    0.00
23:49:10       2    1.16    0.00   73.26    0.00    0.00    4.65    0.00    0.00    0.00   20.93
23:49:10       3    2.30    0.00   72.41    0.00    0.00    4.60    0.00    0.00    0.00   20.69

23:49:10     CPU    %usr   %nice    %sys %iowait    %irq   %soft  %steal  %guest  %gnice   %idle
23:49:11     all    3.98    0.00   72.94    0.00    0.00   13.79    0.00    0.00    0.00    9.28
23:49:11       0    1.01    0.00   75.76    0.00    0.00   23.23    0.00    0.00    0.00    0.00
23:49:11       1    2.02    0.00   73.74    0.00    0.00   23.23    0.00    0.00    0.00    1.01
23:49:11       2    4.44    0.00   72.22    0.00    0.00    3.33    0.00    0.00    0.00   20.00
23:49:11       3    8.99    0.00   69.66    0.00    0.00    3.37    0.00    0.00    0.00   17.98

23:49:11     CPU    %usr   %nice    %sys %iowait    %irq   %soft  %steal  %guest  %gnice   %idle
23:49:12     all    2.40    0.00   72.00    0.00    0.00   16.00    0.00    0.00    0.00    9.60
23:49:12       0    1.00    0.00   75.00    0.00    0.00   24.00    0.00    0.00    0.00    0.00
23:49:12       1    1.00    0.00   74.00    0.00    0.00   25.00    0.00    0.00    0.00    0.00
23:49:12       2    5.81    0.00   67.44    0.00    0.00    6.98    0.00    0.00    0.00   19.77
23:49:12       3    2.25    0.00   70.79    0.00    0.00    5.62    0.00    0.00    0.00   21.35

23:49:12     CPU    %usr   %nice    %sys %iowait    %irq   %soft  %steal  %guest  %gnice   %idle
23:49:13     all    1.63    0.27   73.44    0.00    0.00   14.91    0.00    0.00    0.00    9.76
23:49:13       0    1.01    0.00   74.75    0.00    0.00   24.24    0.00    0.00    0.00    0.00
23:49:13       1    1.00    0.00   75.00    0.00    0.00   24.00    0.00    0.00    0.00    0.00
23:49:13       2    2.33    0.00   72.09    0.00    0.00    4.65    0.00    0.00    0.00   20.93
23:49:13       3    2.38    1.19   71.43    0.00    0.00    3.57    0.00    0.00    0.00   21.43

23:49:13     CPU    %usr   %nice    %sys %iowait    %irq   %soft  %steal  %guest  %gnice   %idle
23:49:14     all    2.13    0.00   72.80    0.00    0.00   15.47    0.00    0.00    0.00    9.60
23:49:14       0    1.98    0.00   73.27    0.00    0.00   24.75    0.00    0.00    0.00    0.00
23:49:14       1    1.98    0.00   73.27    0.00    0.00   24.75    0.00    0.00    0.00    0.00
23:49:14       2    2.30    0.00   73.56    0.00    0.00    3.45    0.00    0.00    0.00   20.69
23:49:14       3    2.33    0.00   70.93    0.00    0.00    5.81    0.00    0.00    0.00   20.93

23:49:14     CPU    %usr   %nice    %sys %iowait    %irq   %soft  %steal  %guest  %gnice   %idle
23:49:15     all    2.18    0.00   72.21    0.00    0.00   16.08    0.00    0.00    0.00    9.54
23:49:15       0    2.00    0.00   73.00    0.00    0.00   25.00    0.00    0.00    0.00    0.00
23:49:15       1    1.01    0.00   73.74    0.00    0.00   25.25    0.00    0.00    0.00    0.00
23:49:15       2    2.38    0.00   71.43    0.00    0.00    5.95    0.00    0.00    0.00   20.24
23:49:15       3    3.57    0.00   70.24    0.00    0.00    4.76    0.00    0.00    0.00   21.43
