Linux 7.0.0-31-generic (ubuntu) 	09/10/26 	_aarch64_	(4 CPU)

23:45:47     CPU    %usr   %nice    %sys %iowait    %irq   %soft  %steal  %guest  %gnice   %idle
23:45:48     all    1.26    0.00    0.00    0.00    0.00    0.00    0.00    0.00    0.00   98.74
23:45:48       0    1.00    0.00    0.00    0.00    0.00    0.00    0.00    0.00    0.00   99.00
23:45:48       1    1.02    0.00    0.00    0.00    0.00    0.00    0.00    0.00    0.00   98.98
23:45:48       2    2.00    0.00    0.00    0.00    0.00    0.00    0.00    0.00    0.00   98.00
23:45:48       3    1.01    0.00    0.00    0.00    0.00    0.00    0.00    0.00    0.00   98.99

23:45:48     CPU    %usr   %nice    %sys %iowait    %irq   %soft  %steal  %guest  %gnice   %idle
23:45:49     all    1.27    0.00    0.25    0.00    0.00    0.00    0.00    0.00    0.00   98.48
23:45:49       0    1.02    0.00    0.00    0.00    0.00    0.00    0.00    0.00    0.00   98.98
23:45:49       1    3.06    0.00    0.00    0.00    0.00    0.00    0.00    0.00    0.00   96.94
23:45:49       2    0.00    0.00    0.00    0.00    0.00    0.00    0.00    0.00    0.00  100.00
23:45:49       3    1.00    0.00    1.00    0.00    0.00    0.00    0.00    0.00    0.00   98.00

23:45:49     CPU    %usr   %nice    %sys %iowait    %irq   %soft  %steal  %guest  %gnice   %idle
23:45:50     all    1.00    0.00    0.50    0.00    0.00    0.00    0.00    0.00    0.00   98.50
23:45:50       0    1.00    0.00    0.00    0.00    0.00    0.00    0.00    0.00    0.00   99.00
23:45:50       1    0.99    0.00    0.99    0.00    0.00    0.00    0.00    0.00    0.00   98.02
23:45:50       2    2.00    0.00    1.00    0.00    0.00    0.00    0.00    0.00    0.00   97.00
23:45:50       3    0.00    0.00    0.00    0.00    0.00    0.00    0.00    0.00    0.00  100.00

23:45:50     CPU    %usr   %nice    %sys %iowait    %irq   %soft  %steal  %guest  %gnice   %idle
23:45:51     all    0.76    0.00    0.00    0.00    0.00    0.00    0.00    0.00    0.00   99.24
23:45:51       0    1.02    0.00    0.00    0.00    0.00    0.00    0.00    0.00    0.00   98.98
23:45:51       1    1.02    0.00    0.00    0.00    0.00    0.00    0.00    0.00    0.00   98.98
23:45:51       2    0.00    0.00    0.00    0.00    0.00    0.00    0.00    0.00    0.00  100.00
23:45:51       3    1.00    0.00    0.00    0.00    0.00    0.00    0.00    0.00    0.00   99.00

23:45:51     CPU    %usr   %nice    %sys %iowait    %irq   %soft  %steal  %guest  %gnice   %idle
23:45:52     all    1.51    0.00    0.50    0.00    0.00    0.00    0.00    0.00    0.00   97.98
23:45:52       0    2.02    0.00    1.01    0.00    0.00    0.00    0.00    0.00    0.00   96.97
23:45:52       1    1.00    0.00    0.00    0.00    0.00    0.00    0.00    0.00    0.00   99.00
23:45:52       2    3.03    0.00    0.00    0.00    0.00    0.00    0.00    0.00    0.00   96.97
23:45:52       3    0.00    0.00    1.01    0.00    0.00    0.00    0.00    0.00    0.00   98.99

Average:     CPU    %usr   %nice    %sys %iowait    %irq   %soft  %steal  %guest  %gnice   %idle
Average:     all    1.16    0.00    0.25    0.00    0.00    0.00    0.00    0.00    0.00   98.59
Average:       0    1.21    0.00    0.20    0.00    0.00    0.00    0.00    0.00    0.00   98.59
Average:       1    1.41    0.00    0.20    0.00    0.00    0.00    0.00    0.00    0.00   98.38
Average:       2    1.41    0.00    0.20    0.00    0.00    0.00    0.00    0.00    0.00   98.39
Average:       3    0.60    0.00    0.40    0.00    0.00    0.00    0.00    0.00    0.00   98.99
