Linux 7.0.0-31-generic (ubuntu) 	09/10/26 	_aarch64_	(4 CPU)

23:50:18     CPU    %usr   %nice    %sys %iowait    %irq   %soft  %steal  %guest  %gnice   %idle
23:50:19     all    1.02    0.00   47.45    0.00    0.00    5.61    0.00    0.00    0.00   45.92
23:50:19       0    1.03    0.00   49.48    0.00    0.00    7.22    0.00    0.00    0.00   42.27
23:50:19       1    1.03    0.00   49.48    0.00    0.00    7.22    0.00    0.00    0.00   42.27
23:50:19       2    2.02    0.00   89.90    0.00    0.00    8.08    0.00    0.00    0.00    0.00
23:50:19       3    0.00    0.00    1.01    0.00    0.00    0.00    0.00    0.00    0.00   98.99

23:50:19     CPU    %usr   %nice    %sys %iowait    %irq   %soft  %steal  %guest  %gnice   %idle
23:50:20     all    1.52    0.00   47.09    0.25    0.00    5.82    0.00    0.00    0.00   45.32
23:50:20       0    2.08    0.00   48.96    0.00    0.00    7.29    0.00    0.00    0.00   41.67
23:50:20       1    1.02    0.00   48.98    0.00    0.00    9.18    0.00    0.00    0.00   40.82
23:50:20       2    2.00    0.00   91.00    0.00    0.00    7.00    0.00    0.00    0.00    0.00
23:50:20       3    0.99    0.00    0.00    0.99    0.00    0.00    0.00    0.00    0.00   98.02

23:50:20     CPU    %usr   %nice    %sys %iowait    %irq   %soft  %steal  %guest  %gnice   %idle
23:50:21     all    1.02    0.00   47.97    0.00    0.00    6.35    0.00    0.00    0.00   44.67
23:50:21       0    1.02    0.00   48.98    0.00    0.00   10.20    0.00    0.00    0.00   39.80
23:50:21       1    1.03    0.00   51.55    0.00    0.00    7.22    0.00    0.00    0.00   40.21
23:50:21       2    1.98    0.00   90.10    0.00    0.00    7.92    0.00    0.00    0.00    0.00
23:50:21       3    0.00    0.00    0.00    0.00    0.00    0.00    0.00    0.00    0.00  100.00

23:50:21     CPU    %usr   %nice    %sys %iowait    %irq   %soft  %steal  %guest  %gnice   %idle
23:50:22     all    1.27    0.00   47.34    0.00    0.00    6.84    0.00    0.00    0.00   44.56
23:50:22       0    1.02    0.00   51.02    0.00    0.00    8.16    0.00    0.00    0.00   39.80
23:50:22       1    2.02    0.00   48.48    0.00    0.00   10.10    0.00    0.00    0.00   39.39
23:50:22       2    1.01    0.00   89.90    0.00    0.00    9.09    0.00    0.00    0.00    0.00
23:50:22       3    1.01    0.00    0.00    0.00    0.00    0.00    0.00    0.00    0.00   98.99

23:50:22     CPU    %usr   %nice    %sys %iowait    %irq   %soft  %steal  %guest  %gnice   %idle
23:50:23     all    1.27    0.00   47.84    0.00    0.00    5.60    0.00    0.00    0.00   45.29
23:50:23       0    1.01    0.00   50.51    0.00    0.00    8.08    0.00    0.00    0.00   40.40
23:50:23       1    1.05    0.00   50.53    0.00    0.00    7.37    0.00    0.00    0.00   41.05
23:50:23       2    2.02    0.00   90.91    0.00    0.00    7.07    0.00    0.00    0.00    0.00
23:50:23       3    1.00    0.00    0.00    0.00    0.00    0.00    0.00    0.00    0.00   99.00

23:50:23     CPU    %usr   %nice    %sys %iowait    %irq   %soft  %steal  %guest  %gnice   %idle
23:50:24     all    1.27    0.00   48.48    0.00    0.00    6.35    0.00    0.00    0.00   43.91
23:50:24       0    1.04    0.00   53.12    0.00    0.00    7.29    0.00    0.00    0.00   38.54
23:50:24       1    1.02    0.00   50.00    0.00    0.00   10.20    0.00    0.00    0.00   38.78
23:50:24       2    1.98    0.00   90.10    0.00    0.00    7.92    0.00    0.00    0.00    0.00
23:50:24       3    1.01    0.00    0.00    0.00    0.00    0.00    0.00    0.00    0.00   98.99

23:50:24     CPU    %usr   %nice    %sys %iowait    %irq   %soft  %steal  %guest  %gnice   %idle
23:50:25     all    2.53    0.00   48.10    0.00    0.00    6.33    0.00    0.00    0.00   43.04
23:50:25       0    1.02    0.00   52.04    0.00    0.00    8.16    0.00    0.00    0.00   38.78
23:50:25       1    5.10    0.00   51.02    0.00    0.00    9.18    0.00    0.00    0.00   34.69
23:50:25       2    3.00    0.00   89.00    0.00    0.00    8.00    0.00    0.00    0.00    0.00
23:50:25       3    1.01    0.00    0.00    0.00    0.00    0.00    0.00    0.00    0.00   98.99

23:50:25     CPU    %usr   %nice    %sys %iowait    %irq   %soft  %steal  %guest  %gnice   %idle
23:50:26     all    1.00    0.25   49.12    0.00    0.00    6.27    0.00    0.00    0.00   43.36
23:50:26       0    0.00    0.00   53.06    0.00    0.00    8.16    0.00    0.00    0.00   38.78
23:50:26       1    0.99    0.99   53.47    0.00    0.00    7.92    0.00    0.00    0.00   36.63
23:50:26       2    1.98    0.00   89.11    0.00    0.00    8.91    0.00    0.00    0.00    0.00
23:50:26       3    1.01    0.00    0.00    0.00    0.00    0.00    0.00    0.00    0.00   98.99

23:50:26     CPU    %usr   %nice    %sys %iowait    %irq   %soft  %steal  %guest  %gnice   %idle
23:50:27     all    1.51    0.00   48.24    0.00    0.00    6.78    0.00    0.00    0.00   43.47
23:50:27       0    2.02    0.00   50.51    0.00    0.00    9.09    0.00    0.00    0.00   38.38
23:50:27       1    1.01    0.00   52.53    0.00    0.00   10.10    0.00    0.00    0.00   36.36
23:50:27       2    2.00    0.00   90.00    0.00    0.00    8.00    0.00    0.00    0.00    0.00
23:50:27       3    1.00    0.00    0.00    0.00    0.00    0.00    0.00    0.00    0.00   99.00

23:50:27     CPU    %usr   %nice    %sys %iowait    %irq   %soft  %steal  %guest  %gnice   %idle
23:50:28     all    0.76    0.00   49.11    0.00    0.00    6.08    0.00    0.00    0.00   44.05
23:50:28       0    0.00    0.00   53.06    0.00    0.00    8.16    0.00    0.00    0.00   38.78
23:50:28       1    1.01    0.00   51.52    0.00    0.00   10.10    0.00    0.00    0.00   37.37
23:50:28       2    2.02    0.00   91.92    0.00    0.00    6.06    0.00    0.00    0.00    0.00
23:50:28       3    0.00    0.00    0.00    0.00    0.00    0.00    0.00    0.00    0.00  100.00

23:50:28     CPU    %usr   %nice    %sys %iowait    %irq   %soft  %steal  %guest  %gnice   %idle
23:50:29     all    1.50    0.00   48.00    0.00    0.00    7.00    0.00    0.00    0.00   43.50
23:50:29       0    0.98    0.00   50.00    0.00    0.00   10.78    0.00    0.00    0.00   38.24
23:50:29       1    1.02    0.00   51.02    0.00    0.00   11.22    0.00    0.00    0.00   36.73
23:50:29       2    3.00    0.00   91.00    0.00    0.00    6.00    0.00    0.00    0.00    0.00
23:50:29       3    1.00    0.00    0.00    0.00    0.00    0.00    0.00    0.00    0.00   99.00

23:50:29     CPU    %usr   %nice    %sys %iowait    %irq   %soft  %steal  %guest  %gnice   %idle
23:50:30     all    2.27    0.00   48.87    0.00    0.00    6.80    0.00    0.00    0.00   42.07
23:50:30       0    2.02    0.00   52.53    0.00    0.00    9.09    0.00    0.00    0.00   36.36
23:50:30       1    2.04    0.00   51.02    0.00    0.00   11.22    0.00    0.00    0.00   35.71
23:50:30       2    2.00    0.00   91.00    0.00    0.00    7.00    0.00    0.00    0.00    0.00
23:50:30       3    3.00    0.00    1.00    0.00    0.00    0.00    0.00    0.00    0.00   96.00

23:50:30     CPU    %usr   %nice    %sys %iowait    %irq   %soft  %steal  %guest  %gnice   %idle
23:50:31     all    1.51    0.00   47.10    0.00    0.00    5.29    0.00    0.00    0.00   46.10
23:50:31       0    2.13    0.00   44.68    0.00    0.00   10.64    0.00    0.00    0.00   42.55
23:50:31       1    0.00    0.00   49.51    0.00    0.00    6.80    0.00    0.00    0.00   43.69
23:50:31       2    2.97    0.00   93.07    0.00    0.00    3.96    0.00    0.00    0.00    0.00
23:50:31       3    1.01    0.00    0.00    0.00    0.00    0.00    0.00    0.00    0.00   98.99

23:50:31     CPU    %usr   %nice    %sys %iowait    %irq   %soft  %steal  %guest  %gnice   %idle
23:50:32     all    0.76    0.00   46.60    0.00    0.00    5.54    0.00    0.00    0.00   47.10
23:50:32       0    0.00    0.00   47.37    0.00    0.00    9.47    0.00    0.00    0.00   43.16
23:50:32       1    0.98    0.00   47.06    0.00    0.00    6.86    0.00    0.00    0.00   45.10
23:50:32       2    2.00    0.00   92.00    0.00    0.00    6.00    0.00    0.00    0.00    0.00
23:50:32       3    0.00    0.00    0.00    0.00    0.00    0.00    0.00    0.00    0.00  100.00

23:50:32     CPU    %usr   %nice    %sys %iowait    %irq   %soft  %steal  %guest  %gnice   %idle
23:50:33     all    1.78    0.00   45.94    0.00    0.00    5.84    0.00    0.00    0.00   46.45
23:50:33       0    1.10    0.00   45.05    0.00    0.00    9.89    0.00    0.00    0.00   43.96
23:50:33       1    0.98    0.00   48.04    0.00    0.00    5.88    0.00    0.00    0.00   45.10
23:50:33       2    1.98    0.00   90.10    0.00    0.00    7.92    0.00    0.00    0.00    0.00
23:50:33       3    3.00    0.00    0.00    0.00    0.00    0.00    0.00    0.00    0.00   97.00

23:50:33     CPU    %usr   %nice    %sys %iowait    %irq   %soft  %steal  %guest  %gnice   %idle
23:50:34     all    1.01    0.00   46.10    0.00    0.00    6.05    0.00    0.00    0.00   46.85
23:50:34       0    1.06    0.00   47.87    0.00    0.00    8.51    0.00    0.00    0.00   42.55
23:50:34       1    0.96    0.00   45.19    0.00    0.00    8.65    0.00    0.00    0.00   45.19
23:50:34       2    2.00    0.00   91.00    0.00    0.00    7.00    0.00    0.00    0.00    0.00
23:50:34       3    0.00    0.00    0.00    0.00    0.00    0.00    0.00    0.00    0.00  100.00

23:50:34     CPU    %usr   %nice    %sys %iowait    %irq   %soft  %steal  %guest  %gnice   %idle
23:50:35     all    1.26    0.00   46.46    0.00    0.00    5.56    0.00    0.00    0.00   46.72
23:50:35       0    1.08    0.00   47.31    0.00    0.00    8.60    0.00    0.00    0.00   43.01
23:50:35       1    0.98    0.00   47.06    0.00    0.00    6.86    0.00    0.00    0.00   45.10
23:50:35       2    2.00    0.00   91.00    0.00    0.00    7.00    0.00    0.00    0.00    0.00
23:50:35       3    0.99    0.00    0.99    0.00    0.00    0.00    0.00    0.00    0.00   98.02

23:50:35     CPU    %usr   %nice    %sys %iowait    %irq   %soft  %steal  %guest  %gnice   %idle
23:50:36     all    0.51    0.00   47.19    0.00    0.00    5.36    0.00    0.00    0.00   46.94
23:50:36       0    1.08    0.00   47.31    0.00    0.00    8.60    0.00    0.00    0.00   43.01
23:50:36       1    0.00    0.00   48.04    0.00    0.00    6.86    0.00    0.00    0.00   45.10
23:50:36       2    1.01    0.00   92.93    0.00    0.00    6.06    0.00    0.00    0.00    0.00
23:50:36       3    0.00    0.00    0.00    0.00    0.00    0.00    0.00    0.00    0.00  100.00
