Linux 7.0.0-31-generic (ubuntu) 	09/10/26 	_aarch64_	(4 CPU)

23:47:35     CPU    %usr   %nice    %sys %iowait    %irq   %soft  %steal  %guest  %gnice   %idle
23:47:36     all    1.26    0.00   47.86    0.00    0.00    5.04    0.00    0.00    0.00   45.84
23:47:36       0    1.01    0.00   48.48    0.00    0.00    8.08    0.00    0.00    0.00   42.42
23:47:36       1    1.01    0.00   50.51    0.00    0.00    6.06    0.00    0.00    0.00   42.42
23:47:36       2    2.02    0.00   91.92    0.00    0.00    6.06    0.00    0.00    0.00    0.00
23:47:36       3    1.00    0.00    1.00    0.00    0.00    0.00    0.00    0.00    0.00   98.00

23:47:36     CPU    %usr   %nice    %sys %iowait    %irq   %soft  %steal  %guest  %gnice   %idle
23:47:37     all    1.26    0.00   46.85    0.00    0.00    5.04    0.00    0.00    0.00   46.85
23:47:37       0    1.02    0.00   50.00    0.00    0.00    5.10    0.00    0.00    0.00   43.88
23:47:37       1    1.01    0.00   47.47    0.00    0.00    7.07    0.00    0.00    0.00   44.44
23:47:37       2    2.00    0.00   90.00    0.00    0.00    8.00    0.00    0.00    0.00    0.00
23:47:37       3    1.00    0.00    0.00    0.00    0.00    0.00    0.00    0.00    0.00   99.00

23:47:37     CPU    %usr   %nice    %sys %iowait    %irq   %soft  %steal  %guest  %gnice   %idle
23:47:38     all    1.50    0.00   47.13    0.00    0.00    5.74    0.00    0.00    0.00   45.64
23:47:38       0    2.00    0.00   48.00    0.00    0.00    8.00    0.00    0.00    0.00   42.00
23:47:38       1    1.96    0.00   48.04    0.00    0.00    7.84    0.00    0.00    0.00   42.16
23:47:38       2    2.00    0.00   91.00    0.00    0.00    7.00    0.00    0.00    0.00    0.00
23:47:38       3    0.00    0.00    1.01    0.00    0.00    0.00    0.00    0.00    0.00   98.99

23:47:38     CPU    %usr   %nice    %sys %iowait    %irq   %soft  %steal  %guest  %gnice   %idle
23:47:39     all    1.52    0.00   47.22    0.00    0.00    5.56    0.00    0.00    0.00   45.71
23:47:39       0    1.01    0.00   50.51    0.00    0.00    7.07    0.00    0.00    0.00   41.41
23:47:39       1    2.06    0.00   47.42    0.00    0.00    7.22    0.00    0.00    0.00   43.30
23:47:39       2    1.00    0.00   91.00    0.00    0.00    8.00    0.00    0.00    0.00    0.00
23:47:39       3    2.00    0.00    0.00    0.00    0.00    0.00    0.00    0.00    0.00   98.00

23:47:39     CPU    %usr   %nice    %sys %iowait    %irq   %soft  %steal  %guest  %gnice   %idle
23:47:40     all    2.00    0.00   47.88    0.00    0.00    5.74    0.00    0.00    0.00   44.39
23:47:40       0    1.00    0.00   50.00    0.00    0.00    8.00    0.00    0.00    0.00   41.00
23:47:40       1    0.98    0.00   50.00    0.00    0.00    6.86    0.00    0.00    0.00   42.16
23:47:40       2    1.98    0.00   90.10    0.00    0.00    7.92    0.00    0.00    0.00    0.00
23:47:40       3    4.08    0.00    0.00    0.00    0.00    0.00    0.00    0.00    0.00   95.92

23:47:40     CPU    %usr   %nice    %sys %iowait    %irq   %soft  %steal  %guest  %gnice   %idle
23:47:41     all    1.50    0.00   46.12    0.00    0.00    6.52    0.00    0.00    0.00   45.86
23:47:41       0    1.01    0.00   47.47    0.00    0.00    9.09    0.00    0.00    0.00   42.42
23:47:41       1    1.01    0.00   49.49    0.00    0.00    7.07    0.00    0.00    0.00   42.42
23:47:41       2    2.97    0.00   87.13    0.00    0.00    9.90    0.00    0.00    0.00    0.00
23:47:41       3    1.00    0.00    0.00    0.00    0.00    0.00    0.00    0.00    0.00   99.00

23:47:41     CPU    %usr   %nice    %sys %iowait    %irq   %soft  %steal  %guest  %gnice   %idle
23:47:42     all    0.76    0.00   46.58    0.00    0.00    6.58    0.00    0.00    0.00   46.08
23:47:42       0    1.02    0.00   48.98    0.00    0.00    8.16    0.00    0.00    0.00   41.84
23:47:42       1    1.01    0.00   47.47    0.00    0.00    9.09    0.00    0.00    0.00   42.42
23:47:42       2    1.01    0.00   89.90    0.00    0.00    9.09    0.00    0.00    0.00    0.00
23:47:42       3    0.00    0.00    0.00    0.00    0.00    0.00    0.00    0.00    0.00  100.00

23:47:42     CPU    %usr   %nice    %sys %iowait    %irq   %soft  %steal  %guest  %gnice   %idle
23:47:43     all    1.51    0.00   46.85    0.00    0.00    6.30    0.00    0.00    0.00   45.34
23:47:43       0    1.02    0.00   47.96    0.00    0.00    9.18    0.00    0.00    0.00   41.84
23:47:43       1    1.01    0.00   48.48    0.00    0.00    9.09    0.00    0.00    0.00   41.41
23:47:43       2    3.00    0.00   90.00    0.00    0.00    7.00    0.00    0.00    0.00    0.00
23:47:43       3    1.00    0.00    1.00    0.00    0.00    0.00    0.00    0.00    0.00   98.00

23:47:43     CPU    %usr   %nice    %sys %iowait    %irq   %soft  %steal  %guest  %gnice   %idle
23:47:44     all    1.01    0.00   47.47    0.00    0.00    6.06    0.00    0.00    0.00   45.45
23:47:44       0    1.01    0.00   48.48    0.00    0.00    9.09    0.00    0.00    0.00   41.41
23:47:44       1    1.02    0.00   50.00    0.00    0.00    7.14    0.00    0.00    0.00   41.84
23:47:44       2    1.00    0.00   91.00    0.00    0.00    8.00    0.00    0.00    0.00    0.00
23:47:44       3    1.01    0.00    0.00    0.00    0.00    0.00    0.00    0.00    0.00   98.99

23:47:44     CPU    %usr   %nice    %sys %iowait    %irq   %soft  %steal  %guest  %gnice   %idle
23:47:45     all    1.01    0.00   46.98    0.00    0.00    6.28    0.00    0.00    0.00   45.73
23:47:45       0    0.00    0.00   50.51    0.00    0.00    8.08    0.00    0.00    0.00   41.41
23:47:45       1    1.01    0.00   46.46    0.00    0.00   10.10    0.00    0.00    0.00   42.42
23:47:45       2    2.00    0.00   91.00    0.00    0.00    7.00    0.00    0.00    0.00    0.00
23:47:45       3    1.00    0.00    0.00    0.00    0.00    0.00    0.00    0.00    0.00   99.00

23:47:45     CPU    %usr   %nice    %sys %iowait    %irq   %soft  %steal  %guest  %gnice   %idle
23:47:46     all    1.26    0.00   47.61    0.00    0.00    5.79    0.00    0.00    0.00   45.34
23:47:46       0    1.00    0.00   49.00    0.00    0.00    9.00    0.00    0.00    0.00   41.00
23:47:46       1    1.02    0.00   50.00    0.00    0.00    7.14    0.00    0.00    0.00   41.84
23:47:46       2    2.00    0.00   91.00    0.00    0.00    7.00    0.00    0.00    0.00    0.00
23:47:46       3    1.01    0.00    0.00    0.00    0.00    0.00    0.00    0.00    0.00   98.99

23:47:46     CPU    %usr   %nice    %sys %iowait    %irq   %soft  %steal  %guest  %gnice   %idle
23:47:47     all    1.27    0.00   47.21    0.00    0.00    6.35    0.00    0.00    0.00   45.18
23:47:47       0    1.02    0.00   50.00    0.00    0.00    8.16    0.00    0.00    0.00   40.82
23:47:47       1    1.02    0.00   48.98    0.00    0.00    8.16    0.00    0.00    0.00   41.84
23:47:47       2    2.00    0.00   89.00    0.00    0.00    9.00    0.00    0.00    0.00    0.00
23:47:47       3    1.02    0.00    0.00    0.00    0.00    0.00    0.00    0.00    0.00   98.98

23:47:47     CPU    %usr   %nice    %sys %iowait    %irq   %soft  %steal  %guest  %gnice   %idle
23:47:48     all    1.52    0.00   46.21    0.00    0.00    7.07    0.00    0.00    0.00   45.20
23:47:48       0    2.04    0.00   47.96    0.00    0.00   10.20    0.00    0.00    0.00   39.80
23:47:48       1    1.02    0.00   45.92    0.00    0.00   11.22    0.00    0.00    0.00   41.84
23:47:48       2    2.00    0.00   91.00    0.00    0.00    7.00    0.00    0.00    0.00    0.00
23:47:48       3    1.00    0.00    0.00    0.00    0.00    0.00    0.00    0.00    0.00   99.00

23:47:48     CPU    %usr   %nice    %sys %iowait    %irq   %soft  %steal  %guest  %gnice   %idle
23:47:49     all    0.76    0.00   47.86    0.00    0.00    6.05    0.00    0.00    0.00   45.34
23:47:49       0    0.00    0.00   51.52    0.00    0.00    8.08    0.00    0.00    0.00   40.40
23:47:49       1    1.01    0.00   48.48    0.00    0.00    9.09    0.00    0.00    0.00   41.41
23:47:49       2    2.00    0.00   91.00    0.00    0.00    7.00    0.00    0.00    0.00    0.00
23:47:49       3    0.00    0.00    0.00    0.00    0.00    0.00    0.00    0.00    0.00  100.00

23:47:49     CPU    %usr   %nice    %sys %iowait    %irq   %soft  %steal  %guest  %gnice   %idle
23:47:50     all    1.50    0.00   47.37    0.00    0.00    6.27    0.00    0.00    0.00   44.86
23:47:50       0    2.02    0.00   47.47    0.00    0.00   10.10    0.00    0.00    0.00   40.40
23:47:50       1    1.01    0.00   48.48    0.00    0.00    9.09    0.00    0.00    0.00   41.41
23:47:50       2    1.98    0.00   92.08    0.00    0.00    5.94    0.00    0.00    0.00    0.00
23:47:50       3    1.00    0.00    1.00    0.00    0.00    0.00    0.00    0.00    0.00   98.00

23:47:50     CPU    %usr   %nice    %sys %iowait    %irq   %soft  %steal  %guest  %gnice   %idle
23:47:51     all    1.26    0.00   46.97    0.00    0.00    6.57    0.00    0.00    0.00   45.20
23:47:51       0    0.00    0.00   50.00    0.00    0.00    9.18    0.00    0.00    0.00   40.82
23:47:51       1    1.02    0.00   48.98    0.00    0.00    9.18    0.00    0.00    0.00   40.82
23:47:51       2    3.00    0.00   89.00    0.00    0.00    8.00    0.00    0.00    0.00    0.00
23:47:51       3    1.00    0.00    0.00    0.00    0.00    0.00    0.00    0.00    0.00   99.00

23:47:51     CPU    %usr   %nice    %sys %iowait    %irq   %soft  %steal  %guest  %gnice   %idle
23:47:52     all    1.02    0.00   46.82    0.00    0.00    6.87    0.00    0.00    0.00   45.29
23:47:52       0    1.04    0.00   47.92    0.00    0.00   10.42    0.00    0.00    0.00   40.62
23:47:52       1    1.01    0.00   47.47    0.00    0.00   10.10    0.00    0.00    0.00   41.41
23:47:52       2    1.01    0.00   91.92    0.00    0.00    7.07    0.00    0.00    0.00    0.00
23:47:52       3    1.01    0.00    0.00    0.00    0.00    0.00    0.00    0.00    0.00   98.99

23:47:52     CPU    %usr   %nice    %sys %iowait    %irq   %soft  %steal  %guest  %gnice   %idle
23:47:53     all    1.51    0.00   47.61    0.00    0.00    6.05    0.00    0.00    0.00   44.84
23:47:53       0    2.02    0.00   49.49    0.00    0.00    9.09    0.00    0.00    0.00   39.39
23:47:53       1    1.02    0.00   50.00    0.00    0.00    8.16    0.00    0.00    0.00   40.82
23:47:53       2    2.97    0.00   90.10    0.00    0.00    6.93    0.00    0.00    0.00    0.00
23:47:53       3    0.00    0.00    0.00    0.00    0.00    0.00    0.00    0.00    0.00  100.00
