Linux 7.0.0-31-generic (ubuntu) 	09/10/26 	_aarch64_	(4 CPU)

23:47:55     CPU    %usr   %nice    %sys %iowait    %irq   %soft  %steal  %guest  %gnice   %idle
23:47:56     all    1.79    0.00   47.19    0.00    0.00    5.87    0.00    0.00    0.00   45.15
23:47:56       0    1.03    0.00   49.48    0.00    0.00    7.22    0.00    0.00    0.00   42.27
23:47:56       1    1.03    0.00   50.52    0.00    0.00    8.25    0.00    0.00    0.00   40.21
23:47:56       2    3.03    0.00   88.89    0.00    0.00    8.08    0.00    0.00    0.00    0.00
23:47:56       3    2.02    0.00    0.00    0.00    0.00    0.00    0.00    0.00    0.00   97.98

23:47:56     CPU    %usr   %nice    %sys %iowait    %irq   %soft  %steal  %guest  %gnice   %idle
23:47:57     all    0.76    0.00   47.72    0.00    0.00    5.84    0.00    0.00    0.00   45.69
23:47:57       0    1.02    0.00   48.98    0.00    0.00    8.16    0.00    0.00    0.00   41.84
23:47:57       1    1.03    0.00   49.48    0.00    0.00    8.25    0.00    0.00    0.00   41.24
23:47:57       2    1.00    0.00   92.00    0.00    0.00    7.00    0.00    0.00    0.00    0.00
23:47:57       3    0.00    0.00    0.00    0.00    0.00    0.00    0.00    0.00    0.00  100.00

23:47:57     CPU    %usr   %nice    %sys %iowait    %irq   %soft  %steal  %guest  %gnice   %idle
23:47:58     all    0.76    0.00   47.58    0.00    0.00    5.85    0.00    0.00    0.00   45.80
23:47:58       0    0.00    0.00   50.53    0.00    0.00    7.37    0.00    0.00    0.00   42.11
23:47:58       1    1.01    0.00   49.49    0.00    0.00    8.08    0.00    0.00    0.00   41.41
23:47:58       2    2.00    0.00   90.00    0.00    0.00    8.00    0.00    0.00    0.00    0.00
23:47:58       3    0.00    0.00    0.00    0.00    0.00    0.00    0.00    0.00    0.00  100.00

23:47:58     CPU    %usr   %nice    %sys %iowait    %irq   %soft  %steal  %guest  %gnice   %idle
23:47:59     all    1.53    0.00   47.84    0.00    0.00    6.11    0.00    0.00    0.00   44.53
23:47:59       0    2.04    0.00   51.02    0.00    0.00    7.14    0.00    0.00    0.00   39.80
23:47:59       1    0.00    0.00   48.96    0.00    0.00   10.42    0.00    0.00    0.00   40.62
23:47:59       2    2.00    0.00   91.00    0.00    0.00    7.00    0.00    0.00    0.00    0.00
23:47:59       3    2.02    0.00    0.00    0.00    0.00    0.00    0.00    0.00    0.00   97.98

23:47:59     CPU    %usr   %nice    %sys %iowait    %irq   %soft  %steal  %guest  %gnice   %idle
23:48:00     all    2.54    0.00   47.46    0.00    0.00    6.60    0.00    0.00    0.00   43.40
23:48:00       0    1.01    0.00   50.51    0.00    0.00    9.09    0.00    0.00    0.00   39.39
23:48:00       1    2.06    0.00   50.52    0.00    0.00    8.25    0.00    0.00    0.00   39.18
23:48:00       2    2.02    0.00   88.89    0.00    0.00    9.09    0.00    0.00    0.00    0.00
23:48:00       3    5.05    0.00    0.00    0.00    0.00    0.00    0.00    0.00    0.00   94.95

23:48:00     CPU    %usr   %nice    %sys %iowait    %irq   %soft  %steal  %guest  %gnice   %idle
23:48:01     all    1.01    0.00   48.10    0.00    0.00    6.33    0.00    0.00    0.00   44.56
23:48:01       0    1.04    0.00   51.04    0.00    0.00    8.33    0.00    0.00    0.00   39.58
23:48:01       1    0.00    0.00   51.55    0.00    0.00    8.25    0.00    0.00    0.00   40.21
23:48:01       2    1.98    0.00   89.11    0.00    0.00    8.91    0.00    0.00    0.00    0.00
23:48:01       3    0.99    0.00    0.99    0.00    0.00    0.00    0.00    0.00    0.00   98.02

23:48:01     CPU    %usr   %nice    %sys %iowait    %irq   %soft  %steal  %guest  %gnice   %idle
23:48:02     all    1.26    0.00   47.47    0.00    0.00    7.07    0.00    0.00    0.00   44.19
23:48:02       0    1.00    0.00   50.00    0.00    0.00   11.00    0.00    0.00    0.00   38.00
23:48:02       1    1.03    0.00   49.48    0.00    0.00    9.28    0.00    0.00    0.00   40.21
23:48:02       2    2.00    0.00   90.00    0.00    0.00    8.00    0.00    0.00    0.00    0.00
23:48:02       3    1.01    0.00    0.00    0.00    0.00    0.00    0.00    0.00    0.00   98.99

23:48:02     CPU    %usr   %nice    %sys %iowait    %irq   %soft  %steal  %guest  %gnice   %idle
23:48:03     all    1.26    0.00   48.87    0.00    0.00    6.55    0.00    0.00    0.00   43.32
23:48:03       0    2.02    0.00   51.52    0.00    0.00    9.09    0.00    0.00    0.00   37.37
23:48:03       1    1.00    0.00   53.00    0.00    0.00    9.00    0.00    0.00    0.00   37.00
23:48:03       2    2.00    0.00   90.00    0.00    0.00    8.00    0.00    0.00    0.00    0.00
23:48:03       3    0.00    0.00    0.00    0.00    0.00    0.00    0.00    0.00    0.00  100.00

23:48:03     CPU    %usr   %nice    %sys %iowait    %irq   %soft  %steal  %guest  %gnice   %idle
23:48:04     all    1.52    0.25   47.98    0.00    0.00    6.31    0.00    0.00    0.00   43.94
23:48:04       0    1.02    0.00   52.04    0.00    0.00    8.16    0.00    0.00    0.00   38.78
23:48:04       1    2.06    0.00   50.52    0.00    0.00    8.25    0.00    0.00    0.00   39.18
23:48:04       2    1.00    0.00   90.00    0.00    0.00    9.00    0.00    0.00    0.00    0.00
23:48:04       3    1.98    0.99    0.00    0.00    0.00    0.00    0.00    0.00    0.00   97.03

23:48:04     CPU    %usr   %nice    %sys %iowait    %irq   %soft  %steal  %guest  %gnice   %idle
23:48:05     all    1.51    0.00   48.24    0.00    0.00    6.53    0.00    0.00    0.00   43.72
23:48:05       0    1.98    0.00   50.50    0.00    0.00    9.90    0.00    0.00    0.00   37.62
23:48:05       1    1.02    0.00   51.02    0.00    0.00    9.18    0.00    0.00    0.00   38.78
23:48:05       2    3.00    0.00   90.00    0.00    0.00    7.00    0.00    0.00    0.00    0.00
23:48:05       3    0.00    0.00    1.01    0.00    0.00    0.00    0.00    0.00    0.00   98.99

23:48:05     CPU    %usr   %nice    %sys %iowait    %irq   %soft  %steal  %guest  %gnice   %idle
23:48:06     all    1.26    0.00   47.49    0.00    0.00    6.78    0.00    0.00    0.00   44.47
23:48:06       0    2.02    0.00   50.51    0.00    0.00    9.09    0.00    0.00    0.00   38.38
23:48:06       1    0.00    0.00   49.49    0.00    0.00   10.10    0.00    0.00    0.00   40.40
23:48:06       2    2.00    0.00   90.00    0.00    0.00    8.00    0.00    0.00    0.00    0.00
23:48:06       3    1.00    0.00    0.00    0.00    0.00    0.00    0.00    0.00    0.00   99.00

23:48:06     CPU    %usr   %nice    %sys %iowait    %irq   %soft  %steal  %guest  %gnice   %idle
23:48:07     all    1.01    0.00   46.84    0.00    0.00    6.84    0.00    0.00    0.00   45.32
23:48:07       0    1.00    0.00   48.00    0.00    0.00   10.00    0.00    0.00    0.00   41.00
23:48:07       1    1.04    0.00   47.92    0.00    0.00   10.42    0.00    0.00    0.00   40.62
23:48:07       2    2.00    0.00   91.00    0.00    0.00    7.00    0.00    0.00    0.00    0.00
23:48:07       3    0.00    0.00    0.00    0.00    0.00    0.00    0.00    0.00    0.00  100.00

23:48:07     CPU    %usr   %nice    %sys %iowait    %irq   %soft  %steal  %guest  %gnice   %idle
23:48:08     all    1.00    0.00   46.75    0.00    0.00    5.50    0.00    0.00    0.00   46.75
23:48:08       0    0.94    0.00   45.28    0.00    0.00    7.55    0.00    0.00    0.00   46.23
23:48:08       1    0.00    0.00   48.94    0.00    0.00    9.57    0.00    0.00    0.00   41.49
23:48:08       2    2.00    0.00   93.00    0.00    0.00    5.00    0.00    0.00    0.00    0.00
23:48:08       3    1.00    0.00    0.00    0.00    0.00    0.00    0.00    0.00    0.00   99.00

23:48:08     CPU    %usr   %nice    %sys %iowait    %irq   %soft  %steal  %guest  %gnice   %idle
23:48:09     all    1.01    0.00   46.46    0.00    0.00    5.56    0.00    0.00    0.00   46.97
23:48:09       0    0.00    0.00   43.69    0.00    0.00    7.77    0.00    0.00    0.00   48.54
23:48:09       1    2.15    0.00   49.46    0.00    0.00    7.53    0.00    0.00    0.00   40.86
23:48:09       2    0.99    0.00   92.08    0.00    0.00    6.93    0.00    0.00    0.00    0.00
23:48:09       3    1.01    0.00    0.00    0.00    0.00    0.00    0.00    0.00    0.00   98.99

23:48:09     CPU    %usr   %nice    %sys %iowait    %irq   %soft  %steal  %guest  %gnice   %idle
23:48:10     all    1.76    0.00   46.48    0.25    0.00    5.53    0.00    0.00    0.00   45.98
23:48:10       0    0.94    0.00   45.28    0.94    0.00    6.60    0.00    0.00    0.00   46.23
23:48:10       1    0.00    0.00   48.39    0.00    0.00    9.68    0.00    0.00    0.00   41.94
23:48:10       2    2.02    0.00   91.92    0.00    0.00    6.06    0.00    0.00    0.00    0.00
23:48:10       3    4.00    0.00    1.00    0.00    0.00    0.00    0.00    0.00    0.00   95.00

23:48:10     CPU    %usr   %nice    %sys %iowait    %irq   %soft  %steal  %guest  %gnice   %idle
23:48:11     all    1.51    0.00   46.48    0.00    0.00    5.53    0.00    0.00    0.00   46.48
23:48:11       0    0.97    0.00   44.66    0.00    0.00    6.80    0.00    0.00    0.00   47.57
23:48:11       1    2.11    0.00   48.42    0.00    0.00    9.47    0.00    0.00    0.00   40.00
23:48:11       2    1.98    0.00   92.08    0.00    0.00    5.94    0.00    0.00    0.00    0.00
23:48:11       3    1.01    0.00    0.00    0.00    0.00    0.00    0.00    0.00    0.00   98.99

23:48:11     CPU    %usr   %nice    %sys %iowait    %irq   %soft  %steal  %guest  %gnice   %idle
23:48:12     all    0.51    0.00   46.46    0.00    0.00    5.81    0.00    0.00    0.00   47.22
23:48:12       0    0.00    0.00   46.15    0.00    0.00    7.69    0.00    0.00    0.00   46.15
23:48:12       1    0.00    0.00   48.39    0.00    0.00    8.60    0.00    0.00    0.00   43.01
23:48:12       2    2.00    0.00   91.00    0.00    0.00    7.00    0.00    0.00    0.00    0.00
23:48:12       3    0.00    0.00    0.00    0.00    0.00    0.00    0.00    0.00    0.00  100.00

23:48:12     CPU    %usr   %nice    %sys %iowait    %irq   %soft  %steal  %guest  %gnice   %idle
23:48:13     all    1.26    0.00   46.46    0.00    0.00    5.56    0.00    0.00    0.00   46.72
23:48:13       0    0.96    0.00   44.23    0.00    0.00    7.69    0.00    0.00    0.00   47.12
23:48:13       1    2.15    0.00   48.39    0.00    0.00    9.68    0.00    0.00    0.00   39.78
23:48:13       2    1.01    0.00   93.94    0.00    0.00    5.05    0.00    0.00    0.00    0.00
23:48:13       3    1.00    0.00    0.00    0.00    0.00    0.00    0.00    0.00    0.00   99.00
