Linux 7.0.0-31-generic (ubuntu) 	09/10/26 	_aarch64_	(4 CPU)

23:48:36     CPU    %usr   %nice    %sys %iowait    %irq   %soft  %steal  %guest  %gnice   %idle
23:48:37     all    0.77    0.00   47.96    0.00    0.00    5.10    0.00    0.00    0.00   46.17
23:48:37       0    1.03    0.00   50.52    0.00    0.00    5.15    0.00    0.00    0.00   43.30
23:48:37       1    0.00    0.00   48.98    0.00    0.00    8.16    0.00    0.00    0.00   42.86
23:48:37       2    1.01    0.00   91.92    0.00    0.00    7.07    0.00    0.00    0.00    0.00
23:48:37       3    1.02    0.00    0.00    0.00    0.00    0.00    0.00    0.00    0.00   98.98

23:48:37     CPU    %usr   %nice    %sys %iowait    %irq   %soft  %steal  %guest  %gnice   %idle
23:48:38     all    1.26    0.00   47.10    0.00    0.00    5.29    0.00    0.00    0.00   46.35
23:48:38       0    1.02    0.00   47.96    0.00    0.00    7.14    0.00    0.00    0.00   43.88
23:48:38       1    1.01    0.00   49.49    0.00    0.00    7.07    0.00    0.00    0.00   42.42
23:48:38       2    2.00    0.00   91.00    0.00    0.00    7.00    0.00    0.00    0.00    0.00
23:48:38       3    1.00    0.00    0.00    0.00    0.00    0.00    0.00    0.00    0.00   99.00

23:48:38     CPU    %usr   %nice    %sys %iowait    %irq   %soft  %steal  %guest  %gnice   %idle
23:48:39     all    1.50    0.00   46.50    0.00    0.00    6.00    0.00    0.00    0.00   46.00
23:48:39       0    1.98    0.00   48.51    0.00    0.00    7.92    0.00    0.00    0.00   41.58
23:48:39       1    2.02    0.00   47.47    0.00    0.00    7.07    0.00    0.00    0.00   43.43
23:48:39       2    2.00    0.00   89.00    0.00    0.00    9.00    0.00    0.00    0.00    0.00
23:48:39       3    0.00    0.00    1.00    0.00    0.00    0.00    0.00    0.00    0.00   99.00

23:48:39     CPU    %usr   %nice    %sys %iowait    %irq   %soft  %steal  %guest  %gnice   %idle
23:48:40     all    1.25    0.00   46.75    0.00    0.00    6.00    0.00    0.00    0.00   46.00
23:48:40       0    1.01    0.00   49.49    0.00    0.00    6.06    0.00    0.00    0.00   43.43
23:48:40       1    1.00    0.00   47.00    0.00    0.00   10.00    0.00    0.00    0.00   42.00
23:48:40       2    1.98    0.00   90.10    0.00    0.00    7.92    0.00    0.00    0.00    0.00
23:48:40       3    1.00    0.00    0.00    0.00    0.00    0.00    0.00    0.00    0.00   99.00

23:48:40     CPU    %usr   %nice    %sys %iowait    %irq   %soft  %steal  %guest  %gnice   %idle
23:48:41     all    1.27    0.00   47.34    0.00    0.00    5.82    0.00    0.00    0.00   45.57
23:48:41       0    1.00    0.00   49.00    0.00    0.00    9.00    0.00    0.00    0.00   41.00
23:48:41       1    2.04    0.00   48.98    0.00    0.00    6.12    0.00    0.00    0.00   42.86
23:48:41       2    1.01    0.00   90.91    0.00    0.00    8.08    0.00    0.00    0.00    0.00
23:48:41       3    1.02    0.00    0.00    0.00    0.00    0.00    0.00    0.00    0.00   98.98

23:48:41     CPU    %usr   %nice    %sys %iowait    %irq   %soft  %steal  %guest  %gnice   %idle
23:48:42     all    1.01    0.00   46.72    0.00    0.00    6.31    0.00    0.00    0.00   45.96
23:48:42       0    1.03    0.00   47.42    0.00    0.00    8.25    0.00    0.00    0.00   43.30
23:48:42       1    1.00    0.00   49.00    0.00    0.00    9.00    0.00    0.00    0.00   41.00
23:48:42       2    2.00    0.00   90.00    0.00    0.00    8.00    0.00    0.00    0.00    0.00
23:48:42       3    0.00    0.00    0.00    0.00    0.00    0.00    0.00    0.00    0.00  100.00

23:48:42     CPU    %usr   %nice    %sys %iowait    %irq   %soft  %steal  %guest  %gnice   %idle
23:48:43     all    0.76    0.00   47.47    0.00    0.00    5.81    0.00    0.00    0.00   45.96
23:48:43       0    1.01    0.00   47.47    0.00    0.00    9.09    0.00    0.00    0.00   42.42
23:48:43       1    0.00    0.00   52.04    0.00    0.00    6.12    0.00    0.00    0.00   41.84
23:48:43       2    2.00    0.00   90.00    0.00    0.00    8.00    0.00    0.00    0.00    0.00
23:48:43       3    0.00    0.00    0.00    0.00    0.00    0.00    0.00    0.00    0.00  100.00

23:48:43     CPU    %usr   %nice    %sys %iowait    %irq   %soft  %steal  %guest  %gnice   %idle
23:48:44     all    1.26    0.00   46.46    0.00    0.00    6.82    0.00    0.00    0.00   45.45
23:48:44       0    1.03    0.00   48.45    0.00    0.00    9.28    0.00    0.00    0.00   41.24
23:48:44       1    1.01    0.00   47.47    0.00    0.00    9.09    0.00    0.00    0.00   42.42
23:48:44       2    2.00    0.00   89.00    0.00    0.00    9.00    0.00    0.00    0.00    0.00
23:48:44       3    1.00    0.00    1.00    0.00    0.00    0.00    0.00    0.00    0.00   98.00

23:48:44     CPU    %usr   %nice    %sys %iowait    %irq   %soft  %steal  %guest  %gnice   %idle
23:48:45     all    1.25    0.00   46.37    0.00    0.00    6.77    0.00    0.00    0.00   45.61
23:48:45       0    1.98    0.00   47.52    0.00    0.00    8.91    0.00    0.00    0.00   41.58
23:48:45       1    1.02    0.00   47.96    0.00    0.00    9.18    0.00    0.00    0.00   41.84
23:48:45       2    1.98    0.00   89.11    0.00    0.00    8.91    0.00    0.00    0.00    0.00
23:48:45       3    0.00    0.00    0.00    0.00    0.00    0.00    0.00    0.00    0.00  100.00

23:48:45     CPU    %usr   %nice    %sys %iowait    %irq   %soft  %steal  %guest  %gnice   %idle
23:48:46     all    1.27    0.00   48.10    0.00    0.00    5.32    0.00    0.00    0.00   45.32
23:48:46       0    1.03    0.00   50.52    0.00    0.00    7.22    0.00    0.00    0.00   41.24
23:48:46       1    1.00    0.00   51.00    0.00    0.00    7.00    0.00    0.00    0.00   41.00
23:48:46       2    2.02    0.00   90.91    0.00    0.00    7.07    0.00    0.00    0.00    0.00
23:48:46       3    1.01    0.00    0.00    0.00    0.00    0.00    0.00    0.00    0.00   98.99

23:48:46     CPU    %usr   %nice    %sys %iowait    %irq   %soft  %steal  %guest  %gnice   %idle
23:48:47     all    1.76    0.00   47.86    0.00    0.00    5.29    0.00    0.00    0.00   45.09
23:48:47       0    1.02    0.00   48.98    0.00    0.00    8.16    0.00    0.00    0.00   41.84
23:48:47       1    1.01    0.00   51.52    0.00    0.00    6.06    0.00    0.00    0.00   41.41
23:48:47       2    2.97    0.00   90.10    0.00    0.00    6.93    0.00    0.00    0.00    0.00
23:48:47       3    2.02    0.00    0.00    0.00    0.00    0.00    0.00    0.00    0.00   97.98

23:48:47     CPU    %usr   %nice    %sys %iowait    %irq   %soft  %steal  %guest  %gnice   %idle
23:48:48     all    1.01    0.00   47.09    0.00    0.00    6.08    0.00    0.00    0.00   45.82
23:48:48       0    1.02    0.00   48.98    0.00    0.00    8.16    0.00    0.00    0.00   41.84
23:48:48       1    1.02    0.00   48.98    0.00    0.00    8.16    0.00    0.00    0.00   41.84
23:48:48       2    1.01    0.00   90.91    0.00    0.00    8.08    0.00    0.00    0.00    0.00
23:48:48       3    1.00    0.00    0.00    0.00    0.00    0.00    0.00    0.00    0.00   99.00

23:48:48     CPU    %usr   %nice    %sys %iowait    %irq   %soft  %steal  %guest  %gnice   %idle
23:48:49     all    1.01    0.00   47.86    0.00    0.00    5.79    0.00    0.00    0.00   45.34
23:48:49       0    1.02    0.00   48.98    0.00    0.00    9.18    0.00    0.00    0.00   40.82
23:48:49       1    1.01    0.00   50.51    0.00    0.00    7.07    0.00    0.00    0.00   41.41
23:48:49       2    1.98    0.00   91.09    0.00    0.00    6.93    0.00    0.00    0.00    0.00
23:48:49       3    0.00    0.00    0.00    0.00    0.00    0.00    0.00    0.00    0.00  100.00

23:48:49     CPU    %usr   %nice    %sys %iowait    %irq   %soft  %steal  %guest  %gnice   %idle
23:48:50     all    1.01    0.00   47.98    0.00    0.00    5.81    0.00    0.00    0.00   45.20
23:48:50       0    1.01    0.00   49.49    0.00    0.00    9.09    0.00    0.00    0.00   40.40
23:48:50       1    0.00    0.00   50.00    0.00    0.00    8.16    0.00    0.00    0.00   41.84
23:48:50       2    2.00    0.00   92.00    0.00    0.00    6.00    0.00    0.00    0.00    0.00
23:48:50       3    1.01    0.00    0.00    0.00    0.00    0.00    0.00    0.00    0.00   98.99

23:48:50     CPU    %usr   %nice    %sys %iowait    %irq   %soft  %steal  %guest  %gnice   %idle
23:48:51     all    1.50    0.00   47.75    0.00    0.00    5.75    0.00    0.00    0.00   45.00
23:48:51       0    1.00    0.00   50.00    0.00    0.00    8.00    0.00    0.00    0.00   41.00
23:48:51       1    2.00    0.00   50.00    0.00    0.00    7.00    0.00    0.00    0.00   41.00
23:48:51       2    2.00    0.00   90.00    0.00    0.00    8.00    0.00    0.00    0.00    0.00
23:48:51       3    1.00    0.00    1.00    0.00    0.00    0.00    0.00    0.00    0.00   98.00

23:48:51     CPU    %usr   %nice    %sys %iowait    %irq   %soft  %steal  %guest  %gnice   %idle
23:48:52     all    1.51    0.00   47.74    0.00    0.00    6.03    0.00    0.00    0.00   44.72
23:48:52       0    2.02    0.00   51.52    0.00    0.00    7.07    0.00    0.00    0.00   39.39
23:48:52       1    1.01    0.00   48.48    0.00    0.00   10.10    0.00    0.00    0.00   40.40
23:48:52       2    2.00    0.00   91.00    0.00    0.00    7.00    0.00    0.00    0.00    0.00
23:48:52       3    1.00    0.00    0.00    0.00    0.00    0.00    0.00    0.00    0.00   99.00

23:48:52     CPU    %usr   %nice    %sys %iowait    %irq   %soft  %steal  %guest  %gnice   %idle
23:48:53     all    1.02    0.25   47.07    0.00    0.00    6.36    0.00    0.00    0.00   45.29
23:48:53       0    1.02    0.00   47.96    0.00    0.00   10.20    0.00    0.00    0.00   40.82
23:48:53       1    1.03    1.03   49.48    0.00    0.00    7.22    0.00    0.00    0.00   41.24
23:48:53       2    1.01    0.00   90.91    0.00    0.00    8.08    0.00    0.00    0.00    0.00
23:48:53       3    1.01    0.00    0.00    0.00    0.00    0.00    0.00    0.00    0.00   98.99

23:48:53     CPU    %usr   %nice    %sys %iowait    %irq   %soft  %steal  %guest  %gnice   %idle
23:48:54     all    0.76    0.00   47.72    0.00    0.00    6.09    0.00    0.00    0.00   45.43
23:48:54       0    1.01    0.00   50.51    0.00    0.00    8.08    0.00    0.00    0.00   40.40
23:48:54       1    0.00    0.00   50.53    0.00    0.00    7.37    0.00    0.00    0.00   42.11
23:48:54       2    1.98    0.00   89.11    0.00    0.00    8.91    0.00    0.00    0.00    0.00
23:48:54       3    0.00    0.00    0.00    0.00    0.00    0.00    0.00    0.00    0.00  100.00
