Linux 7.0.0-31-generic (ubuntu) 	09/10/26 	_aarch64_	(4 CPU)

23:51:19     CPU    %usr   %nice    %sys %iowait    %irq   %soft  %steal  %guest  %gnice   %idle
23:51:20     all    1.27    0.00   50.13    0.00    0.00    5.60    0.00    0.00    0.00   43.00
23:51:20       0    1.06    0.00   56.38    0.00    0.00    7.45    0.00    0.00    0.00   35.11
23:51:20       1    1.01    0.00   54.55    0.00    0.00    8.08    0.00    0.00    0.00   36.36
23:51:20       2    2.00    0.00   90.00    0.00    0.00    7.00    0.00    0.00    0.00    1.00
23:51:20       3    1.00    0.00    0.00    0.00    0.00    0.00    0.00    0.00    0.00   99.00

23:51:20     CPU    %usr   %nice    %sys %iowait    %irq   %soft  %steal  %guest  %gnice   %idle
23:51:21     all    1.02    0.00   50.13    0.00    0.00    6.87    0.00    0.00    0.00   41.98
23:51:21       0    1.05    0.00   55.79    0.00    0.00    9.47    0.00    0.00    0.00   33.68
23:51:21       1    1.02    0.00   54.08    0.00    0.00   10.20    0.00    0.00    0.00   34.69
23:51:21       2    1.98    0.00   90.10    0.00    0.00    7.92    0.00    0.00    0.00    0.00
23:51:21       3    0.00    0.00    0.00    0.00    0.00    0.00    0.00    0.00    0.00  100.00

23:51:21     CPU    %usr   %nice    %sys %iowait    %irq   %soft  %steal  %guest  %gnice   %idle
23:51:22     all    1.53    0.00   50.64    0.25    0.00    6.36    0.00    0.00    0.00   41.22
23:51:22       0    2.02    0.00   54.55    0.00    0.00    9.09    0.00    0.00    0.00   34.34
23:51:22       1    0.00    0.00   57.89    0.00    0.00    8.42    0.00    0.00    0.00   33.68
23:51:22       2    1.01    0.00   90.91    0.00    0.00    8.08    0.00    0.00    0.00    0.00
23:51:22       3    3.00    0.00    0.00    1.00    0.00    0.00    0.00    0.00    0.00   96.00

23:51:22     CPU    %usr   %nice    %sys %iowait    %irq   %soft  %steal  %guest  %gnice   %idle
23:51:23     all    1.27    0.00   50.89    0.00    0.00    6.33    0.00    0.00    0.00   41.52
23:51:23       0    1.05    0.00   55.79    0.00    0.00   10.53    0.00    0.00    0.00   32.63
23:51:23       1    0.99    0.00   56.44    0.00    0.00    7.92    0.00    0.00    0.00   34.65
23:51:23       2    2.97    0.00   90.10    0.00    0.00    6.93    0.00    0.00    0.00    0.00
23:51:23       3    0.00    0.00    0.00    0.00    0.00    0.00    0.00    0.00    0.00  100.00

23:51:23     CPU    %usr   %nice    %sys %iowait    %irq   %soft  %steal  %guest  %gnice   %idle
23:51:24     all    1.01    0.00   51.01    0.00    0.00    6.31    0.00    0.00    0.00   41.67
23:51:24       0    0.00    0.00   57.29    0.00    0.00    9.38    0.00    0.00    0.00   33.33
23:51:24       1    1.00    0.00   56.00    0.00    0.00    9.00    0.00    0.00    0.00   34.00
23:51:24       2    2.02    0.00   90.91    0.00    0.00    7.07    0.00    0.00    0.00    0.00
23:51:24       3    0.99    0.00    0.99    0.00    0.00    0.00    0.00    0.00    0.00   98.02

23:51:24     CPU    %usr   %nice    %sys %iowait    %irq   %soft  %steal  %guest  %gnice   %idle
23:51:25     all    1.02    0.00   50.26    0.00    0.00    6.63    0.00    0.00    0.00   42.09
23:51:25       0    1.04    0.00   56.25    0.00    0.00   10.42    0.00    0.00    0.00   32.29
23:51:25       1    1.03    0.00   53.61    0.00    0.00    9.28    0.00    0.00    0.00   36.08
23:51:25       2    2.00    0.00   91.00    0.00    0.00    7.00    0.00    0.00    0.00    0.00
23:51:25       3    0.00    0.00    0.00    0.00    0.00    0.00    0.00    0.00    0.00  100.00

23:51:25     CPU    %usr   %nice    %sys %iowait    %irq   %soft  %steal  %guest  %gnice   %idle
23:51:26     all    1.52    0.00   49.75    0.00    0.00    6.60    0.00    0.00    0.00   42.13
23:51:26       0    1.05    0.00   54.74    0.00    0.00    9.47    0.00    0.00    0.00   34.74
23:51:26       1    2.04    0.00   53.06    0.00    0.00   10.20    0.00    0.00    0.00   34.69
23:51:26       2    1.98    0.00   91.09    0.00    0.00    6.93    0.00    0.00    0.00    0.00
23:51:26       3    1.00    0.00    0.00    0.00    0.00    0.00    0.00    0.00    0.00   99.00

23:51:26     CPU    %usr   %nice    %sys %iowait    %irq   %soft  %steal  %guest  %gnice   %idle
23:51:27     all    1.01    0.00   50.25    0.00    0.00    7.07    0.00    0.00    0.00   41.67
23:51:27       0    1.02    0.00   54.08    0.00    0.00   12.24    0.00    0.00    0.00   32.65
23:51:27       1    1.01    0.00   55.56    0.00    0.00    9.09    0.00    0.00    0.00   34.34
23:51:27       2    2.00    0.00   91.00    0.00    0.00    7.00    0.00    0.00    0.00    0.00
23:51:27       3    0.00    0.00    0.00    0.00    0.00    0.00    0.00    0.00    0.00  100.00

23:51:27     CPU    %usr   %nice    %sys %iowait    %irq   %soft  %steal  %guest  %gnice   %idle
23:51:28     all    1.02    0.00   50.76    0.00    0.00    6.60    0.00    0.00    0.00   41.62
23:51:28       0    1.02    0.00   56.12    0.00    0.00   10.20    0.00    0.00    0.00   32.65
23:51:28       1    1.03    0.00   55.67    0.00    0.00    8.25    0.00    0.00    0.00   35.05
23:51:28       2    1.00    0.00   91.00    0.00    0.00    8.00    0.00    0.00    0.00    0.00
23:51:28       3    1.01    0.00    0.00    0.00    0.00    0.00    0.00    0.00    0.00   98.99

23:51:28     CPU    %usr   %nice    %sys %iowait    %irq   %soft  %steal  %guest  %gnice   %idle
23:51:29     all    1.27    0.00   50.63    0.00    0.00    6.58    0.00    0.00    0.00   41.52
23:51:29       0    1.03    0.00   55.67    0.00    0.00    9.28    0.00    0.00    0.00   34.02
23:51:29       1    1.01    0.00   55.56    0.00    0.00   10.10    0.00    0.00    0.00   33.33
23:51:29       2    2.00    0.00   91.00    0.00    0.00    7.00    0.00    0.00    0.00    0.00
23:51:29       3    1.01    0.00    0.00    0.00    0.00    0.00    0.00    0.00    0.00   98.99

23:51:29     CPU    %usr   %nice    %sys %iowait    %irq   %soft  %steal  %guest  %gnice   %idle
23:51:30     all    1.01    0.00   49.87    0.00    0.00    7.30    0.00    0.00    0.00   41.81
23:51:30       0    0.00    0.00   56.70    0.00    0.00   11.34    0.00    0.00    0.00   31.96
23:51:30       1    1.00    0.00   53.00    0.00    0.00   10.00    0.00    0.00    0.00   36.00
23:51:30       2    3.00    0.00   89.00    0.00    0.00    8.00    0.00    0.00    0.00    0.00
23:51:30       3    0.00    0.00    1.00    0.00    0.00    0.00    0.00    0.00    0.00   99.00

23:51:30     CPU    %usr   %nice    %sys %iowait    %irq   %soft  %steal  %guest  %gnice   %idle
23:51:31     all    1.53    0.00   50.38    0.00    0.00    6.62    0.00    0.00    0.00   41.48
23:51:31       0    1.03    0.00   55.67    0.00    0.00   10.31    0.00    0.00    0.00   32.99
23:51:31       1    1.03    0.00   54.64    0.00    0.00   10.31    0.00    0.00    0.00   34.02
23:51:31       2    3.00    0.00   91.00    0.00    0.00    6.00    0.00    0.00    0.00    0.00
23:51:31       3    1.01    0.00    0.00    0.00    0.00    0.00    0.00    0.00    0.00   98.99

23:51:31     CPU    %usr   %nice    %sys %iowait    %irq   %soft  %steal  %guest  %gnice   %idle
23:51:32     all    1.26    0.00   50.38    0.00    0.00    7.05    0.00    0.00    0.00   41.31
23:51:32       0    1.01    0.00   53.54    0.00    0.00   10.10    0.00    0.00    0.00   35.35
23:51:32       1    1.01    0.00   58.59    0.00    0.00    9.09    0.00    0.00    0.00   31.31
23:51:32       2    2.00    0.00   89.00    0.00    0.00    9.00    0.00    0.00    0.00    0.00
23:51:32       3    1.01    0.00    0.00    0.00    0.00    0.00    0.00    0.00    0.00   98.99

23:51:32     CPU    %usr   %nice    %sys %iowait    %irq   %soft  %steal  %guest  %gnice   %idle
23:51:33     all    1.77    0.00   49.62    0.00    0.00    6.84    0.00    0.00    0.00   41.77
23:51:33       0    1.02    0.00   55.10    0.00    0.00    9.18    0.00    0.00    0.00   34.69
23:51:33       1    2.04    0.00   54.08    0.00    0.00   10.20    0.00    0.00    0.00   33.67
23:51:33       2    3.00    0.00   89.00    0.00    0.00    8.00    0.00    0.00    0.00    0.00
23:51:33       3    1.01    0.00    0.00    0.00    0.00    0.00    0.00    0.00    0.00   98.99

23:51:33     CPU    %usr   %nice    %sys %iowait    %irq   %soft  %steal  %guest  %gnice   %idle
23:51:34     all    1.02    0.00   51.02    0.00    0.00    6.60    0.00    0.00    0.00   41.37
23:51:34       0    1.03    0.00   56.70    0.00    0.00   11.34    0.00    0.00    0.00   30.93
23:51:34       1    1.03    0.00   55.67    0.00    0.00    7.22    0.00    0.00    0.00   36.08
23:51:34       2    1.00    0.00   91.00    0.00    0.00    8.00    0.00    0.00    0.00    0.00
23:51:34       3    1.00    0.00    1.00    0.00    0.00    0.00    0.00    0.00    0.00   98.00

23:51:34     CPU    %usr   %nice    %sys %iowait    %irq   %soft  %steal  %guest  %gnice   %idle
23:51:35     all    1.52    0.00   50.63    0.00    0.00    6.33    0.00    0.00    0.00   41.52
23:51:35       0    2.04    0.00   54.08    0.00    0.00    9.18    0.00    0.00    0.00   34.69
23:51:35       1    1.02    0.00   57.14    0.00    0.00    9.18    0.00    0.00    0.00   32.65
23:51:35       2    2.00    0.00   91.00    0.00    0.00    7.00    0.00    0.00    0.00    0.00
23:51:35       3    1.01    0.00    0.00    0.00    0.00    0.00    0.00    0.00    0.00   98.99

23:51:35     CPU    %usr   %nice    %sys %iowait    %irq   %soft  %steal  %guest  %gnice   %idle
23:51:36     all    1.03    0.00   49.48    0.00    0.00    7.22    0.00    0.00    0.00   42.27
23:51:36       0    1.05    0.00   52.63    0.00    0.00    9.47    0.00    0.00    0.00   36.84
23:51:36       1    1.06    0.00   55.32    0.00    0.00   11.70    0.00    0.00    0.00   31.91
23:51:36       2    2.00    0.00   90.00    0.00    0.00    8.00    0.00    0.00    0.00    0.00
23:51:36       3    0.00    0.00    0.00    0.00    0.00    0.00    0.00    0.00    0.00  100.00

23:51:36     CPU    %usr   %nice    %sys %iowait    %irq   %soft  %steal  %guest  %gnice   %idle
23:51:37     all    1.27    0.00   49.75    0.00    0.00    7.36    0.00    0.00    0.00   41.62
23:51:37       0    1.03    0.00   54.64    0.00    0.00    9.28    0.00    0.00    0.00   35.05
23:51:37       1    1.02    0.00   55.10    0.00    0.00   11.22    0.00    0.00    0.00   32.65
23:51:37       2    2.00    0.00   89.00    0.00    0.00    9.00    0.00    0.00    0.00    0.00
23:51:37       3    1.01    0.00    0.00    0.00    0.00    0.00    0.00    0.00    0.00   98.99
