Linux 7.0.0-31-generic (ubuntu) 	09/10/26 	_aarch64_	(4 CPU)

23:53:42     CPU    %usr   %nice    %sys %iowait    %irq   %soft  %steal  %guest  %gnice   %idle
23:53:43     all    1.26    0.00   47.61    0.00    0.00    6.30    0.00    0.00    0.00   44.84
23:53:43       0    1.02    0.00   47.96    0.00    0.00   10.20    0.00    0.00    0.00   40.82
23:53:43       1    1.02    0.00   52.04    0.00    0.00    7.14    0.00    0.00    0.00   39.80
23:53:43       2    1.98    0.00   90.10    0.00    0.00    7.92    0.00    0.00    0.00    0.00
23:53:43       3    1.00    0.00    0.00    0.00    0.00    0.00    0.00    0.00    0.00   99.00

23:53:43     CPU    %usr   %nice    %sys %iowait    %irq   %soft  %steal  %guest  %gnice   %idle
23:53:44     all    1.02    0.00   47.96    0.00    0.00    5.61    0.00    0.00    0.00   45.41
23:53:44       0    1.04    0.00   51.04    0.00    0.00    7.29    0.00    0.00    0.00   40.62
23:53:44       1    1.03    0.00   50.52    0.00    0.00    7.22    0.00    0.00    0.00   41.24
23:53:44       2    1.01    0.00   90.91    0.00    0.00    8.08    0.00    0.00    0.00    0.00
23:53:44       3    1.00    0.00    0.00    0.00    0.00    0.00    0.00    0.00    0.00   99.00

23:53:44     CPU    %usr   %nice    %sys %iowait    %irq   %soft  %steal  %guest  %gnice   %idle
23:53:45     all    1.27    0.00   47.72    0.00    0.00    6.60    0.00    0.00    0.00   44.42
23:53:45       0    0.00    0.00   51.04    0.00    0.00    8.33    0.00    0.00    0.00   40.62
23:53:45       1    1.00    0.00   50.00    0.00    0.00    9.00    0.00    0.00    0.00   40.00
23:53:45       2    2.00    0.00   89.00    0.00    0.00    9.00    0.00    0.00    0.00    0.00
23:53:45       3    2.04    0.00    0.00    0.00    0.00    0.00    0.00    0.00    0.00   97.96

23:53:45     CPU    %usr   %nice    %sys %iowait    %irq   %soft  %steal  %guest  %gnice   %idle
23:53:46     all    1.27    0.00   47.09    0.00    0.00    6.58    0.00    0.00    0.00   45.06
23:53:46       0    1.03    0.00   50.52    0.00    0.00    8.25    0.00    0.00    0.00   40.21
23:53:46       1    1.03    0.00   48.45    0.00    0.00    9.28    0.00    0.00    0.00   41.24
23:53:46       2    1.98    0.00   89.11    0.00    0.00    8.91    0.00    0.00    0.00    0.00
23:53:46       3    1.00    0.00    0.00    0.00    0.00    0.00    0.00    0.00    0.00   99.00

23:53:46     CPU    %usr   %nice    %sys %iowait    %irq   %soft  %steal  %guest  %gnice   %idle
23:53:47     all    1.02    0.00   47.96    0.00    0.00    6.12    0.00    0.00    0.00   44.90
23:53:47       0    1.02    0.00   50.00    0.00    0.00    9.18    0.00    0.00    0.00   39.80
23:53:47       1    1.04    0.00   52.08    0.00    0.00    7.29    0.00    0.00    0.00   39.58
23:53:47       2    2.02    0.00   89.90    0.00    0.00    8.08    0.00    0.00    0.00    0.00
23:53:47       3    0.00    0.00    0.00    0.00    0.00    0.00    0.00    0.00    0.00  100.00

23:53:47     CPU    %usr   %nice    %sys %iowait    %irq   %soft  %steal  %guest  %gnice   %idle
23:53:48     all    1.51    0.00   48.36    0.00    0.00    6.30    0.00    0.00    0.00   43.83
23:53:48       0    1.02    0.00   52.04    0.00    0.00    8.16    0.00    0.00    0.00   38.78
23:53:48       1    1.02    0.00   52.04    0.00    0.00    8.16    0.00    0.00    0.00   38.78
23:53:48       2    1.98    0.00   89.11    0.00    0.00    8.91    0.00    0.00    0.00    0.00
23:53:48       3    2.00    0.00    0.00    0.00    0.00    0.00    0.00    0.00    0.00   98.00

23:53:48     CPU    %usr   %nice    %sys %iowait    %irq   %soft  %steal  %guest  %gnice   %idle
23:53:49     all    1.01    0.00   48.61    0.00    0.00    5.82    0.00    0.00    0.00   44.56
23:53:49       0    1.02    0.00   52.04    0.00    0.00    8.16    0.00    0.00    0.00   38.78
23:53:49       1    1.02    0.00   51.02    0.00    0.00    8.16    0.00    0.00    0.00   39.80
23:53:49       2    2.00    0.00   91.00    0.00    0.00    7.00    0.00    0.00    0.00    0.00
23:53:49       3    0.00    0.00    0.00    0.00    0.00    0.00    0.00    0.00    0.00  100.00

23:53:49     CPU    %usr   %nice    %sys %iowait    %irq   %soft  %steal  %guest  %gnice   %idle
23:53:50     all    1.28    0.00   47.96    0.00    0.00    6.38    0.00    0.00    0.00   44.39
23:53:50       0    1.04    0.00   50.00    0.00    0.00   10.42    0.00    0.00    0.00   38.54
23:53:50       1    1.03    0.00   50.52    0.00    0.00    8.25    0.00    0.00    0.00   40.21
23:53:50       2    2.00    0.00   91.00    0.00    0.00    7.00    0.00    0.00    0.00    0.00
23:53:50       3    1.01    0.00    0.00    0.00    0.00    0.00    0.00    0.00    0.00   98.99

23:53:50     CPU    %usr   %nice    %sys %iowait    %irq   %soft  %steal  %guest  %gnice   %idle
23:53:51     all    1.26    0.00   48.11    0.00    0.00    7.05    0.00    0.00    0.00   43.58
23:53:51       0    2.02    0.00   50.51    0.00    0.00   10.10    0.00    0.00    0.00   37.37
23:53:51       1    1.01    0.00   51.52    0.00    0.00    9.09    0.00    0.00    0.00   38.38
23:53:51       2    2.00    0.00   89.00    0.00    0.00    9.00    0.00    0.00    0.00    0.00
23:53:51       3    0.00    0.00    1.01    0.00    0.00    0.00    0.00    0.00    0.00   98.99

23:53:51     CPU    %usr   %nice    %sys %iowait    %irq   %soft  %steal  %guest  %gnice   %idle
23:53:52     all    1.00    0.00   48.37    0.00    0.00    7.02    0.00    0.00    0.00   43.61
23:53:52       0    1.00    0.00   52.00    0.00    0.00    9.00    0.00    0.00    0.00   38.00
23:53:52       1    1.00    0.00   51.00    0.00    0.00   10.00    0.00    0.00    0.00   38.00
23:53:52       2    1.00    0.00   90.00    0.00    0.00    9.00    0.00    0.00    0.00    0.00
23:53:52       3    1.01    0.00    0.00    0.00    0.00    0.00    0.00    0.00    0.00   98.99

23:53:52     CPU    %usr   %nice    %sys %iowait    %irq   %soft  %steal  %guest  %gnice   %idle
23:53:53     all    1.02    0.00   49.49    0.00    0.00    5.33    0.00    0.00    0.00   44.16
23:53:53       0    1.03    0.00   51.55    0.00    0.00    8.25    0.00    0.00    0.00   39.18
23:53:53       1    1.02    0.00   53.06    0.00    0.00    7.14    0.00    0.00    0.00   38.78
23:53:53       2    1.00    0.00   93.00    0.00    0.00    6.00    0.00    0.00    0.00    0.00
23:53:53       3    1.01    0.00    0.00    0.00    0.00    0.00    0.00    0.00    0.00   98.99

23:53:53     CPU    %usr   %nice    %sys %iowait    %irq   %soft  %steal  %guest  %gnice   %idle
23:53:54     all    1.00    0.00   47.63    0.25    0.00    7.23    0.00    0.00    0.00   43.89
23:53:54       0    0.98    0.00   49.02    0.98    0.00   10.78    0.00    0.00    0.00   38.24
23:53:54       1    1.02    0.00   51.02    0.00    0.00    9.18    0.00    0.00    0.00   38.78
23:53:54       2    1.98    0.00   89.11    0.00    0.00    8.91    0.00    0.00    0.00    0.00
23:53:54       3    0.00    0.00    1.00    0.00    0.00    0.00    0.00    0.00    0.00   99.00

23:53:54     CPU    %usr   %nice    %sys %iowait    %irq   %soft  %steal  %guest  %gnice   %idle
23:53:55     all    1.01    0.00   46.46    0.00    0.00    6.31    0.00    0.00    0.00   46.21
23:53:55       0    1.08    0.00   47.31    0.00    0.00    9.68    0.00    0.00    0.00   41.94
23:53:55       1    0.96    0.00   47.12    0.00    0.00    8.65    0.00    0.00    0.00   43.27
23:53:55       2    1.01    0.00   91.92    0.00    0.00    7.07    0.00    0.00    0.00    0.00
23:53:55       3    1.00    0.00    0.00    0.00    0.00    0.00    0.00    0.00    0.00   99.00

23:53:55     CPU    %usr   %nice    %sys %iowait    %irq   %soft  %steal  %guest  %gnice   %idle
23:53:56     all    1.52    0.00   46.46    0.00    0.00    5.30    0.00    0.00    0.00   46.72
23:53:56       0    2.13    0.00   47.87    0.00    0.00    7.45    0.00    0.00    0.00   42.55
23:53:56       1    0.97    0.00   46.60    0.00    0.00    6.80    0.00    0.00    0.00   45.63
23:53:56       2    2.00    0.00   91.00    0.00    0.00    7.00    0.00    0.00    0.00    0.00
23:53:56       3    1.01    0.00    0.00    0.00    0.00    0.00    0.00    0.00    0.00   98.99

23:53:56     CPU    %usr   %nice    %sys %iowait    %irq   %soft  %steal  %guest  %gnice   %idle
23:53:57     all    0.51    0.00   45.82    0.00    0.00    5.82    0.00    0.00    0.00   47.85
23:53:57       0    0.00    0.00   46.74    0.00    0.00    8.70    0.00    0.00    0.00   44.57
23:53:57       1    0.00    0.00   46.08    0.00    0.00    6.86    0.00    0.00    0.00   47.06
23:53:57       2    1.98    0.00   90.10    0.00    0.00    7.92    0.00    0.00    0.00    0.00
23:53:57       3    0.00    0.00    0.00    0.00    0.00    0.00    0.00    0.00    0.00  100.00

23:53:57     CPU    %usr   %nice    %sys %iowait    %irq   %soft  %steal  %guest  %gnice   %idle
23:53:58     all    1.52    0.00   46.33    0.00    0.00    6.33    0.00    0.00    0.00   45.82
23:53:58       0    2.02    0.00   48.48    0.00    0.00    9.09    0.00    0.00    0.00   40.40
23:53:58       1    2.04    0.00   46.94    0.00    0.00    8.16    0.00    0.00    0.00   42.86
23:53:58       2    2.02    0.00   89.90    0.00    0.00    8.08    0.00    0.00    0.00    0.00
23:53:58       3    0.00    0.00    0.00    0.00    0.00    0.00    0.00    0.00    0.00  100.00

23:53:58     CPU    %usr   %nice    %sys %iowait    %irq   %soft  %steal  %guest  %gnice   %idle
23:53:59     all    1.25    0.00   45.61    0.00    0.00    6.02    0.00    0.00    0.00   47.12
23:53:59       0    0.97    0.00   43.69    0.00    0.00    7.77    0.00    0.00    0.00   47.57
23:53:59       1    1.05    0.00   48.42    0.00    0.00    8.42    0.00    0.00    0.00   42.11
23:53:59       2    1.98    0.00   90.10    0.00    0.00    7.92    0.00    0.00    0.00    0.00
23:53:59       3    1.00    0.00    0.00    0.00    0.00    0.00    0.00    0.00    0.00   99.00

23:53:59     CPU    %usr   %nice    %sys %iowait    %irq   %soft  %steal  %guest  %gnice   %idle
23:54:00     all    1.26    0.00   46.72    0.25    0.00    5.30    0.00    0.00    0.00   46.46
23:54:00       0    0.00    0.00   45.63    0.00    0.00    6.80    0.00    0.00    0.00   47.57
23:54:00       1    1.08    0.00   48.39    0.00    0.00    8.60    0.00    0.00    0.00   41.94
23:54:00       2    1.01    0.00   92.93    0.00    0.00    6.06    0.00    0.00    0.00    0.00
23:54:00       3    2.97    0.00    0.99    0.99    0.00    0.00    0.00    0.00    0.00   95.05
