Linux 7.0.0-31-generic (ubuntu) 	09/10/26 	_aarch64_	(4 CPU)

23:54:42     CPU    %usr   %nice    %sys %iowait    %irq   %soft  %steal  %guest  %gnice   %idle
23:54:43     all    1.77    0.00   49.11    0.00    0.00    7.09    0.00    0.00    0.00   42.03
23:54:43       0    0.99    0.00   54.46    0.00    0.00   10.89    0.00    0.00    0.00   33.66
23:54:43       1    3.19    0.00   52.13    0.00    0.00   10.64    0.00    0.00    0.00   34.04
23:54:43       2    2.00    0.00   90.00    0.00    0.00    7.00    0.00    0.00    0.00    1.00
23:54:43       3    1.00    0.00    0.00    0.00    0.00    0.00    0.00    0.00    0.00   99.00

23:54:43     CPU    %usr   %nice    %sys %iowait    %irq   %soft  %steal  %guest  %gnice   %idle
23:54:44     all    1.79    0.00   49.74    0.00    0.00    6.63    0.00    0.00    0.00   41.84
23:54:44       0    2.08    0.00   53.12    0.00    0.00    9.38    0.00    0.00    0.00   35.42
23:54:44       1    1.03    0.00   55.67    0.00    0.00    9.28    0.00    0.00    0.00   34.02
23:54:44       2    2.00    0.00   90.00    0.00    0.00    8.00    0.00    0.00    0.00    0.00
23:54:44       3    2.02    0.00    0.00    0.00    0.00    0.00    0.00    0.00    0.00   97.98

23:54:44     CPU    %usr   %nice    %sys %iowait    %irq   %soft  %steal  %guest  %gnice   %idle
23:54:45     all    1.51    0.00   50.38    0.00    0.00    6.55    0.00    0.00    0.00   41.56
23:54:45       0    1.01    0.00   55.56    0.00    0.00   10.10    0.00    0.00    0.00   33.33
23:54:45       1    1.01    0.00   54.55    0.00    0.00   10.10    0.00    0.00    0.00   34.34
23:54:45       2    3.00    0.00   91.00    0.00    0.00    6.00    0.00    0.00    0.00    0.00
23:54:45       3    1.01    0.00    0.00    0.00    0.00    0.00    0.00    0.00    0.00   98.99

23:54:45     CPU    %usr   %nice    %sys %iowait    %irq   %soft  %steal  %guest  %gnice   %idle
23:54:46     all    1.78    0.00   49.75    0.00    0.00    7.11    0.00    0.00    0.00   41.37
23:54:46       0    0.99    0.00   52.48    0.00    0.00   11.88    0.00    0.00    0.00   34.65
23:54:46       1    1.06    0.00   55.32    0.00    0.00   10.64    0.00    0.00    0.00   32.98
23:54:46       2    3.00    0.00   91.00    0.00    0.00    6.00    0.00    0.00    0.00    0.00
23:54:46       3    2.02    0.00    0.00    0.00    0.00    0.00    0.00    0.00    0.00   97.98

23:54:46     CPU    %usr   %nice    %sys %iowait    %irq   %soft  %steal  %guest  %gnice   %idle
23:54:47     all    1.01    0.00   51.14    0.00    0.00    6.33    0.00    0.00    0.00   41.52
23:54:47       0    0.00    0.00   56.57    0.00    0.00    8.08    0.00    0.00    0.00   35.35
23:54:47       1    1.03    0.00   55.67    0.00    0.00   10.31    0.00    0.00    0.00   32.99
23:54:47       2    1.00    0.00   92.00    0.00    0.00    7.00    0.00    0.00    0.00    0.00
23:54:47       3    2.02    0.00    0.00    0.00    0.00    0.00    0.00    0.00    0.00   97.98

23:54:47     CPU    %usr   %nice    %sys %iowait    %irq   %soft  %steal  %guest  %gnice   %idle
23:54:48     all    1.01    0.00   50.76    0.00    0.00    6.31    0.00    0.00    0.00   41.92
23:54:48       0    1.00    0.00   56.00    0.00    0.00    8.00    0.00    0.00    0.00   35.00
23:54:48       1    1.04    0.00   54.17    0.00    0.00   11.46    0.00    0.00    0.00   33.33
23:54:48       2    2.00    0.00   92.00    0.00    0.00    6.00    0.00    0.00    0.00    0.00
23:54:48       3    0.00    0.00    1.00    0.00    0.00    0.00    0.00    0.00    0.00   99.00

23:54:48     CPU    %usr   %nice    %sys %iowait    %irq   %soft  %steal  %guest  %gnice   %idle
23:54:49     all    1.52    0.00   49.62    0.00    0.00    7.09    0.00    0.00    0.00   41.77
23:54:49       0    2.02    0.00   54.55    0.00    0.00    9.09    0.00    0.00    0.00   34.34
23:54:49       1    1.04    0.00   55.21    0.00    0.00   10.42    0.00    0.00    0.00   33.33
23:54:49       2    2.00    0.00   89.00    0.00    0.00    9.00    0.00    0.00    0.00    0.00
23:54:49       3    1.00    0.00    0.00    0.00    0.00    0.00    0.00    0.00    0.00   99.00

23:54:49     CPU    %usr   %nice    %sys %iowait    %irq   %soft  %steal  %guest  %gnice   %idle
23:54:50     all    1.53    0.00   50.38    0.00    0.00    6.36    0.00    0.00    0.00   41.73
23:54:50       0    1.03    0.00   55.67    0.00    0.00    8.25    0.00    0.00    0.00   35.05
23:54:50       1    1.03    0.00   56.70    0.00    0.00    9.28    0.00    0.00    0.00   32.99
23:54:50       2    3.00    0.00   89.00    0.00    0.00    8.00    0.00    0.00    0.00    0.00
23:54:50       3    1.01    0.00    0.00    0.00    0.00    0.00    0.00    0.00    0.00   98.99

23:54:50     CPU    %usr   %nice    %sys %iowait    %irq   %soft  %steal  %guest  %gnice   %idle
23:54:51     all    1.27    0.25   50.25    0.00    0.00    7.36    0.00    0.00    0.00   40.86
23:54:51       0    1.00    0.00   52.00    0.00    0.00   10.00    0.00    0.00    0.00   37.00
23:54:51       1    1.04    0.00   57.29    0.00    0.00   11.46    0.00    0.00    0.00   30.21
23:54:51       2    2.00    0.00   90.00    0.00    0.00    8.00    0.00    0.00    0.00    0.00
23:54:51       3    1.02    1.02    1.02    0.00    0.00    0.00    0.00    0.00    0.00   96.94

23:54:51     CPU    %usr   %nice    %sys %iowait    %irq   %soft  %steal  %guest  %gnice   %idle
23:54:52     all    1.52    0.00   49.49    0.00    0.00    7.07    0.00    0.00    0.00   41.92
23:54:52       0    2.02    0.00   51.52    0.00    0.00    9.09    0.00    0.00    0.00   37.37
23:54:52       1    1.03    0.00   57.73    0.00    0.00   10.31    0.00    0.00    0.00   30.93
23:54:52       2    2.00    0.00   89.00    0.00    0.00    9.00    0.00    0.00    0.00    0.00
23:54:52       3    1.00    0.00    0.00    0.00    0.00    0.00    0.00    0.00    0.00   99.00

23:54:52     CPU    %usr   %nice    %sys %iowait    %irq   %soft  %steal  %guest  %gnice   %idle
23:54:53     all    1.29    0.00   48.84    0.00    0.00    7.46    0.00    0.00    0.00   42.42
23:54:53       0    0.00    0.00   53.12    0.00    0.00    9.38    0.00    0.00    0.00   37.50
23:54:53       1    1.06    0.00   54.26    0.00    0.00   11.70    0.00    0.00    0.00   32.98
23:54:53       2    3.00    0.00   88.00    0.00    0.00    9.00    0.00    0.00    0.00    0.00
23:54:53       3    1.01    0.00    0.00    0.00    0.00    0.00    0.00    0.00    0.00   98.99

23:54:53     CPU    %usr   %nice    %sys %iowait    %irq   %soft  %steal  %guest  %gnice   %idle
23:54:54     all    1.02    0.00   49.11    0.00    0.00    7.89    0.00    0.00    0.00   41.98
23:54:54       0    1.04    0.00   54.17    0.00    0.00    9.38    0.00    0.00    0.00   35.42
23:54:54       1    1.02    0.00   54.08    0.00    0.00   12.24    0.00    0.00    0.00   32.65
23:54:54       2    2.00    0.00   88.00    0.00    0.00   10.00    0.00    0.00    0.00    0.00
23:54:54       3    0.00    0.00    0.00    0.00    0.00    0.00    0.00    0.00    0.00  100.00

23:54:54     CPU    %usr   %nice    %sys %iowait    %irq   %soft  %steal  %guest  %gnice   %idle
23:54:55     all    1.26    0.00   48.74    0.00    0.00    7.83    0.00    0.00    0.00   42.17
23:54:55       0    1.00    0.00   51.00    0.00    0.00   11.00    0.00    0.00    0.00   37.00
23:54:55       1    1.03    0.00   54.64    0.00    0.00   11.34    0.00    0.00    0.00   32.99
23:54:55       2    3.00    0.00   88.00    0.00    0.00    9.00    0.00    0.00    0.00    0.00
23:54:55       3    0.00    0.00    1.01    0.00    0.00    0.00    0.00    0.00    0.00   98.99

23:54:55     CPU    %usr   %nice    %sys %iowait    %irq   %soft  %steal  %guest  %gnice   %idle
23:54:56     all    1.52    0.00   50.25    0.00    0.00    6.60    0.00    0.00    0.00   41.62
23:54:56       0    1.03    0.00   56.70    0.00    0.00    9.28    0.00    0.00    0.00   32.99
23:54:56       1    1.03    0.00   54.64    0.00    0.00    9.28    0.00    0.00    0.00   35.05
23:54:56       2    2.00    0.00   90.00    0.00    0.00    8.00    0.00    0.00    0.00    0.00
23:54:56       3    2.00    0.00    0.00    0.00    0.00    0.00    0.00    0.00    0.00   98.00

23:54:56     CPU    %usr   %nice    %sys %iowait    %irq   %soft  %steal  %guest  %gnice   %idle
23:54:57     all    1.52    0.00   48.98    0.00    0.00    7.36    0.00    0.00    0.00   42.13
23:54:57       0    2.08    0.00   54.17    0.00    0.00   12.50    0.00    0.00    0.00   31.25
23:54:57       1    1.02    0.00   51.02    0.00    0.00   10.20    0.00    0.00    0.00   37.76
23:54:57       2    2.00    0.00   91.00    0.00    0.00    7.00    0.00    0.00    0.00    0.00
23:54:57       3    1.00    0.00    0.00    0.00    0.00    0.00    0.00    0.00    0.00   99.00

23:54:57     CPU    %usr   %nice    %sys %iowait    %irq   %soft  %steal  %guest  %gnice   %idle
23:54:58     all    1.02    0.00   50.13    0.00    0.00    6.87    0.00    0.00    0.00   41.98
23:54:58       0    0.00    0.00   56.12    0.00    0.00    9.18    0.00    0.00    0.00   34.69
23:54:58       1    1.03    0.00   53.61    0.00    0.00   11.34    0.00    0.00    0.00   34.02
23:54:58       2    3.00    0.00   90.00    0.00    0.00    7.00    0.00    0.00    0.00    0.00
23:54:58       3    0.00    0.00    0.00    0.00    0.00    0.00    0.00    0.00    0.00  100.00

23:54:58     CPU    %usr   %nice    %sys %iowait    %irq   %soft  %steal  %guest  %gnice   %idle
23:54:59     all    1.27    0.00   49.75    0.00    0.00    7.11    0.00    0.00    0.00   41.88
23:54:59       0    1.03    0.00   56.70    0.00    0.00   11.34    0.00    0.00    0.00   30.93
23:54:59       1    1.03    0.00   53.61    0.00    0.00    8.25    0.00    0.00    0.00   37.11
23:54:59       2    2.00    0.00   89.00    0.00    0.00    9.00    0.00    0.00    0.00    0.00
23:54:59       3    1.00    0.00    0.00    0.00    0.00    0.00    0.00    0.00    0.00   99.00

23:54:59     CPU    %usr   %nice    %sys %iowait    %irq   %soft  %steal  %guest  %gnice   %idle
23:55:00     all    1.52    0.00   50.25    0.00    0.00    6.85    0.00    0.00    0.00   41.37
23:55:00       0    1.01    0.00   53.54    0.00    0.00    9.09    0.00    0.00    0.00   36.36
23:55:00       1    1.06    0.00   56.38    0.00    0.00   10.64    0.00    0.00    0.00   31.91
23:55:00       2    1.98    0.00   90.10    0.00    0.00    7.92    0.00    0.00    0.00    0.00
23:55:00       3    2.00    0.00    1.00    0.00    0.00    0.00    0.00    0.00    0.00   97.00
