Linux 7.0.0-31-generic (ubuntu) 	09/10/26 	_aarch64_	(4 CPU)

23:50:38     CPU    %usr   %nice    %sys %iowait    %irq   %soft  %steal  %guest  %gnice   %idle
23:50:39     all    1.26    0.00   46.72    0.25    0.00    5.56    0.00    0.00    0.00   46.21
23:50:39       0    1.03    0.00   49.48    0.00    0.00    6.19    0.00    0.00    0.00   43.30
23:50:39       1    1.02    0.00   47.96    0.00    0.00    7.14    0.00    0.00    0.00   43.88
23:50:39       2    1.98    0.00   89.11    0.00    0.00    8.91    0.00    0.00    0.00    0.00
23:50:39       3    1.00    0.00    0.00    1.00    0.00    0.00    0.00    0.00    0.00   98.00

23:50:39     CPU    %usr   %nice    %sys %iowait    %irq   %soft  %steal  %guest  %gnice   %idle
23:50:40     all    1.26    0.00   46.72    0.00    0.00    5.30    0.00    0.00    0.00   46.72
23:50:40       0    1.01    0.00   49.49    0.00    0.00    6.06    0.00    0.00    0.00   43.43
23:50:40       1    1.02    0.00   46.94    0.00    0.00    7.14    0.00    0.00    0.00   44.90
23:50:40       2    2.00    0.00   90.00    0.00    0.00    8.00    0.00    0.00    0.00    0.00
23:50:40       3    1.01    0.00    0.00    0.00    0.00    0.00    0.00    0.00    0.00   98.99

23:50:40     CPU    %usr   %nice    %sys %iowait    %irq   %soft  %steal  %guest  %gnice   %idle
23:50:41     all    1.00    0.00   47.37    0.00    0.00    5.26    0.00    0.00    0.00   46.37
23:50:41       0    1.00    0.00   50.00    0.00    0.00    6.00    0.00    0.00    0.00   43.00
23:50:41       1    1.01    0.00   48.48    0.00    0.00    7.07    0.00    0.00    0.00   43.43
23:50:41       2    1.00    0.00   91.00    0.00    0.00    8.00    0.00    0.00    0.00    0.00
23:50:41       3    1.00    0.00    0.00    0.00    0.00    0.00    0.00    0.00    0.00   99.00

23:50:41     CPU    %usr   %nice    %sys %iowait    %irq   %soft  %steal  %guest  %gnice   %idle
23:50:42     all    0.75    0.00   47.00    0.00    0.00    6.25    0.00    0.00    0.00   46.00
23:50:42       0    0.00    0.00   50.00    0.00    0.00    8.00    0.00    0.00    0.00   42.00
23:50:42       1    0.00    0.00   49.00    0.00    0.00    8.00    0.00    0.00    0.00   43.00
23:50:42       2    2.00    0.00   89.00    0.00    0.00    9.00    0.00    0.00    0.00    0.00
23:50:42       3    1.00    0.00    0.00    0.00    0.00    0.00    0.00    0.00    0.00   99.00

23:50:42     CPU    %usr   %nice    %sys %iowait    %irq   %soft  %steal  %guest  %gnice   %idle
23:50:43     all    1.77    0.00   47.47    0.00    0.00    5.05    0.00    0.00    0.00   45.71
23:50:43       0    1.01    0.00   51.52    0.00    0.00    5.05    0.00    0.00    0.00   42.42
23:50:43       1    1.02    0.00   47.96    0.00    0.00    7.14    0.00    0.00    0.00   43.88
23:50:43       2    2.00    0.00   90.00    0.00    0.00    8.00    0.00    0.00    0.00    0.00
23:50:43       3    3.03    0.00    0.00    0.00    0.00    0.00    0.00    0.00    0.00   96.97

23:50:43     CPU    %usr   %nice    %sys %iowait    %irq   %soft  %steal  %guest  %gnice   %idle
23:50:44     all    0.75    0.00   47.74    0.00    0.00    5.53    0.00    0.00    0.00   45.98
23:50:44       0    1.00    0.00   50.00    0.00    0.00    7.00    0.00    0.00    0.00   42.00
23:50:44       1    1.00    0.00   50.00    0.00    0.00    7.00    0.00    0.00    0.00   42.00
23:50:44       2    1.01    0.00   90.91    0.00    0.00    8.08    0.00    0.00    0.00    0.00
23:50:44       3    0.00    0.00    0.00    0.00    0.00    0.00    0.00    0.00    0.00  100.00

23:50:44     CPU    %usr   %nice    %sys %iowait    %irq   %soft  %steal  %guest  %gnice   %idle
23:50:45     all    1.51    0.00   47.10    0.00    0.00    5.54    0.00    0.00    0.00   45.84
23:50:45       0    2.04    0.00   47.96    0.00    0.00    7.14    0.00    0.00    0.00   42.86
23:50:45       1    0.00    0.00   50.00    0.00    0.00    7.14    0.00    0.00    0.00   42.86
23:50:45       2    2.97    0.00   89.11    0.00    0.00    7.92    0.00    0.00    0.00    0.00
23:50:45       3    1.00    0.00    1.00    0.00    0.00    0.00    0.00    0.00    0.00   98.00

23:50:45     CPU    %usr   %nice    %sys %iowait    %irq   %soft  %steal  %guest  %gnice   %idle
23:50:46     all    1.00    0.00   47.50    0.00    0.00    6.25    0.00    0.00    0.00   45.25
23:50:46       0    0.00    0.00   50.00    0.00    0.00    9.00    0.00    0.00    0.00   41.00
23:50:46       1    1.00    0.00   48.00    0.00    0.00    9.00    0.00    0.00    0.00   42.00
23:50:46       2    1.98    0.00   91.09    0.00    0.00    6.93    0.00    0.00    0.00    0.00
23:50:46       3    1.01    0.00    0.00    0.00    0.00    0.00    0.00    0.00    0.00   98.99

23:50:46     CPU    %usr   %nice    %sys %iowait    %irq   %soft  %steal  %guest  %gnice   %idle
23:50:47     all    1.27    0.00   46.95    0.00    0.00    6.09    0.00    0.00    0.00   45.69
23:50:47       0    1.03    0.00   48.45    0.00    0.00    8.25    0.00    0.00    0.00   42.27
23:50:47       1    1.02    0.00   47.96    0.00    0.00    9.18    0.00    0.00    0.00   41.84
23:50:47       2    2.00    0.00   91.00    0.00    0.00    7.00    0.00    0.00    0.00    0.00
23:50:47       3    1.01    0.00    0.00    0.00    0.00    0.00    0.00    0.00    0.00   98.99

23:50:47     CPU    %usr   %nice    %sys %iowait    %irq   %soft  %steal  %guest  %gnice   %idle
23:50:48     all    0.76    0.00   47.36    0.00    0.00    5.79    0.00    0.00    0.00   46.10
23:50:48       0    0.00    0.00   49.49    0.00    0.00    8.08    0.00    0.00    0.00   42.42
23:50:48       1    0.00    0.00   49.49    0.00    0.00    8.08    0.00    0.00    0.00   42.42
23:50:48       2    2.02    0.00   90.91    0.00    0.00    7.07    0.00    0.00    0.00    0.00
23:50:48       3    1.00    0.00    0.00    0.00    0.00    0.00    0.00    0.00    0.00   99.00

23:50:48     CPU    %usr   %nice    %sys %iowait    %irq   %soft  %steal  %guest  %gnice   %idle
23:50:49     all    1.26    0.00   47.24    0.00    0.00    6.03    0.00    0.00    0.00   45.48
23:50:49       0    1.01    0.00   49.49    0.00    0.00    8.08    0.00    0.00    0.00   41.41
23:50:49       1    2.00    0.00   48.00    0.00    0.00    8.00    0.00    0.00    0.00   42.00
23:50:49       2    1.00    0.00   91.00    0.00    0.00    8.00    0.00    0.00    0.00    0.00
23:50:49       3    1.01    0.00    0.00    0.00    0.00    0.00    0.00    0.00    0.00   98.99

23:50:49     CPU    %usr   %nice    %sys %iowait    %irq   %soft  %steal  %guest  %gnice   %idle
23:50:50     all    2.01    0.00   47.12    0.00    0.00    5.76    0.00    0.00    0.00   45.11
23:50:50       0    1.00    0.00   49.00    0.00    0.00    8.00    0.00    0.00    0.00   42.00
23:50:50       1    1.01    0.00   49.49    0.00    0.00    7.07    0.00    0.00    0.00   42.42
23:50:50       2    2.00    0.00   90.00    0.00    0.00    8.00    0.00    0.00    0.00    0.00
23:50:50       3    4.00    0.00    0.00    0.00    0.00    0.00    0.00    0.00    0.00   96.00

23:50:50     CPU    %usr   %nice    %sys %iowait    %irq   %soft  %steal  %guest  %gnice   %idle
23:50:51     all    1.01    0.00   48.49    0.00    0.00    5.28    0.00    0.00    0.00   45.23
23:50:51       0    1.01    0.00   50.51    0.00    0.00    7.07    0.00    0.00    0.00   41.41
23:50:51       1    1.01    0.00   51.52    0.00    0.00    6.06    0.00    0.00    0.00   41.41
23:50:51       2    1.98    0.00   90.10    0.00    0.00    7.92    0.00    0.00    0.00    0.00
23:50:51       3    0.00    0.00    1.01    0.00    0.00    0.00    0.00    0.00    0.00   98.99

23:50:51     CPU    %usr   %nice    %sys %iowait    %irq   %soft  %steal  %guest  %gnice   %idle
23:50:52     all    1.00    0.00   47.62    0.00    0.00    6.27    0.00    0.00    0.00   45.11
23:50:52       0    0.99    0.00   52.48    0.00    0.00    5.94    0.00    0.00    0.00   40.59
23:50:52       1    1.00    0.00   49.00    0.00    0.00    9.00    0.00    0.00    0.00   41.00
23:50:52       2    1.01    0.00   88.89    0.00    0.00   10.10    0.00    0.00    0.00    0.00
23:50:52       3    1.01    0.00    0.00    0.00    0.00    0.00    0.00    0.00    0.00   98.99

23:50:52     CPU    %usr   %nice    %sys %iowait    %irq   %soft  %steal  %guest  %gnice   %idle
23:50:53     all    1.26    0.00   46.98    0.00    0.00    6.28    0.00    0.00    0.00   45.48
23:50:53       0    1.01    0.00   49.49    0.00    0.00    8.08    0.00    0.00    0.00   41.41
23:50:53       1    1.02    0.00   47.96    0.00    0.00    9.18    0.00    0.00    0.00   41.84
23:50:53       2    2.97    0.00   89.11    0.00    0.00    7.92    0.00    0.00    0.00    0.00
23:50:53       3    0.00    0.00    1.00    0.00    0.00    0.00    0.00    0.00    0.00   99.00

23:50:53     CPU    %usr   %nice    %sys %iowait    %irq   %soft  %steal  %guest  %gnice   %idle
23:50:54     all    1.01    0.00   47.59    0.00    0.00    6.33    0.00    0.00    0.00   45.06
23:50:54       0    1.03    0.00   49.48    0.00    0.00    8.25    0.00    0.00    0.00   41.24
23:50:54       1    1.01    0.00   50.51    0.00    0.00    8.08    0.00    0.00    0.00   40.40
23:50:54       2    1.00    0.00   90.00    0.00    0.00    9.00    0.00    0.00    0.00    0.00
23:50:54       3    1.01    0.00    0.00    0.00    0.00    0.00    0.00    0.00    0.00   98.99

23:50:54     CPU    %usr   %nice    %sys %iowait    %irq   %soft  %steal  %guest  %gnice   %idle
23:50:55     all    1.01    0.00   47.24    0.00    0.00    6.28    0.00    0.00    0.00   45.48
23:50:55       0    1.00    0.00   49.00    0.00    0.00    9.00    0.00    0.00    0.00   41.00
23:50:55       1    0.00    0.00   50.00    0.00    0.00    8.16    0.00    0.00    0.00   41.84
23:50:55       2    2.00    0.00   90.00    0.00    0.00    8.00    0.00    0.00    0.00    0.00
23:50:55       3    1.00    0.00    0.00    0.00    0.00    0.00    0.00    0.00    0.00   99.00

23:50:55     CPU    %usr   %nice    %sys %iowait    %irq   %soft  %steal  %guest  %gnice   %idle
23:50:56     all    1.01    0.00   47.34    0.00    0.00    6.33    0.00    0.00    0.00   45.32
23:50:56       0    2.04    0.00   47.96    0.00    0.00    9.18    0.00    0.00    0.00   40.82
23:50:56       1    1.02    0.00   48.98    0.00    0.00    9.18    0.00    0.00    0.00   40.82
23:50:56       2    1.00    0.00   92.00    0.00    0.00    7.00    0.00    0.00    0.00    0.00
23:50:56       3    0.00    0.00    0.00    0.00    0.00    0.00    0.00    0.00    0.00  100.00
