Linux 7.0.0-31-generic (ubuntu) 	09/10/26 	_aarch64_	(4 CPU)

23:49:17     CPU    %usr   %nice    %sys %iowait    %irq   %soft  %steal  %guest  %gnice   %idle
23:49:18     all    1.52    0.00   50.25    0.00    0.00    5.84    0.00    0.00    0.00   42.39
23:49:18       0    2.04    0.00   56.12    0.00    0.00    8.16    0.00    0.00    0.00   33.67
23:49:18       1    1.03    0.00   55.67    0.00    0.00    7.22    0.00    0.00    0.00   36.08
23:49:18       2    3.00    0.00   89.00    0.00    0.00    8.00    0.00    0.00    0.00    0.00
23:49:18       3    0.00    0.00    0.00    0.00    0.00    0.00    0.00    0.00    0.00  100.00

23:49:18     CPU    %usr   %nice    %sys %iowait    %irq   %soft  %steal  %guest  %gnice   %idle
23:49:19     all    1.27    0.00   50.89    0.00    0.00    6.11    0.00    0.00    0.00   41.73
23:49:19       0    1.03    0.00   57.73    0.00    0.00    9.28    0.00    0.00    0.00   31.96
23:49:19       1    1.04    0.00   54.17    0.00    0.00    9.38    0.00    0.00    0.00   35.42
23:49:19       2    2.02    0.00   91.92    0.00    0.00    6.06    0.00    0.00    0.00    0.00
23:49:19       3    0.99    0.00    0.99    0.00    0.00    0.00    0.00    0.00    0.00   98.02

23:49:19     CPU    %usr   %nice    %sys %iowait    %irq   %soft  %steal  %guest  %gnice   %idle
23:49:20     all    1.02    0.00   50.64    0.00    0.00    6.62    0.00    0.00    0.00   41.73
23:49:20       0    1.06    0.00   56.38    0.00    0.00   10.64    0.00    0.00    0.00   31.91
23:49:20       1    0.99    0.00   54.46    0.00    0.00    8.91    0.00    0.00    0.00   35.64
23:49:20       2    2.00    0.00   91.00    0.00    0.00    7.00    0.00    0.00    0.00    0.00
23:49:20       3    0.00    0.00    0.00    0.00    0.00    0.00    0.00    0.00    0.00  100.00

23:49:20     CPU    %usr   %nice    %sys %iowait    %irq   %soft  %steal  %guest  %gnice   %idle
23:49:21     all    1.01    0.00   50.25    0.00    0.00    6.82    0.00    0.00    0.00   41.92
23:49:21       0    0.00    0.00   55.67    0.00    0.00   11.34    0.00    0.00    0.00   32.99
23:49:21       1    1.02    0.00   55.10    0.00    0.00    8.16    0.00    0.00    0.00   35.71
23:49:21       2    1.98    0.00   90.10    0.00    0.00    7.92    0.00    0.00    0.00    0.00
23:49:21       3    1.00    0.00    0.00    0.00    0.00    0.00    0.00    0.00    0.00   99.00

23:49:21     CPU    %usr   %nice    %sys %iowait    %irq   %soft  %steal  %guest  %gnice   %idle
23:49:22     all    1.27    0.00   50.00    0.00    0.00    6.85    0.00    0.00    0.00   41.88
23:49:22       0    1.03    0.00   56.70    0.00    0.00   10.31    0.00    0.00    0.00   31.96
23:49:22       1    1.01    0.00   53.54    0.00    0.00    9.09    0.00    0.00    0.00   36.36
23:49:22       2    2.02    0.00   89.90    0.00    0.00    8.08    0.00    0.00    0.00    0.00
23:49:22       3    1.01    0.00    0.00    0.00    0.00    0.00    0.00    0.00    0.00   98.99

23:49:22     CPU    %usr   %nice    %sys %iowait    %irq   %soft  %steal  %guest  %gnice   %idle
23:49:23     all    1.01    0.00   50.88    0.00    0.00    6.55    0.00    0.00    0.00   41.56
23:49:23       0    1.02    0.00   57.14    0.00    0.00   10.20    0.00    0.00    0.00   31.63
23:49:23       1    1.00    0.00   56.00    0.00    0.00    8.00    0.00    0.00    0.00   35.00
23:49:23       2    2.00    0.00   90.00    0.00    0.00    8.00    0.00    0.00    0.00    0.00
23:49:23       3    0.00    0.00    0.00    0.00    0.00    0.00    0.00    0.00    0.00  100.00

23:49:23     CPU    %usr   %nice    %sys %iowait    %irq   %soft  %steal  %guest  %gnice   %idle
23:49:24     all    1.02    0.00   50.51    0.00    0.00    6.63    0.00    0.00    0.00   41.84
23:49:24       0    1.05    0.00   57.89    0.00    0.00    9.47    0.00    0.00    0.00   31.58
23:49:24       1    1.02    0.00   53.06    0.00    0.00    9.18    0.00    0.00    0.00   36.73
23:49:24       2    1.00    0.00   91.00    0.00    0.00    8.00    0.00    0.00    0.00    0.00
23:49:24       3    1.01    0.00    0.00    0.00    0.00    0.00    0.00    0.00    0.00   98.99

23:49:24     CPU    %usr   %nice    %sys %iowait    %irq   %soft  %steal  %guest  %gnice   %idle
23:49:25     all    1.28    0.00   50.64    0.00    0.00    6.14    0.00    0.00    0.00   41.94
23:49:25       0    1.04    0.00   57.29    0.00    0.00    9.38    0.00    0.00    0.00   32.29
23:49:25       1    1.05    0.00   54.74    0.00    0.00    7.37    0.00    0.00    0.00   36.84
23:49:25       2    2.00    0.00   90.00    0.00    0.00    8.00    0.00    0.00    0.00    0.00
23:49:25       3    1.00    0.00    1.00    0.00    0.00    0.00    0.00    0.00    0.00   98.00

23:49:25     CPU    %usr   %nice    %sys %iowait    %irq   %soft  %steal  %guest  %gnice   %idle
23:49:26     all    1.26    0.00   50.00    0.25    0.00    7.04    0.00    0.00    0.00   41.46
23:49:26       0    1.02    0.00   56.12    0.00    0.00   10.20    0.00    0.00    0.00   32.65
23:49:26       1    2.00    0.00   54.00    0.00    0.00   10.00    0.00    0.00    0.00   34.00
23:49:26       2    2.00    0.00   90.00    0.00    0.00    8.00    0.00    0.00    0.00    0.00
23:49:26       3    0.00    0.00    0.00    1.00    0.00    0.00    0.00    0.00    0.00   99.00

23:49:26     CPU    %usr   %nice    %sys %iowait    %irq   %soft  %steal  %guest  %gnice   %idle
23:49:27     all    1.26    0.00   50.75    0.00    0.00    6.53    0.00    0.00    0.00   41.46
23:49:27       0    1.02    0.00   56.12    0.00    0.00   11.22    0.00    0.00    0.00   31.63
23:49:27       1    1.01    0.00   56.57    0.00    0.00    7.07    0.00    0.00    0.00   35.35
23:49:27       2    1.98    0.00   90.10    0.00    0.00    7.92    0.00    0.00    0.00    0.00
23:49:27       3    1.00    0.00    0.00    0.00    0.00    0.00    0.00    0.00    0.00   99.00

23:49:27     CPU    %usr   %nice    %sys %iowait    %irq   %soft  %steal  %guest  %gnice   %idle
23:49:28     all    1.02    0.00   50.64    0.00    0.00    6.87    0.00    0.00    0.00   41.48
23:49:28       0    1.05    0.00   56.84    0.00    0.00   11.58    0.00    0.00    0.00   30.53
23:49:28       1    0.99    0.00   54.46    0.00    0.00    8.91    0.00    0.00    0.00   35.64
23:49:28       2    2.02    0.00   90.91    0.00    0.00    7.07    0.00    0.00    0.00    0.00
23:49:28       3    0.00    0.00    0.00    0.00    0.00    0.00    0.00    0.00    0.00  100.00

23:49:28     CPU    %usr   %nice    %sys %iowait    %irq   %soft  %steal  %guest  %gnice   %idle
23:49:29     all    1.26    0.00   50.88    0.00    0.00    6.55    0.00    0.00    0.00   41.31
23:49:29       0    1.03    0.00   56.70    0.00    0.00   10.31    0.00    0.00    0.00   31.96
23:49:29       1    1.01    0.00   56.57    0.00    0.00    8.08    0.00    0.00    0.00   34.34
23:49:29       2    1.98    0.00   90.10    0.00    0.00    7.92    0.00    0.00    0.00    0.00
23:49:29       3    1.00    0.00    0.00    0.00    0.00    0.00    0.00    0.00    0.00   99.00

23:49:29     CPU    %usr   %nice    %sys %iowait    %irq   %soft  %steal  %guest  %gnice   %idle
23:49:30     all    1.02    0.00   50.26    0.00    0.00    6.89    0.00    0.00    0.00   41.84
23:49:30       0    1.05    0.00   55.79    0.00    0.00   10.53    0.00    0.00    0.00   32.63
23:49:30       1    1.00    0.00   54.00    0.00    0.00   10.00    0.00    0.00    0.00   35.00
23:49:30       2    2.02    0.00   90.91    0.00    0.00    7.07    0.00    0.00    0.00    0.00
23:49:30       3    0.00    0.00    0.00    0.00    0.00    0.00    0.00    0.00    0.00  100.00

23:49:30     CPU    %usr   %nice    %sys %iowait    %irq   %soft  %steal  %guest  %gnice   %idle
23:49:31     all    2.01    0.00   50.25    0.00    0.00    6.53    0.00    0.00    0.00   41.21
23:49:31       0    2.00    0.00   56.00    0.00    0.00   10.00    0.00    0.00    0.00   32.00
23:49:31       1    2.06    0.00   55.67    0.00    0.00    8.25    0.00    0.00    0.00   34.02
23:49:31       2    2.97    0.00   89.11    0.00    0.00    7.92    0.00    0.00    0.00    0.00
23:49:31       3    1.00    0.00    0.00    0.00    0.00    0.00    0.00    0.00    0.00   99.00

23:49:31     CPU    %usr   %nice    %sys %iowait    %irq   %soft  %steal  %guest  %gnice   %idle
23:49:32     all    1.02    0.00   51.02    0.00    0.00    6.85    0.00    0.00    0.00   41.12
23:49:32       0    1.03    0.00   59.79    0.00    0.00   10.31    0.00    0.00    0.00   28.87
23:49:32       1    1.01    0.00   53.54    0.00    0.00    9.09    0.00    0.00    0.00   36.36
23:49:32       2    2.00    0.00   90.00    0.00    0.00    8.00    0.00    0.00    0.00    0.00
23:49:32       3    0.00    0.00    0.00    0.00    0.00    0.00    0.00    0.00    0.00  100.00

23:49:32     CPU    %usr   %nice    %sys %iowait    %irq   %soft  %steal  %guest  %gnice   %idle
23:49:33     all    1.02    0.00   50.26    0.00    0.00    6.89    0.00    0.00    0.00   41.84
23:49:33       0    0.00    0.00   57.29    0.00    0.00   11.46    0.00    0.00    0.00   31.25
23:49:33       1    1.03    0.00   53.61    0.00    0.00    8.25    0.00    0.00    0.00   37.11
23:49:33       2    2.00    0.00   90.00    0.00    0.00    8.00    0.00    0.00    0.00    0.00
23:49:33       3    1.01    0.00    0.00    0.00    0.00    0.00    0.00    0.00    0.00   98.99

23:49:33     CPU    %usr   %nice    %sys %iowait    %irq   %soft  %steal  %guest  %gnice   %idle
23:49:34     all    2.29    0.00   47.84    0.00    0.00    6.62    0.00    0.00    0.00   43.26
23:49:34       0    3.03    0.00   49.49    0.00    0.00    8.08    0.00    0.00    0.00   39.39
23:49:34       1    1.08    0.00   50.54    0.00    0.00   11.83    0.00    0.00    0.00   36.56
23:49:34       2    2.00    0.00   91.00    0.00    0.00    7.00    0.00    0.00    0.00    0.00
23:49:34       3    2.97    0.00    0.99    0.00    0.00    0.00    0.00    0.00    0.00   96.04

23:49:34     CPU    %usr   %nice    %sys %iowait    %irq   %soft  %steal  %guest  %gnice   %idle
23:49:35     all    1.01    0.00   48.23    0.00    0.00    5.81    0.00    0.00    0.00   44.95
23:49:35       0    0.93    0.00   49.53    0.00    0.00    6.54    0.00    0.00    0.00   42.99
23:49:35       1    1.10    0.00   50.55    0.00    0.00   10.99    0.00    0.00    0.00   37.36
23:49:35       2    1.01    0.00   92.93    0.00    0.00    6.06    0.00    0.00    0.00    0.00
23:49:35       3    1.01    0.00    0.00    0.00    0.00    0.00    0.00    0.00    0.00   98.99
