Linux 7.0.0-31-generic (ubuntu) 	09/10/26 	_aarch64_	(4 CPU)

23:49:57     CPU    %usr   %nice    %sys %iowait    %irq   %soft  %steal  %guest  %gnice   %idle
23:49:58     all    2.69    0.00   72.58    0.00    0.00   14.78    0.00    0.00    0.00    9.95
23:49:58       0    2.00    0.00   73.00    0.00    0.00   23.00    0.00    0.00    0.00    2.00
23:49:58       1    2.02    0.00   72.73    0.00    0.00   25.25    0.00    0.00    0.00    0.00
23:49:58       2    4.55    0.00   72.73    0.00    0.00    3.41    0.00    0.00    0.00   19.32
23:49:58       3    2.35    0.00   71.76    0.00    0.00    4.71    0.00    0.00    0.00   21.18

23:49:58     CPU    %usr   %nice    %sys %iowait    %irq   %soft  %steal  %guest  %gnice   %idle
23:49:59     all    2.16    0.00   70.81    0.00    0.00   17.03    0.00    0.00    0.00   10.00
23:49:59       0    1.01    0.00   70.71    0.00    0.00   28.28    0.00    0.00    0.00    0.00
23:49:59       1    1.98    0.00   71.29    0.00    0.00   25.74    0.00    0.00    0.00    0.99
23:49:59       2    2.38    0.00   71.43    0.00    0.00    4.76    0.00    0.00    0.00   21.43
23:49:59       3    3.49    0.00   69.77    0.00    0.00    5.81    0.00    0.00    0.00   20.93

23:49:59     CPU    %usr   %nice    %sys %iowait    %irq   %soft  %steal  %guest  %gnice   %idle
23:50:00     all    3.23    0.00   71.43    0.00    0.00   15.63    0.00    0.00    0.00    9.70
23:50:00       0    1.98    0.00   72.28    0.00    0.00   25.74    0.00    0.00    0.00    0.00
23:50:00       1    2.00    0.00   73.00    0.00    0.00   23.00    0.00    0.00    0.00    2.00
23:50:00       2    3.49    0.00   70.93    0.00    0.00    5.81    0.00    0.00    0.00   19.77
23:50:00       3    5.95    0.00   69.05    0.00    0.00    4.76    0.00    0.00    0.00   20.24

23:50:00     CPU    %usr   %nice    %sys %iowait    %irq   %soft  %steal  %guest  %gnice   %idle
23:50:01     all    1.38    0.00   73.00    0.00    0.00   15.70    0.00    0.00    0.00    9.92
23:50:01       0    1.00    0.00   75.00    0.00    0.00   24.00    0.00    0.00    0.00    0.00
23:50:01       1    1.00    0.00   73.00    0.00    0.00   26.00    0.00    0.00    0.00    0.00
23:50:01       2    1.22    0.00   73.17    0.00    0.00    3.66    0.00    0.00    0.00   21.95
23:50:01       3    2.47    0.00   70.37    0.00    0.00    4.94    0.00    0.00    0.00   22.22

23:50:01     CPU    %usr   %nice    %sys %iowait    %irq   %soft  %steal  %guest  %gnice   %idle
23:50:02     all    1.89    0.00   72.70    0.00    0.00   15.68    0.00    0.00    0.00    9.73
23:50:02       0    1.01    0.00   75.76    0.00    0.00   23.23    0.00    0.00    0.00    0.00
23:50:02       1    1.98    0.00   72.28    0.00    0.00   25.74    0.00    0.00    0.00    0.00
23:50:02       2    2.33    0.00   72.09    0.00    0.00    5.81    0.00    0.00    0.00   19.77
23:50:02       3    2.38    0.00   70.24    0.00    0.00    4.76    0.00    0.00    0.00   22.62

23:50:02     CPU    %usr   %nice    %sys %iowait    %irq   %soft  %steal  %guest  %gnice   %idle
23:50:03     all    1.90    0.00   72.90    0.00    0.00   15.72    0.00    0.00    0.00    9.49
23:50:03       0    2.00    0.00   74.00    0.00    0.00   24.00    0.00    0.00    0.00    0.00
23:50:03       1    1.00    0.00   73.00    0.00    0.00   26.00    0.00    0.00    0.00    0.00
23:50:03       2    2.35    0.00   72.94    0.00    0.00    4.71    0.00    0.00    0.00   20.00
23:50:03       3    2.38    0.00   71.43    0.00    0.00    4.76    0.00    0.00    0.00   21.43

23:50:03     CPU    %usr   %nice    %sys %iowait    %irq   %soft  %steal  %guest  %gnice   %idle
23:50:04     all    2.19    0.00   71.86    0.00    0.00   16.39    0.00    0.00    0.00    9.56
23:50:04       0    2.00    0.00   72.00    0.00    0.00   26.00    0.00    0.00    0.00    0.00
23:50:04       1    1.02    0.00   74.49    0.00    0.00   24.49    0.00    0.00    0.00    0.00
23:50:04       2    3.49    0.00   70.93    0.00    0.00    5.81    0.00    0.00    0.00   19.77
23:50:04       3    2.44    0.00   69.51    0.00    0.00    6.10    0.00    0.00    0.00   21.95

23:50:04     CPU    %usr   %nice    %sys %iowait    %irq   %soft  %steal  %guest  %gnice   %idle
23:50:05     all    2.14    0.00   72.73    0.00    0.00   15.51    0.00    0.00    0.00    9.63
23:50:05       0    1.00    0.00   75.00    0.00    0.00   24.00    0.00    0.00    0.00    0.00
23:50:05       1    2.00    0.00   72.00    0.00    0.00   26.00    0.00    0.00    0.00    0.00
23:50:05       2    3.41    0.00   71.59    0.00    0.00    4.55    0.00    0.00    0.00   20.45
23:50:05       3    2.33    0.00   72.09    0.00    0.00    4.65    0.00    0.00    0.00   20.93

23:50:05     CPU    %usr   %nice    %sys %iowait    %irq   %soft  %steal  %guest  %gnice   %idle
23:50:06     all    1.62    0.00   73.24    0.00    0.00   15.68    0.00    0.00    0.00    9.46
23:50:06       0    1.98    0.00   72.28    0.00    0.00   25.74    0.00    0.00    0.00    0.00
23:50:06       1    1.00    0.00   74.00    0.00    0.00   25.00    0.00    0.00    0.00    0.00
23:50:06       2    1.18    0.00   75.29    0.00    0.00    3.53    0.00    0.00    0.00   20.00
23:50:06       3    2.38    0.00   71.43    0.00    0.00    4.76    0.00    0.00    0.00   21.43

23:50:06     CPU    %usr   %nice    %sys %iowait    %irq   %soft  %steal  %guest  %gnice   %idle
23:50:07     all    1.90    0.00   72.55    0.00    0.00   15.76    0.00    0.00    0.00    9.78
23:50:07       0    1.01    0.00   74.75    0.00    0.00   24.24    0.00    0.00    0.00    0.00
23:50:07       1    1.00    0.00   73.00    0.00    0.00   25.00    0.00    0.00    0.00    1.00
23:50:07       2    2.38    0.00   71.43    0.00    0.00    5.95    0.00    0.00    0.00   20.24
23:50:07       3    3.53    0.00   70.59    0.00    0.00    4.71    0.00    0.00    0.00   21.18

23:50:07     CPU    %usr   %nice    %sys %iowait    %irq   %soft  %steal  %guest  %gnice   %idle
23:50:08     all    2.18    0.00   72.75    0.00    0.00   15.53    0.00    0.00    0.00    9.54
23:50:08       0    2.00    0.00   74.00    0.00    0.00   23.00    0.00    0.00    0.00    1.00
23:50:08       1    2.02    0.00   71.72    0.00    0.00   26.26    0.00    0.00    0.00    0.00
23:50:08       2    2.35    0.00   74.12    0.00    0.00    3.53    0.00    0.00    0.00   20.00
23:50:08       3    2.41    0.00   71.08    0.00    0.00    6.02    0.00    0.00    0.00   20.48

23:50:08     CPU    %usr   %nice    %sys %iowait    %irq   %soft  %steal  %guest  %gnice   %idle
23:50:09     all    1.88    0.00   72.58    0.00    0.00   15.86    0.00    0.00    0.00    9.68
23:50:09       0    1.00    0.00   75.00    0.00    0.00   24.00    0.00    0.00    0.00    0.00
23:50:09       1    1.98    0.00   70.30    0.00    0.00   27.72    0.00    0.00    0.00    0.00
23:50:09       2    2.30    0.00   74.71    0.00    0.00    3.45    0.00    0.00    0.00   19.54
23:50:09       3    2.38    0.00   70.24    0.00    0.00    4.76    0.00    0.00    0.00   22.62

23:50:09     CPU    %usr   %nice    %sys %iowait    %irq   %soft  %steal  %guest  %gnice   %idle
23:50:10     all    3.25    0.00   71.00    0.00    0.00   15.45    0.00    0.00    0.00   10.30
23:50:10       0    2.00    0.00   73.00    0.00    0.00   25.00    0.00    0.00    0.00    0.00
23:50:10       1    2.00    0.00   71.00    0.00    0.00   23.00    0.00    0.00    0.00    4.00
23:50:10       2    2.35    0.00   71.76    0.00    0.00    5.88    0.00    0.00    0.00   20.00
23:50:10       3    7.14    0.00   67.86    0.00    0.00    4.76    0.00    0.00    0.00   20.24

23:50:10     CPU    %usr   %nice    %sys %iowait    %irq   %soft  %steal  %guest  %gnice   %idle
23:50:11     all    2.45    0.00   72.28    0.00    0.00   15.22    0.00    0.00    0.00   10.05
23:50:11       0    0.99    0.00   75.25    0.00    0.00   22.77    0.00    0.00    0.00    0.99
23:50:11       1    1.01    0.00   72.73    0.00    0.00   25.25    0.00    0.00    0.00    1.01
23:50:11       2    3.53    0.00   70.59    0.00    0.00    4.71    0.00    0.00    0.00   21.18
23:50:11       3    4.82    0.00   69.88    0.00    0.00    4.82    0.00    0.00    0.00   20.48

23:50:11     CPU    %usr   %nice    %sys %iowait    %irq   %soft  %steal  %guest  %gnice   %idle
23:50:12     all    1.63    0.27   71.82    0.00    0.00   16.53    0.00    0.00    0.00    9.76
23:50:12       0    1.01    0.00   74.75    0.00    0.00   24.24    0.00    0.00    0.00    0.00
23:50:12       1    2.00    0.00   72.00    0.00    0.00   26.00    0.00    0.00    0.00    0.00
23:50:12       2    1.18    1.18   70.59    0.00    0.00    7.06    0.00    0.00    0.00   20.00
23:50:12       3    2.35    0.00   69.41    0.00    0.00    5.88    0.00    0.00    0.00   22.35

23:50:12     CPU    %usr   %nice    %sys %iowait    %irq   %soft  %steal  %guest  %gnice   %idle
23:50:13     all    2.43    0.00   73.05    0.00    0.00   15.09    0.00    0.00    0.00    9.43
23:50:13       0    2.00    0.00   74.00    0.00    0.00   24.00    0.00    0.00    0.00    0.00
23:50:13       1    1.98    0.00   74.26    0.00    0.00   23.76    0.00    0.00    0.00    0.00
23:50:13       2    2.33    0.00   73.26    0.00    0.00    4.65    0.00    0.00    0.00   19.77
23:50:13       3    3.57    0.00   70.24    0.00    0.00    4.76    0.00    0.00    0.00   21.43

23:50:13     CPU    %usr   %nice    %sys %iowait    %irq   %soft  %steal  %guest  %gnice   %idle
23:50:14     all    1.64    0.00   72.68    0.00    0.00   16.12    0.00    0.00    0.00    9.56
23:50:14       0    2.00    0.00   73.00    0.00    0.00   25.00    0.00    0.00    0.00    0.00
23:50:14       1    1.00    0.00   73.00    0.00    0.00   26.00    0.00    0.00    0.00    0.00
23:50:14       2    2.41    0.00   72.29    0.00    0.00    4.82    0.00    0.00    0.00   20.48
23:50:14       3    1.20    0.00   72.29    0.00    0.00    4.82    0.00    0.00    0.00   21.69

23:50:14     CPU    %usr   %nice    %sys %iowait    %irq   %soft  %steal  %guest  %gnice   %idle
23:50:15     all    2.17    0.00   72.01    0.00    0.00   16.03    0.00    0.00    0.00    9.78
23:50:15       0    1.01    0.00   75.76    0.00    0.00   23.23    0.00    0.00    0.00    0.00
23:50:15       1    2.00    0.00   71.00    0.00    0.00   27.00    0.00    0.00    0.00    0.00
23:50:15       2    2.30    0.00   71.26    0.00    0.00    5.75    0.00    0.00    0.00   20.69
23:50:15       3    3.66    0.00   69.51    0.00    0.00    4.88    0.00    0.00    0.00   21.95
