Linux 7.0.0-31-generic (ubuntu) 	09/10/26 	_aarch64_	(4 CPU)

23:47:14     CPU    %usr   %nice    %sys %iowait    %irq   %soft  %steal  %guest  %gnice   %idle
23:47:15     all    2.15    0.00   72.31    0.00    0.00   15.32    0.00    0.00    0.00   10.22
23:47:15       0    1.96    0.00   72.55    0.00    0.00   24.51    0.00    0.00    0.00    0.98
23:47:15       1    0.00    0.00   74.00    0.00    0.00   25.00    0.00    0.00    0.00    1.00
23:47:15       2    3.61    0.00   71.08    0.00    0.00    3.61    0.00    0.00    0.00   21.69
23:47:15       3    3.45    0.00   71.26    0.00    0.00    4.60    0.00    0.00    0.00   20.69

23:47:15     CPU    %usr   %nice    %sys %iowait    %irq   %soft  %steal  %guest  %gnice   %idle
23:47:16     all    1.93    0.00   71.63    0.00    0.00   16.80    0.00    0.00    0.00    9.64
23:47:16       0    1.01    0.00   71.72    0.00    0.00   27.27    0.00    0.00    0.00    0.00
23:47:16       1    2.00    0.00   72.00    0.00    0.00   26.00    0.00    0.00    0.00    0.00
23:47:16       2    2.38    0.00   71.43    0.00    0.00    4.76    0.00    0.00    0.00   21.43
23:47:16       3    2.50    0.00   71.25    0.00    0.00    5.00    0.00    0.00    0.00   21.25

23:47:16     CPU    %usr   %nice    %sys %iowait    %irq   %soft  %steal  %guest  %gnice   %idle
23:47:17     all    1.93    0.00   71.63    0.00    0.00   17.08    0.00    0.00    0.00    9.37
23:47:17       0    2.00    0.00   71.00    0.00    0.00   27.00    0.00    0.00    0.00    0.00
23:47:17       1    1.01    0.00   72.73    0.00    0.00   26.26    0.00    0.00    0.00    0.00
23:47:17       2    1.22    0.00   71.95    0.00    0.00    6.10    0.00    0.00    0.00   20.73
23:47:17       3    3.66    0.00   70.73    0.00    0.00    4.88    0.00    0.00    0.00   20.73

23:47:17     CPU    %usr   %nice    %sys %iowait    %irq   %soft  %steal  %guest  %gnice   %idle
23:47:18     all    2.19    0.00   71.51    0.00    0.00   16.44    0.00    0.00    0.00    9.86
23:47:18       0    2.00    0.00   75.00    0.00    0.00   23.00    0.00    0.00    0.00    0.00
23:47:18       1    1.98    0.00   71.29    0.00    0.00   26.73    0.00    0.00    0.00    0.00
23:47:18       2    2.38    0.00   70.24    0.00    0.00    5.95    0.00    0.00    0.00   21.43
23:47:18       3    2.50    0.00   68.75    0.00    0.00    6.25    0.00    0.00    0.00   22.50

23:47:18     CPU    %usr   %nice    %sys %iowait    %irq   %soft  %steal  %guest  %gnice   %idle
23:47:19     all    1.89    0.00   71.97    0.00    0.00   16.71    0.00    0.00    0.00    9.43
23:47:19       0    1.00    0.00   70.00    0.00    0.00   29.00    0.00    0.00    0.00    0.00
23:47:19       1    1.00    0.00   73.00    0.00    0.00   26.00    0.00    0.00    0.00    0.00
23:47:19       2    2.38    0.00   72.62    0.00    0.00    3.57    0.00    0.00    0.00   21.43
23:47:19       3    3.45    0.00   72.41    0.00    0.00    4.60    0.00    0.00    0.00   19.54

23:47:19     CPU    %usr   %nice    %sys %iowait    %irq   %soft  %steal  %guest  %gnice   %idle
23:47:20     all    1.91    0.00   72.95    0.00    0.00   15.57    0.00    0.00    0.00    9.56
23:47:20       0    2.00    0.00   74.00    0.00    0.00   24.00    0.00    0.00    0.00    0.00
23:47:20       1    1.00    0.00   73.00    0.00    0.00   26.00    0.00    0.00    0.00    0.00
23:47:20       2    2.44    0.00   73.17    0.00    0.00    3.66    0.00    0.00    0.00   20.73
23:47:20       3    2.38    0.00   71.43    0.00    0.00    4.76    0.00    0.00    0.00   21.43

23:47:20     CPU    %usr   %nice    %sys %iowait    %irq   %soft  %steal  %guest  %gnice   %idle
23:47:21     all    3.25    0.00   71.27    0.00    0.00   15.72    0.00    0.00    0.00    9.76
23:47:21       0    1.02    0.00   72.45    0.00    0.00   25.51    0.00    0.00    0.00    1.02
23:47:21       1    3.00    0.00   72.00    0.00    0.00   25.00    0.00    0.00    0.00    0.00
23:47:21       2    5.88    0.00   69.41    0.00    0.00    4.71    0.00    0.00    0.00   20.00
23:47:21       3    3.49    0.00   70.93    0.00    0.00    4.65    0.00    0.00    0.00   20.93

23:47:21     CPU    %usr   %nice    %sys %iowait    %irq   %soft  %steal  %guest  %gnice   %idle
23:47:22     all    2.43    0.00   71.62    0.00    0.00   16.22    0.00    0.00    0.00    9.73
23:47:22       0    2.97    0.00   71.29    0.00    0.00   25.74    0.00    0.00    0.00    0.00
23:47:22       1    1.00    0.00   72.00    0.00    0.00   27.00    0.00    0.00    0.00    0.00
23:47:22       2    3.53    0.00   70.59    0.00    0.00    4.71    0.00    0.00    0.00   21.18
23:47:22       3    2.38    0.00   72.62    0.00    0.00    3.57    0.00    0.00    0.00   21.43

23:47:22     CPU    %usr   %nice    %sys %iowait    %irq   %soft  %steal  %guest  %gnice   %idle
23:47:23     all    1.35    0.00   72.51    0.00    0.00   16.17    0.00    0.00    0.00    9.97
23:47:23       0    1.00    0.00   74.00    0.00    0.00   24.00    0.00    0.00    0.00    1.00
23:47:23       1    1.00    0.00   74.00    0.00    0.00   25.00    0.00    0.00    0.00    0.00
23:47:23       2    1.19    0.00   71.43    0.00    0.00    7.14    0.00    0.00    0.00   20.24
23:47:23       3    2.30    0.00   70.11    0.00    0.00    5.75    0.00    0.00    0.00   21.84

23:47:23     CPU    %usr   %nice    %sys %iowait    %irq   %soft  %steal  %guest  %gnice   %idle
23:47:24     all    1.65    0.00   72.80    0.00    0.00   15.66    0.00    0.00    0.00    9.89
23:47:24       0    2.00    0.00   72.00    0.00    0.00   26.00    0.00    0.00    0.00    0.00
23:47:24       1    1.01    0.00   73.74    0.00    0.00   25.25    0.00    0.00    0.00    0.00
23:47:24       2    2.41    0.00   71.08    0.00    0.00    3.61    0.00    0.00    0.00   22.89
23:47:24       3    1.22    0.00   74.39    0.00    0.00    3.66    0.00    0.00    0.00   20.73

23:47:24     CPU    %usr   %nice    %sys %iowait    %irq   %soft  %steal  %guest  %gnice   %idle
23:47:25     all    2.43    0.00   71.08    0.00    0.00   16.76    0.00    0.00    0.00    9.73
23:47:25       0    2.00    0.00   71.00    0.00    0.00   27.00    0.00    0.00    0.00    0.00
23:47:25       1    1.96    0.00   70.59    0.00    0.00   27.45    0.00    0.00    0.00    0.00
23:47:25       2    2.38    0.00   72.62    0.00    0.00    3.57    0.00    0.00    0.00   21.43
23:47:25       3    3.57    0.00   70.24    0.00    0.00    4.76    0.00    0.00    0.00   21.43

23:47:25     CPU    %usr   %nice    %sys %iowait    %irq   %soft  %steal  %guest  %gnice   %idle
23:47:26     all    1.37    0.00   72.33    0.00    0.00   16.44    0.00    0.00    0.00    9.86
23:47:26       0    1.00    0.00   73.00    0.00    0.00   26.00    0.00    0.00    0.00    0.00
23:47:26       1    1.01    0.00   73.74    0.00    0.00   25.25    0.00    0.00    0.00    0.00
23:47:26       2    2.38    0.00   70.24    0.00    0.00    5.95    0.00    0.00    0.00   21.43
23:47:26       3    1.22    0.00   71.95    0.00    0.00    4.88    0.00    0.00    0.00   21.95

23:47:26     CPU    %usr   %nice    %sys %iowait    %irq   %soft  %steal  %guest  %gnice   %idle
23:47:27     all    2.16    0.00   71.62    0.00    0.00   16.22    0.00    0.00    0.00   10.00
23:47:27       0    1.01    0.00   72.73    0.00    0.00   25.25    0.00    0.00    0.00    1.01
23:47:27       1    2.00    0.00   71.00    0.00    0.00   27.00    0.00    0.00    0.00    0.00
23:47:27       2    3.49    0.00   70.93    0.00    0.00    4.65    0.00    0.00    0.00   20.93
23:47:27       3    2.35    0.00   71.76    0.00    0.00    4.71    0.00    0.00    0.00   21.18

23:47:27     CPU    %usr   %nice    %sys %iowait    %irq   %soft  %steal  %guest  %gnice   %idle
23:47:28     all    1.89    0.00   72.43    0.00    0.00   15.95    0.00    0.00    0.00    9.73
23:47:28       0    1.00    0.00   73.00    0.00    0.00   26.00    0.00    0.00    0.00    0.00
23:47:28       1    1.00    0.00   74.00    0.00    0.00   25.00    0.00    0.00    0.00    0.00
23:47:28       2    3.49    0.00   70.93    0.00    0.00    4.65    0.00    0.00    0.00   20.93
23:47:28       3    2.38    0.00   71.43    0.00    0.00    4.76    0.00    0.00    0.00   21.43

23:47:28     CPU    %usr   %nice    %sys %iowait    %irq   %soft  %steal  %guest  %gnice   %idle
23:47:29     all    1.89    0.00   73.78    0.00    0.00   14.86    0.00    0.00    0.00    9.46
23:47:29       0    1.01    0.00   74.75    0.00    0.00   24.24    0.00    0.00    0.00    0.00
23:47:29       1    1.01    0.00   74.75    0.00    0.00   24.24    0.00    0.00    0.00    0.00
23:47:29       2    3.45    0.00   72.41    0.00    0.00    4.60    0.00    0.00    0.00   19.54
23:47:29       3    2.35    0.00   72.94    0.00    0.00    3.53    0.00    0.00    0.00   21.18

23:47:29     CPU    %usr   %nice    %sys %iowait    %irq   %soft  %steal  %guest  %gnice   %idle
23:47:30     all    2.43    0.00   72.24    0.00    0.00   15.63    0.00    0.00    0.00    9.70
23:47:30       0    1.98    0.00   73.27    0.00    0.00   24.75    0.00    0.00    0.00    0.00
23:47:30       1    1.98    0.00   75.25    0.00    0.00   22.77    0.00    0.00    0.00    0.00
23:47:30       2    3.53    0.00   69.41    0.00    0.00    5.88    0.00    0.00    0.00   21.18
23:47:30       3    2.38    0.00   70.24    0.00    0.00    5.95    0.00    0.00    0.00   21.43

23:47:30     CPU    %usr   %nice    %sys %iowait    %irq   %soft  %steal  %guest  %gnice   %idle
23:47:31     all    1.90    0.00   71.47    0.00    0.00   16.30    0.00    0.00    0.00   10.33
23:47:31       0    1.00    0.00   73.00    0.00    0.00   26.00    0.00    0.00    0.00    0.00
23:47:31       1    1.00    0.00   72.00    0.00    0.00   26.00    0.00    0.00    0.00    1.00
23:47:31       2    2.41    0.00   69.88    0.00    0.00    4.82    0.00    0.00    0.00   22.89
23:47:31       3    3.53    0.00   70.59    0.00    0.00    4.71    0.00    0.00    0.00   21.18

23:47:31     CPU    %usr   %nice    %sys %iowait    %irq   %soft  %steal  %guest  %gnice   %idle
23:47:32     all    1.63    0.00   72.75    0.00    0.00   15.80    0.00    0.00    0.00    9.81
23:47:32       0    0.99    0.00   73.27    0.00    0.00   24.75    0.00    0.00    0.00    0.99
23:47:32       1    1.00    0.00   73.00    0.00    0.00   26.00    0.00    0.00    0.00    0.00
23:47:32       2    2.38    0.00   72.62    0.00    0.00    4.76    0.00    0.00    0.00   20.24
23:47:32       3    2.44    0.00   71.95    0.00    0.00    3.66    0.00    0.00    0.00   21.95
