Linux 7.0.0-31-generic (ubuntu) 	09/10/26 	_aarch64_	(4 CPU)

23:48:15     CPU    %usr   %nice    %sys %iowait    %irq   %soft  %steal  %guest  %gnice   %idle
23:48:16     all    2.16    0.00   72.78    0.00    0.00   14.82    0.00    0.00    0.00   10.24
23:48:16       0    1.98    0.00   74.26    0.00    0.00   22.77    0.00    0.00    0.00    0.99
23:48:16       1    2.00    0.00   73.00    0.00    0.00   24.00    0.00    0.00    0.00    1.00
23:48:16       2    2.33    0.00   72.09    0.00    0.00    4.65    0.00    0.00    0.00   20.93
23:48:16       3    2.38    0.00   71.43    0.00    0.00    4.76    0.00    0.00    0.00   21.43

23:48:16     CPU    %usr   %nice    %sys %iowait    %irq   %soft  %steal  %guest  %gnice   %idle
23:48:17     all    1.88    0.00   72.85    0.00    0.00   15.32    0.00    0.00    0.00    9.95
23:48:17       0    1.00    0.00   75.00    0.00    0.00   23.00    0.00    0.00    0.00    1.00
23:48:17       1    2.00    0.00   71.00    0.00    0.00   26.00    0.00    0.00    0.00    1.00
23:48:17       2    2.33    0.00   72.09    0.00    0.00    5.81    0.00    0.00    0.00   19.77
23:48:17       3    2.33    0.00   73.26    0.00    0.00    3.49    0.00    0.00    0.00   20.93

23:48:17     CPU    %usr   %nice    %sys %iowait    %irq   %soft  %steal  %guest  %gnice   %idle
23:48:18     all    2.17    0.00   72.83    0.00    0.00   15.22    0.00    0.00    0.00    9.78
23:48:18       0    2.02    0.00   75.76    0.00    0.00   22.22    0.00    0.00    0.00    0.00
23:48:18       1    2.00    0.00   72.00    0.00    0.00   25.00    0.00    0.00    0.00    1.00
23:48:18       2    2.41    0.00   71.08    0.00    0.00    4.82    0.00    0.00    0.00   21.69
23:48:18       3    2.33    0.00   72.09    0.00    0.00    5.81    0.00    0.00    0.00   19.77

23:48:18     CPU    %usr   %nice    %sys %iowait    %irq   %soft  %steal  %guest  %gnice   %idle
23:48:19     all    3.00    0.00   72.75    0.00    0.00   14.99    0.00    0.00    0.00    9.26
23:48:19       0    2.00    0.00   74.00    0.00    0.00   23.00    0.00    0.00    0.00    1.00
23:48:19       1    2.04    0.00   73.47    0.00    0.00   24.49    0.00    0.00    0.00    0.00
23:48:19       2    3.49    0.00   72.09    0.00    0.00    4.65    0.00    0.00    0.00   19.77
23:48:19       3    4.82    0.00   71.08    0.00    0.00    4.82    0.00    0.00    0.00   19.28

23:48:19     CPU    %usr   %nice    %sys %iowait    %irq   %soft  %steal  %guest  %gnice   %idle
23:48:20     all    2.13    0.00   73.94    0.00    0.00   15.16    0.00    0.00    0.00    8.78
23:48:20       0    2.00    0.00   74.00    0.00    0.00   24.00    0.00    0.00    0.00    0.00
23:48:20       1    1.96    0.00   72.55    0.00    0.00   24.51    0.00    0.00    0.00    0.98
23:48:20       2    2.33    0.00   74.42    0.00    0.00    4.65    0.00    0.00    0.00   18.60
23:48:20       3    2.27    0.00   75.00    0.00    0.00    4.55    0.00    0.00    0.00   18.18

23:48:20     CPU    %usr   %nice    %sys %iowait    %irq   %soft  %steal  %guest  %gnice   %idle
23:48:21     all    1.90    0.00   72.09    0.00    0.00   16.26    0.00    0.00    0.00    9.76
23:48:21       0    0.99    0.00   73.27    0.00    0.00   24.75    0.00    0.00    0.00    0.99
23:48:21       1    0.00    0.00   72.73    0.00    0.00   27.27    0.00    0.00    0.00    0.00
23:48:21       2    3.53    0.00   69.41    0.00    0.00    5.88    0.00    0.00    0.00   21.18
23:48:21       3    3.57    0.00   72.62    0.00    0.00    3.57    0.00    0.00    0.00   20.24

23:48:21     CPU    %usr   %nice    %sys %iowait    %irq   %soft  %steal  %guest  %gnice   %idle
23:48:22     all    1.89    0.00   71.70    0.00    0.00   16.71    0.00    0.00    0.00    9.70
23:48:22       0    1.01    0.00   73.74    0.00    0.00   25.25    0.00    0.00    0.00    0.00
23:48:22       1    2.00    0.00   70.00    0.00    0.00   28.00    0.00    0.00    0.00    0.00
23:48:22       2    2.30    0.00   72.41    0.00    0.00    4.60    0.00    0.00    0.00   20.69
23:48:22       3    2.35    0.00   70.59    0.00    0.00    5.88    0.00    0.00    0.00   21.18

23:48:22     CPU    %usr   %nice    %sys %iowait    %irq   %soft  %steal  %guest  %gnice   %idle
23:48:23     all    2.15    0.00   73.12    0.00    0.00   14.78    0.00    0.00    0.00    9.95
23:48:23       0    1.98    0.00   74.26    0.00    0.00   23.76    0.00    0.00    0.00    0.00
23:48:23       1    1.98    0.00   73.27    0.00    0.00   23.76    0.00    0.00    0.00    0.99
23:48:23       2    2.35    0.00   71.76    0.00    0.00    4.71    0.00    0.00    0.00   21.18
23:48:23       3    2.35    0.00   72.94    0.00    0.00    3.53    0.00    0.00    0.00   21.18

23:48:23     CPU    %usr   %nice    %sys %iowait    %irq   %soft  %steal  %guest  %gnice   %idle
23:48:24     all    2.46    0.00   72.68    0.00    0.00   15.30    0.00    0.00    0.00    9.56
23:48:24       0    2.00    0.00   73.00    0.00    0.00   25.00    0.00    0.00    0.00    0.00
23:48:24       1    2.02    0.00   73.74    0.00    0.00   24.24    0.00    0.00    0.00    0.00
23:48:24       2    2.33    0.00   72.09    0.00    0.00    4.65    0.00    0.00    0.00   20.93
23:48:24       3    3.70    0.00   71.60    0.00    0.00    3.70    0.00    0.00    0.00   20.99

23:48:24     CPU    %usr   %nice    %sys %iowait    %irq   %soft  %steal  %guest  %gnice   %idle
23:48:25     all    2.19    0.00   72.40    0.00    0.00   15.57    0.00    0.00    0.00    9.84
23:48:25       0    1.00    0.00   73.00    0.00    0.00   26.00    0.00    0.00    0.00    0.00
23:48:25       1    2.02    0.00   73.74    0.00    0.00   24.24    0.00    0.00    0.00    0.00
23:48:25       2    2.35    0.00   70.59    0.00    0.00    4.71    0.00    0.00    0.00   22.35
23:48:25       3    3.66    0.00   71.95    0.00    0.00    3.66    0.00    0.00    0.00   20.73

23:48:25     CPU    %usr   %nice    %sys %iowait    %irq   %soft  %steal  %guest  %gnice   %idle
23:48:26     all    2.17    0.00   72.55    0.00    0.00   15.76    0.00    0.00    0.00    9.51
23:48:26       0    1.01    0.00   73.74    0.00    0.00   25.25    0.00    0.00    0.00    0.00
23:48:26       1    1.00    0.00   72.00    0.00    0.00   26.00    0.00    0.00    0.00    1.00
23:48:26       2    2.38    0.00   73.81    0.00    0.00    3.57    0.00    0.00    0.00   20.24
23:48:26       3    4.71    0.00   70.59    0.00    0.00    4.71    0.00    0.00    0.00   20.00

23:48:26     CPU    %usr   %nice    %sys %iowait    %irq   %soft  %steal  %guest  %gnice   %idle
23:48:27     all    1.37    0.00   72.60    0.00    0.00   16.16    0.00    0.00    0.00    9.86
23:48:27       0    1.00    0.00   76.00    0.00    0.00   23.00    0.00    0.00    0.00    0.00
23:48:27       1    1.00    0.00   72.00    0.00    0.00   27.00    0.00    0.00    0.00    0.00
23:48:27       2    2.44    0.00   71.95    0.00    0.00    4.88    0.00    0.00    0.00   20.73
23:48:27       3    1.20    0.00   69.88    0.00    0.00    6.02    0.00    0.00    0.00   22.89

23:48:27     CPU    %usr   %nice    %sys %iowait    %irq   %soft  %steal  %guest  %gnice   %idle
23:48:28     all    1.64    0.00   72.05    0.00    0.00   16.16    0.00    0.00    0.00   10.14
23:48:28       0    1.00    0.00   74.00    0.00    0.00   25.00    0.00    0.00    0.00    0.00
23:48:28       1    1.00    0.00   71.00    0.00    0.00   28.00    0.00    0.00    0.00    0.00
23:48:28       2    2.41    0.00   72.29    0.00    0.00    3.61    0.00    0.00    0.00   21.69
23:48:28       3    2.44    0.00   70.73    0.00    0.00    3.66    0.00    0.00    0.00   23.17

23:48:28     CPU    %usr   %nice    %sys %iowait    %irq   %soft  %steal  %guest  %gnice   %idle
23:48:29     all    2.16    0.00   71.08    0.00    0.00   16.22    0.00    0.00    0.00   10.54
23:48:29       0    1.00    0.00   74.00    0.00    0.00   25.00    0.00    0.00    0.00    0.00
23:48:29       1    0.99    0.00   71.29    0.00    0.00   25.74    0.00    0.00    0.00    1.98
23:48:29       2    2.35    0.00   72.94    0.00    0.00    3.53    0.00    0.00    0.00   21.18
23:48:29       3    4.76    0.00   65.48    0.00    0.00    7.14    0.00    0.00    0.00   22.62

23:48:29     CPU    %usr   %nice    %sys %iowait    %irq   %soft  %steal  %guest  %gnice   %idle
23:48:30     all    2.19    0.00   72.05    0.00    0.00   16.16    0.00    0.00    0.00    9.59
23:48:30       0    2.00    0.00   74.00    0.00    0.00   24.00    0.00    0.00    0.00    0.00
23:48:30       1    2.00    0.00   72.00    0.00    0.00   26.00    0.00    0.00    0.00    0.00
23:48:30       2    2.44    0.00   71.95    0.00    0.00    4.88    0.00    0.00    0.00   20.73
23:48:30       3    2.41    0.00   69.88    0.00    0.00    6.02    0.00    0.00    0.00   21.69

23:48:30     CPU    %usr   %nice    %sys %iowait    %irq   %soft  %steal  %guest  %gnice   %idle
23:48:31     all    2.19    0.00   71.04    0.00    0.00   16.94    0.00    0.00    0.00    9.84
23:48:31       0    1.00    0.00   72.00    0.00    0.00   27.00    0.00    0.00    0.00    0.00
23:48:31       1    2.00    0.00   71.00    0.00    0.00   27.00    0.00    0.00    0.00    0.00
23:48:31       2    2.41    0.00   72.29    0.00    0.00    3.61    0.00    0.00    0.00   21.69
23:48:31       3    3.61    0.00   68.67    0.00    0.00    6.02    0.00    0.00    0.00   21.69

23:48:31     CPU    %usr   %nice    %sys %iowait    %irq   %soft  %steal  %guest  %gnice   %idle
23:48:32     all    2.43    0.00   71.43    0.00    0.00   16.17    0.00    0.00    0.00    9.97
23:48:32       0    1.00    0.00   74.00    0.00    0.00   25.00    0.00    0.00    0.00    0.00
23:48:32       1    1.00    0.00   73.00    0.00    0.00   25.00    0.00    0.00    0.00    1.00
23:48:32       2    2.33    0.00   69.77    0.00    0.00    5.81    0.00    0.00    0.00   22.09
23:48:32       3    5.88    0.00   68.24    0.00    0.00    5.88    0.00    0.00    0.00   20.00

23:48:32     CPU    %usr   %nice    %sys %iowait    %irq   %soft  %steal  %guest  %gnice   %idle
23:48:33     all    2.46    0.00   71.31    0.00    0.00   16.39    0.00    0.00    0.00    9.84
23:48:33       0    2.00    0.00   71.00    0.00    0.00   26.00    0.00    0.00    0.00    1.00
23:48:33       1    1.01    0.00   72.73    0.00    0.00   26.26    0.00    0.00    0.00    0.00
23:48:33       2    4.82    0.00   69.88    0.00    0.00    4.82    0.00    0.00    0.00   20.48
23:48:33       3    2.38    0.00   71.43    0.00    0.00    4.76    0.00    0.00    0.00   21.43
