Linux 7.0.0-31-generic (ubuntu) 	09/10/26 	_aarch64_	(4 CPU)

23:46:54     CPU    %usr   %nice    %sys %iowait    %irq   %soft  %steal  %guest  %gnice   %idle
23:46:55     all    1.05    0.00   35.17    0.00    0.00    7.35    0.00    0.00    0.00   56.43
23:46:55       0    2.00    0.00   73.00    0.00    0.00   25.00    0.00    0.00    0.00    0.00
23:46:55       1    0.00    0.00    0.00    0.00    0.00    0.00    0.00    0.00    0.00  100.00
23:46:55       2    0.00    0.00   33.70    0.00    0.00    2.17    0.00    0.00    0.00   64.13
23:46:55       3    2.20    0.00   32.97    0.00    0.00    1.10    0.00    0.00    0.00   63.74

23:46:55     CPU    %usr   %nice    %sys %iowait    %irq   %soft  %steal  %guest  %gnice   %idle
23:46:56     all    1.05    0.00   33.42    0.00    0.00    8.42    0.00    0.00    0.00   57.11
23:46:56       0    2.00    0.00   71.00    0.00    0.00   27.00    0.00    0.00    0.00    0.00
23:46:56       1    0.00    0.00    0.00    0.00    0.00    0.00    0.00    0.00    0.00  100.00
23:46:56       2    1.11    0.00   30.00    0.00    0.00    3.33    0.00    0.00    0.00   65.56
23:46:56       3    1.10    0.00   31.87    0.00    0.00    2.20    0.00    0.00    0.00   64.84

23:46:56     CPU    %usr   %nice    %sys %iowait    %irq   %soft  %steal  %guest  %gnice   %idle
23:46:57     all    1.03    0.00   35.14    0.00    0.00    7.49    0.00    0.00    0.00   56.33
23:46:57       0    1.00    0.00   74.00    0.00    0.00   25.00    0.00    0.00    0.00    0.00
23:46:57       1    0.00    0.00    0.99    0.00    0.00    0.00    0.00    0.00    0.00   99.01
23:46:57       2    2.15    0.00   32.26    0.00    0.00    2.15    0.00    0.00    0.00   63.44
23:46:57       3    1.08    0.00   33.33    0.00    0.00    2.15    0.00    0.00    0.00   63.44

23:46:57     CPU    %usr   %nice    %sys %iowait    %irq   %soft  %steal  %guest  %gnice   %idle
23:46:58     all    0.79    0.00   33.68    0.00    0.00    8.42    0.00    0.00    0.00   57.11
23:46:58       0    1.01    0.00   71.72    0.00    0.00   27.27    0.00    0.00    0.00    0.00
23:46:58       1    1.00    0.00    0.00    0.00    0.00    0.00    0.00    0.00    0.00   99.00
23:46:58       2    0.00    0.00   31.11    0.00    0.00    3.33    0.00    0.00    0.00   65.56
23:46:58       3    1.10    0.00   31.87    0.00    0.00    2.20    0.00    0.00    0.00   64.84

23:46:58     CPU    %usr   %nice    %sys %iowait    %irq   %soft  %steal  %guest  %gnice   %idle
23:46:59     all    1.04    0.00   35.42    0.00    0.00    7.29    0.00    0.00    0.00   56.25
23:46:59       0    1.98    0.00   73.27    0.00    0.00   24.75    0.00    0.00    0.00    0.00
23:46:59       1    0.00    0.00    0.00    0.00    0.00    0.00    0.00    0.00    0.00  100.00
23:46:59       2    1.08    0.00   34.41    0.00    0.00    1.08    0.00    0.00    0.00   63.44
23:46:59       3    1.10    0.00   32.97    0.00    0.00    2.20    0.00    0.00    0.00   63.74

23:46:59     CPU    %usr   %nice    %sys %iowait    %irq   %soft  %steal  %guest  %gnice   %idle
23:47:00     all    1.05    0.00   35.00    0.00    0.00    7.63    0.00    0.00    0.00   56.32
23:47:00       0    0.00    0.00   74.75    0.00    0.00   25.25    0.00    0.00    0.00    0.00
23:47:00       1    2.02    0.00    0.00    0.00    0.00    0.00    0.00    0.00    0.00   97.98
23:47:00       2    1.10    0.00   32.97    0.00    0.00    2.20    0.00    0.00    0.00   63.74
23:47:00       3    1.10    0.00   31.87    0.00    0.00    2.20    0.00    0.00    0.00   64.84

23:47:00     CPU    %usr   %nice    %sys %iowait    %irq   %soft  %steal  %guest  %gnice   %idle
23:47:01     all    1.30    0.00   34.81    0.00    0.00    7.53    0.00    0.00    0.00   56.36
23:47:01       0    1.98    0.00   73.27    0.00    0.00   24.75    0.00    0.00    0.00    0.00
23:47:01       1    1.00    0.00    0.00    0.00    0.00    0.00    0.00    0.00    0.00   99.00
23:47:01       2    1.06    0.00   34.04    0.00    0.00    2.13    0.00    0.00    0.00   62.77
23:47:01       3    1.11    0.00   31.11    0.00    0.00    2.22    0.00    0.00    0.00   65.56

23:47:01     CPU    %usr   %nice    %sys %iowait    %irq   %soft  %steal  %guest  %gnice   %idle
23:47:02     all    0.79    0.00   36.13    0.00    0.00    6.81    0.00    0.00    0.00   56.28
23:47:02       0    1.01    0.00   76.77    0.00    0.00   22.22    0.00    0.00    0.00    0.00
23:47:02       1    0.00    0.00    0.00    0.00    0.00    0.00    0.00    0.00    0.00  100.00
23:47:02       2    1.10    0.00   34.07    0.00    0.00    1.10    0.00    0.00    0.00   63.74
23:47:02       3    1.08    0.00   33.33    0.00    0.00    3.23    0.00    0.00    0.00   62.37

23:47:02     CPU    %usr   %nice    %sys %iowait    %irq   %soft  %steal  %guest  %gnice   %idle
23:47:03     all    1.03    0.00   34.63    0.00    0.00    8.53    0.00    0.00    0.00   55.81
23:47:03       0    1.98    0.00   70.30    0.00    0.00   27.72    0.00    0.00    0.00    0.00
23:47:03       1    0.00    0.00    0.00    0.00    0.00    0.00    0.00    0.00    0.00  100.00
23:47:03       2    1.05    0.00   33.68    0.00    0.00    3.16    0.00    0.00    0.00   62.11
23:47:03       3    1.09    0.00   33.70    0.00    0.00    2.17    0.00    0.00    0.00   63.04

23:47:03     CPU    %usr   %nice    %sys %iowait    %irq   %soft  %steal  %guest  %gnice   %idle
23:47:04     all    1.05    0.00   34.29    0.00    0.00    7.85    0.00    0.00    0.00   56.81
23:47:04       0    2.00    0.00   71.00    0.00    0.00   27.00    0.00    0.00    0.00    0.00
23:47:04       1    1.00    0.00    0.00    0.00    0.00    0.00    0.00    0.00    0.00   99.00
23:47:04       2    0.00    0.00   33.33    0.00    0.00    2.22    0.00    0.00    0.00   64.44
23:47:04       3    1.09    0.00   32.61    0.00    0.00    1.09    0.00    0.00    0.00   65.22

23:47:04     CPU    %usr   %nice    %sys %iowait    %irq   %soft  %steal  %guest  %gnice   %idle
23:47:05     all    0.52    0.00   34.82    0.00    0.00    8.12    0.00    0.00    0.00   56.54
23:47:05       0    1.00    0.00   72.00    0.00    0.00   27.00    0.00    0.00    0.00    0.00
23:47:05       1    0.00    0.00    0.00    0.00    0.00    0.00    0.00    0.00    0.00  100.00
23:47:05       2    1.09    0.00   32.61    0.00    0.00    2.17    0.00    0.00    0.00   64.13
23:47:05       3    0.00    0.00   34.07    0.00    0.00    2.20    0.00    0.00    0.00   63.74

23:47:05     CPU    %usr   %nice    %sys %iowait    %irq   %soft  %steal  %guest  %gnice   %idle
23:47:06     all    1.05    0.00   34.55    0.00    0.00    8.12    0.00    0.00    0.00   56.28
23:47:06       0    2.00    0.00   73.00    0.00    0.00   25.00    0.00    0.00    0.00    0.00
23:47:06       1    0.00    0.00    0.00    0.00    0.00    0.00    0.00    0.00    0.00  100.00
23:47:06       2    1.09    0.00   32.61    0.00    0.00    3.26    0.00    0.00    0.00   63.04
23:47:06       3    1.10    0.00   31.87    0.00    0.00    3.30    0.00    0.00    0.00   63.74

23:47:06     CPU    %usr   %nice    %sys %iowait    %irq   %soft  %steal  %guest  %gnice   %idle
23:47:07     all    0.78    0.00   34.90    0.00    0.00    7.81    0.00    0.00    0.00   56.51
23:47:07       0    1.00    0.00   73.00    0.00    0.00   26.00    0.00    0.00    0.00    0.00
23:47:07       1    0.00    0.00    0.00    0.00    0.00    0.00    0.00    0.00    0.00  100.00
23:47:07       2    1.08    0.00   33.33    0.00    0.00    2.15    0.00    0.00    0.00   63.44
23:47:07       3    1.09    0.00   32.61    0.00    0.00    2.17    0.00    0.00    0.00   64.13

23:47:07     CPU    %usr   %nice    %sys %iowait    %irq   %soft  %steal  %guest  %gnice   %idle
23:47:08     all    1.32    0.00   34.04    0.00    0.00    8.18    0.00    0.00    0.00   56.46
23:47:08       0    2.00    0.00   70.00    0.00    0.00   28.00    0.00    0.00    0.00    0.00
23:47:08       1    1.00    0.00    1.00    0.00    0.00    0.00    0.00    0.00    0.00   98.00
23:47:08       2    1.11    0.00   33.33    0.00    0.00    1.11    0.00    0.00    0.00   64.44
23:47:08       3    1.12    0.00   31.46    0.00    0.00    2.25    0.00    0.00    0.00   65.17

23:47:08     CPU    %usr   %nice    %sys %iowait    %irq   %soft  %steal  %guest  %gnice   %idle
23:47:09     all    1.31    0.00   34.20    0.00    0.00    8.36    0.00    0.00    0.00   56.14
23:47:09       0    2.00    0.00   72.00    0.00    0.00   26.00    0.00    0.00    0.00    0.00
23:47:09       1    1.01    0.00    0.00    0.00    0.00    0.00    0.00    0.00    0.00   98.99
23:47:09       2    1.06    0.00   32.98    0.00    0.00    3.19    0.00    0.00    0.00   62.77
23:47:09       3    1.11    0.00   31.11    0.00    0.00    3.33    0.00    0.00    0.00   64.44

23:47:09     CPU    %usr   %nice    %sys %iowait    %irq   %soft  %steal  %guest  %gnice   %idle
23:47:10     all    1.57    0.00   34.38    0.00    0.00    8.14    0.00    0.00    0.00   55.91
23:47:10       0    1.00    0.00   72.00    0.00    0.00   27.00    0.00    0.00    0.00    0.00
23:47:10       1    3.03    0.00    0.00    0.00    0.00    0.00    0.00    0.00    0.00   96.97
23:47:10       2    1.11    0.00   32.22    0.00    0.00    2.22    0.00    0.00    0.00   64.44
23:47:10       3    1.09    0.00   32.61    0.00    0.00    2.17    0.00    0.00    0.00   64.13

23:47:10     CPU    %usr   %nice    %sys %iowait    %irq   %soft  %steal  %guest  %gnice   %idle
23:47:11     all    1.03    0.00   35.05    0.26    0.00    7.99    0.00    0.00    0.00   55.67
23:47:11       0    0.99    0.00   73.27    0.00    0.00   25.74    0.00    0.00    0.00    0.00
23:47:11       1    0.99    0.00    0.00    0.99    0.00    0.00    0.00    0.00    0.00   98.02
23:47:11       2    1.06    0.00   32.98    0.00    0.00    3.19    0.00    0.00    0.00   62.77
23:47:11       3    1.09    0.00   33.70    0.00    0.00    2.17    0.00    0.00    0.00   63.04

23:47:11     CPU    %usr   %nice    %sys %iowait    %irq   %soft  %steal  %guest  %gnice   %idle
23:47:12     all    1.05    0.00   34.65    0.00    0.00    7.61    0.00    0.00    0.00   56.69
23:47:12       0    2.02    0.00   72.73    0.00    0.00   25.25    0.00    0.00    0.00    0.00
23:47:12       1    0.00    0.00    0.00    0.00    0.00    0.00    0.00    0.00    0.00  100.00
23:47:12       2    1.09    0.00   32.61    0.00    0.00    2.17    0.00    0.00    0.00   64.13
23:47:12       3    1.10    0.00   32.97    0.00    0.00    2.20    0.00    0.00    0.00   63.74
