Linux 7.0.0-31-generic (ubuntu) 	09/10/26 	_aarch64_	(4 CPU)

23:52:00     CPU    %usr   %nice    %sys %iowait    %irq   %soft  %steal  %guest  %gnice   %idle
23:52:01     all    1.59    0.00   34.13    0.00    0.00    7.94    0.00    0.00    0.00   56.35
23:52:01       0    1.00    0.00   73.00    0.00    0.00   26.00    0.00    0.00    0.00    0.00
23:52:01       1    3.03    0.00    0.00    0.00    0.00    0.00    0.00    0.00    0.00   96.97
23:52:01       2    1.11    0.00   32.22    0.00    0.00    2.22    0.00    0.00    0.00   64.44
23:52:01       3    1.12    0.00   30.34    0.00    0.00    2.25    0.00    0.00    0.00   66.29

23:52:01     CPU    %usr   %nice    %sys %iowait    %irq   %soft  %steal  %guest  %gnice   %idle
23:52:02     all    0.78    0.00   35.32    0.00    0.00    7.53    0.00    0.00    0.00   56.36
23:52:02       0    2.00    0.00   74.00    0.00    0.00   24.00    0.00    0.00    0.00    0.00
23:52:02       1    0.00    0.00    0.00    0.00    0.00    0.00    0.00    0.00    0.00  100.00
23:52:02       2    1.08    0.00   33.33    0.00    0.00    2.15    0.00    0.00    0.00   63.44
23:52:02       3    0.00    0.00   33.33    0.00    0.00    3.23    0.00    0.00    0.00   63.44

23:52:02     CPU    %usr   %nice    %sys %iowait    %irq   %soft  %steal  %guest  %gnice   %idle
23:52:03     all    1.57    0.00   35.34    0.00    0.00    6.81    0.00    0.00    0.00   56.28
23:52:03       0    2.00    0.00   75.00    0.00    0.00   23.00    0.00    0.00    0.00    0.00
23:52:03       1    1.00    0.00    0.00    0.00    0.00    0.00    0.00    0.00    0.00   99.00
23:52:03       2    1.09    0.00   33.70    0.00    0.00    2.17    0.00    0.00    0.00   63.04
23:52:03       3    2.22    0.00   32.22    0.00    0.00    1.11    0.00    0.00    0.00   64.44

23:52:03     CPU    %usr   %nice    %sys %iowait    %irq   %soft  %steal  %guest  %gnice   %idle
23:52:04     all    1.05    0.00   35.60    0.00    0.00    7.07    0.00    0.00    0.00   56.28
23:52:04       0    2.02    0.00   74.75    0.00    0.00   23.23    0.00    0.00    0.00    0.00
23:52:04       1    0.00    0.00    0.00    0.00    0.00    0.00    0.00    0.00    0.00  100.00
23:52:04       2    1.09    0.00   32.61    0.00    0.00    2.17    0.00    0.00    0.00   64.13
23:52:04       3    1.08    0.00   34.41    0.00    0.00    2.15    0.00    0.00    0.00   62.37

23:52:04     CPU    %usr   %nice    %sys %iowait    %irq   %soft  %steal  %guest  %gnice   %idle
23:52:05     all    1.31    0.00   34.03    0.00    0.00    8.38    0.00    0.00    0.00   56.28
23:52:05       0    1.98    0.00   71.29    0.00    0.00   26.73    0.00    0.00    0.00    0.00
23:52:05       1    0.00    0.00    0.00    0.00    0.00    0.00    0.00    0.00    0.00  100.00
23:52:05       2    1.10    0.00   32.97    0.00    0.00    2.20    0.00    0.00    0.00   63.74
23:52:05       3    2.20    0.00   30.77    0.00    0.00    3.30    0.00    0.00    0.00   63.74

23:52:05     CPU    %usr   %nice    %sys %iowait    %irq   %soft  %steal  %guest  %gnice   %idle
23:52:06     all    0.80    0.00   34.48    0.00    0.00    7.69    0.00    0.00    0.00   57.03
23:52:06       0    1.01    0.00   73.74    0.00    0.00   25.25    0.00    0.00    0.00    0.00
23:52:06       1    0.00    0.00    0.00    0.00    0.00    0.00    0.00    0.00    0.00  100.00
23:52:06       2    1.12    0.00   31.46    0.00    0.00    2.25    0.00    0.00    0.00   65.17
23:52:06       3    1.11    0.00   32.22    0.00    0.00    2.22    0.00    0.00    0.00   64.44

23:52:06     CPU    %usr   %nice    %sys %iowait    %irq   %soft  %steal  %guest  %gnice   %idle
23:52:07     all    1.55    0.00   35.23    0.00    0.00    7.25    0.00    0.00    0.00   55.96
23:52:07       0    1.98    0.00   74.26    0.00    0.00   23.76    0.00    0.00    0.00    0.00
23:52:07       1    1.00    0.00    0.00    0.00    0.00    0.00    0.00    0.00    0.00   99.00
23:52:07       2    1.08    0.00   33.33    0.00    0.00    2.15    0.00    0.00    0.00   63.44
23:52:07       3    2.17    0.00   32.61    0.00    0.00    2.17    0.00    0.00    0.00   63.04

23:52:07     CPU    %usr   %nice    %sys %iowait    %irq   %soft  %steal  %guest  %gnice   %idle
23:52:08     all    1.04    0.00   35.42    0.00    0.00    7.29    0.00    0.00    0.00   56.25
23:52:08       0    1.01    0.00   73.74    0.00    0.00   25.25    0.00    0.00    0.00    0.00
23:52:08       1    0.00    0.00    1.01    0.00    0.00    0.00    0.00    0.00    0.00   98.99
23:52:08       2    2.13    0.00   34.04    0.00    0.00    1.06    0.00    0.00    0.00   62.77
23:52:08       3    1.09    0.00   32.61    0.00    0.00    2.17    0.00    0.00    0.00   64.13

23:52:08     CPU    %usr   %nice    %sys %iowait    %irq   %soft  %steal  %guest  %gnice   %idle
23:52:09     all    1.31    0.00   35.51    0.00    0.00    7.05    0.00    0.00    0.00   56.14
23:52:09       0    1.98    0.00   75.25    0.00    0.00   22.77    0.00    0.00    0.00    0.00
23:52:09       1    1.00    0.00    1.00    0.00    0.00    0.00    0.00    0.00    0.00   98.00
23:52:09       2    1.10    0.00   31.87    0.00    0.00    2.20    0.00    0.00    0.00   64.84
23:52:09       3    1.10    0.00   32.97    0.00    0.00    2.20    0.00    0.00    0.00   63.74

23:52:09     CPU    %usr   %nice    %sys %iowait    %irq   %soft  %steal  %guest  %gnice   %idle
23:52:10     all    1.58    0.00   34.56    0.00    0.00    8.44    0.00    0.00    0.00   55.41
23:52:10       0    1.00    0.00   72.00    0.00    0.00   27.00    0.00    0.00    0.00    0.00
23:52:10       1    4.08    0.00    0.00    0.00    0.00    0.00    0.00    0.00    0.00   95.92
23:52:10       2    0.00    0.00   32.22    0.00    0.00    3.33    0.00    0.00    0.00   64.44
23:52:10       3    1.10    0.00   32.97    0.00    0.00    2.20    0.00    0.00    0.00   63.74

23:52:10     CPU    %usr   %nice    %sys %iowait    %irq   %soft  %steal  %guest  %gnice   %idle
23:52:11     all    1.30    0.00   35.16    0.00    0.00    7.55    0.00    0.00    0.00   55.99
23:52:11       0    1.01    0.00   72.73    0.00    0.00   26.26    0.00    0.00    0.00    0.00
23:52:11       1    1.01    0.00    0.00    0.00    0.00    0.00    0.00    0.00    0.00   98.99
23:52:11       2    1.08    0.00   34.41    0.00    0.00    2.15    0.00    0.00    0.00   62.37
23:52:11       3    2.15    0.00   33.33    0.00    0.00    1.08    0.00    0.00    0.00   63.44

23:52:11     CPU    %usr   %nice    %sys %iowait    %irq   %soft  %steal  %guest  %gnice   %idle
23:52:12     all    1.04    0.26   35.51    0.00    0.00    7.05    0.00    0.00    0.00   56.14
23:52:12       0    1.98    0.00   74.26    0.00    0.00   23.76    0.00    0.00    0.00    0.00
23:52:12       1    1.00    1.00    0.00    0.00    0.00    0.00    0.00    0.00    0.00   98.00
23:52:12       2    1.09    0.00   32.61    0.00    0.00    2.17    0.00    0.00    0.00   64.13
23:52:12       3    0.00    0.00   34.44    0.00    0.00    1.11    0.00    0.00    0.00   64.44

23:52:12     CPU    %usr   %nice    %sys %iowait    %irq   %soft  %steal  %guest  %gnice   %idle
23:52:13     all    0.78    0.00   35.40    0.00    0.00    7.75    0.00    0.00    0.00   56.07
23:52:13       0    1.00    0.00   73.00    0.00    0.00   26.00    0.00    0.00    0.00    0.00
23:52:13       1    0.00    0.00    1.00    0.00    0.00    0.00    0.00    0.00    0.00   99.00
23:52:13       2    1.09    0.00   32.61    0.00    0.00    2.17    0.00    0.00    0.00   64.13
23:52:13       3    1.05    0.00   34.74    0.00    0.00    2.11    0.00    0.00    0.00   62.11

23:52:13     CPU    %usr   %nice    %sys %iowait    %irq   %soft  %steal  %guest  %gnice   %idle
23:52:14     all    1.31    0.00   35.51    0.00    0.00    7.05    0.00    0.00    0.00   56.14
23:52:14       0    1.00    0.00   75.00    0.00    0.00   24.00    0.00    0.00    0.00    0.00
23:52:14       1    0.00    0.00    0.00    0.00    0.00    0.00    0.00    0.00    0.00  100.00
23:52:14       2    2.20    0.00   32.97    0.00    0.00    2.20    0.00    0.00    0.00   62.64
23:52:14       3    2.15    0.00   33.33    0.00    0.00    1.08    0.00    0.00    0.00   63.44

23:52:14     CPU    %usr   %nice    %sys %iowait    %irq   %soft  %steal  %guest  %gnice   %idle
23:52:15     all    1.04    0.00   34.11    0.00    0.00    8.59    0.00    0.00    0.00   56.25
23:52:15       0    2.00    0.00   70.00    0.00    0.00   28.00    0.00    0.00    0.00    0.00
23:52:15       1    0.00    0.00    0.00    0.00    0.00    0.00    0.00    0.00    0.00  100.00
23:52:15       2    1.06    0.00   32.98    0.00    0.00    3.19    0.00    0.00    0.00   62.77
23:52:15       3    1.10    0.00   32.97    0.00    0.00    2.20    0.00    0.00    0.00   63.74

23:52:15     CPU    %usr   %nice    %sys %iowait    %irq   %soft  %steal  %guest  %gnice   %idle
23:52:16     all    1.04    0.00   34.46    0.00    0.00    8.09    0.00    0.00    0.00   56.40
23:52:16       0    2.00    0.00   72.00    0.00    0.00   26.00    0.00    0.00    0.00    0.00
23:52:16       1    0.00    0.00    0.00    0.00    0.00    0.00    0.00    0.00    0.00  100.00
23:52:16       2    1.09    0.00   33.70    0.00    0.00    2.17    0.00    0.00    0.00   63.04
23:52:16       3    1.09    0.00   31.52    0.00    0.00    3.26    0.00    0.00    0.00   64.13

23:52:16     CPU    %usr   %nice    %sys %iowait    %irq   %soft  %steal  %guest  %gnice   %idle
23:52:17     all    1.05    0.00   34.38    0.00    0.00    7.61    0.00    0.00    0.00   56.96
23:52:17       0    1.01    0.00   72.73    0.00    0.00   26.26    0.00    0.00    0.00    0.00
23:52:17       1    1.00    0.00    0.00    0.00    0.00    0.00    0.00    0.00    0.00   99.00
23:52:17       2    1.10    0.00   31.87    0.00    0.00    2.20    0.00    0.00    0.00   64.84
23:52:17       3    1.10    0.00   32.97    0.00    0.00    1.10    0.00    0.00    0.00   64.84

23:52:17     CPU    %usr   %nice    %sys %iowait    %irq   %soft  %steal  %guest  %gnice   %idle
23:52:18     all    1.04    0.00   34.55    0.26    0.00    7.79    0.00    0.00    0.00   56.36
23:52:18       0    1.98    0.00   72.28    0.00    0.00   25.74    0.00    0.00    0.00    0.00
23:52:18       1    0.00    0.00    0.00    1.00    0.00    0.00    0.00    0.00    0.00   99.00
23:52:18       2    1.08    0.00   33.33    0.00    0.00    2.15    0.00    0.00    0.00   63.44
23:52:18       3    1.10    0.00   31.87    0.00    0.00    2.20    0.00    0.00    0.00   64.84
