Linux 7.0.0-31-generic (ubuntu) 	09/10/26 	_aarch64_	(4 CPU)

23:53:01     CPU    %usr   %nice    %sys %iowait    %irq   %soft  %steal  %guest  %gnice   %idle
23:53:02     all    1.82    0.00   35.16    0.00    0.00    7.29    0.00    0.00    0.00   55.73
23:53:02       0    2.97    0.00   72.28    0.00    0.00   24.75    0.00    0.00    0.00    0.00
23:53:02       1    2.00    0.00    1.00    0.00    0.00    0.00    0.00    0.00    0.00   97.00
23:53:02       2    1.10    0.00   34.07    0.00    0.00    1.10    0.00    0.00    0.00   63.74
23:53:02       3    1.09    0.00   32.61    0.00    0.00    2.17    0.00    0.00    0.00   64.13

23:53:02     CPU    %usr   %nice    %sys %iowait    %irq   %soft  %steal  %guest  %gnice   %idle
23:53:03     all    1.30    0.00   34.29    0.00    0.00    8.31    0.00    0.00    0.00   56.10
23:53:03       0    1.00    0.00   72.00    0.00    0.00   27.00    0.00    0.00    0.00    0.00
23:53:03       1    0.00    0.00    0.00    0.00    0.00    0.00    0.00    0.00    0.00  100.00
23:53:03       2    2.17    0.00   32.61    0.00    0.00    2.17    0.00    0.00    0.00   63.04
23:53:03       3    2.13    0.00   31.91    0.00    0.00    3.19    0.00    0.00    0.00   62.77

23:53:03     CPU    %usr   %nice    %sys %iowait    %irq   %soft  %steal  %guest  %gnice   %idle
23:53:04     all    1.31    0.00   35.51    0.00    0.00    7.31    0.00    0.00    0.00   55.87
23:53:04       0    2.00    0.00   74.00    0.00    0.00   24.00    0.00    0.00    0.00    0.00
23:53:04       1    1.01    0.00    0.00    0.00    0.00    0.00    0.00    0.00    0.00   98.99
23:53:04       2    1.06    0.00   35.11    0.00    0.00    2.13    0.00    0.00    0.00   61.70
23:53:04       3    1.11    0.00   32.22    0.00    0.00    2.22    0.00    0.00    0.00   64.44

23:53:04     CPU    %usr   %nice    %sys %iowait    %irq   %soft  %steal  %guest  %gnice   %idle
23:53:05     all    1.04    0.00   34.55    0.00    0.00    8.05    0.00    0.00    0.00   56.36
23:53:05       0    1.00    0.00   72.00    0.00    0.00   27.00    0.00    0.00    0.00    0.00
23:53:05       1    0.00    0.00    0.00    0.00    0.00    0.00    0.00    0.00    0.00  100.00
23:53:05       2    2.15    0.00   32.26    0.00    0.00    2.15    0.00    0.00    0.00   63.44
23:53:05       3    1.08    0.00   33.33    0.00    0.00    2.15    0.00    0.00    0.00   63.44

23:53:05     CPU    %usr   %nice    %sys %iowait    %irq   %soft  %steal  %guest  %gnice   %idle
23:53:06     all    1.82    0.00   35.94    0.00    0.00    6.77    0.00    0.00    0.00   55.47
23:53:06       0    2.00    0.00   75.00    0.00    0.00   23.00    0.00    0.00    0.00    0.00
23:53:06       1    3.00    0.00    0.00    0.00    0.00    0.00    0.00    0.00    0.00   97.00
23:53:06       2    1.08    0.00   34.41    0.00    0.00    2.15    0.00    0.00    0.00   62.37
23:53:06       3    1.10    0.00   34.07    0.00    0.00    1.10    0.00    0.00    0.00   63.74

23:53:06     CPU    %usr   %nice    %sys %iowait    %irq   %soft  %steal  %guest  %gnice   %idle
23:53:07     all    1.04    0.00   35.16    0.00    0.00    8.07    0.00    0.00    0.00   55.73
23:53:07       0    2.00    0.00   72.00    0.00    0.00   26.00    0.00    0.00    0.00    0.00
23:53:07       1    0.00    0.00    1.01    0.00    0.00    0.00    0.00    0.00    0.00   98.99
23:53:07       2    1.10    0.00   32.97    0.00    0.00    2.20    0.00    0.00    0.00   63.74
23:53:07       3    1.06    0.00   34.04    0.00    0.00    3.19    0.00    0.00    0.00   61.70

23:53:07     CPU    %usr   %nice    %sys %iowait    %irq   %soft  %steal  %guest  %gnice   %idle
23:53:08     all    2.10    0.00   35.43    0.00    0.00    7.35    0.00    0.00    0.00   55.12
23:53:08       0    1.01    0.00   73.74    0.00    0.00   25.25    0.00    0.00    0.00    0.00
23:53:08       1    3.03    0.00    0.00    0.00    0.00    0.00    0.00    0.00    0.00   96.97
23:53:08       2    1.11    0.00   33.33    0.00    0.00    2.22    0.00    0.00    0.00   63.33
23:53:08       3    3.23    0.00   34.41    0.00    0.00    1.08    0.00    0.00    0.00   61.29

23:53:08     CPU    %usr   %nice    %sys %iowait    %irq   %soft  %steal  %guest  %gnice   %idle
23:53:09     all    1.79    0.51   35.13    0.00    0.00    7.69    0.00    0.00    0.00   54.87
23:53:09       0    1.98    0.00   72.28    0.00    0.00   25.74    0.00    0.00    0.00    0.00
23:53:09       1    0.99    0.99    0.99    0.00    0.00    0.00    0.00    0.00    0.00   97.03
23:53:09       2    2.13    1.06   32.98    0.00    0.00    2.13    0.00    0.00    0.00   61.70
23:53:09       3    2.13    0.00   34.04    0.00    0.00    2.13    0.00    0.00    0.00   61.70

23:53:09     CPU    %usr   %nice    %sys %iowait    %irq   %soft  %steal  %guest  %gnice   %idle
23:53:10     all    1.32    0.00   35.79    0.00    0.00    7.37    0.00    0.00    0.00   55.53
23:53:10       0    0.00    0.00   76.00    0.00    0.00   24.00    0.00    0.00    0.00    0.00
23:53:10       1    2.04    0.00    0.00    0.00    0.00    0.00    0.00    0.00    0.00   97.96
23:53:10       2    1.10    0.00   32.97    0.00    0.00    2.20    0.00    0.00    0.00   63.74
23:53:10       3    2.20    0.00   32.97    0.00    0.00    2.20    0.00    0.00    0.00   62.64

23:53:10     CPU    %usr   %nice    %sys %iowait    %irq   %soft  %steal  %guest  %gnice   %idle
23:53:11     all    0.79    0.00   34.29    0.00    0.00    8.38    0.00    0.00    0.00   56.54
23:53:11       0    2.00    0.00   70.00    0.00    0.00   28.00    0.00    0.00    0.00    0.00
23:53:11       1    0.00    0.00    0.00    0.00    0.00    0.00    0.00    0.00    0.00  100.00
23:53:11       2    0.00    0.00   34.78    0.00    0.00    2.17    0.00    0.00    0.00   63.04
23:53:11       3    1.10    0.00   31.87    0.00    0.00    2.20    0.00    0.00    0.00   64.84

23:53:11     CPU    %usr   %nice    %sys %iowait    %irq   %soft  %steal  %guest  %gnice   %idle
23:53:12     all    2.07    0.26   33.85    0.00    0.00    8.53    0.00    0.00    0.00   55.30
23:53:12       0    2.00    0.00   70.00    0.00    0.00   28.00    0.00    0.00    0.00    0.00
23:53:12       1    2.02    0.00    0.00    0.00    0.00    0.00    0.00    0.00    0.00   97.98
23:53:12       2    3.19    0.00   31.91    0.00    0.00    2.13    0.00    0.00    0.00   62.77
23:53:12       3    1.06    1.06   32.98    0.00    0.00    3.19    0.00    0.00    0.00   61.70

23:53:12     CPU    %usr   %nice    %sys %iowait    %irq   %soft  %steal  %guest  %gnice   %idle
23:53:13     all    0.78    0.00   34.73    0.00    0.00    7.83    0.00    0.00    0.00   56.66
23:53:13       0    2.00    0.00   71.00    0.00    0.00   27.00    0.00    0.00    0.00    0.00
23:53:13       1    0.00    0.00    1.00    0.00    0.00    0.00    0.00    0.00    0.00   99.00
23:53:13       2    0.00    0.00   34.07    0.00    0.00    1.10    0.00    0.00    0.00   64.84
23:53:13       3    1.09    0.00   32.61    0.00    0.00    2.17    0.00    0.00    0.00   64.13

23:53:13     CPU    %usr   %nice    %sys %iowait    %irq   %soft  %steal  %guest  %gnice   %idle
23:53:14     all    1.04    0.00   35.16    0.00    0.00    7.81    0.00    0.00    0.00   55.99
23:53:14       0    1.00    0.00   74.00    0.00    0.00   25.00    0.00    0.00    0.00    0.00
23:53:14       1    1.00    0.00    0.00    0.00    0.00    0.00    0.00    0.00    0.00   99.00
23:53:14       2    1.08    0.00   33.33    0.00    0.00    3.23    0.00    0.00    0.00   62.37
23:53:14       3    1.10    0.00   32.97    0.00    0.00    2.20    0.00    0.00    0.00   63.74

23:53:14     CPU    %usr   %nice    %sys %iowait    %irq   %soft  %steal  %guest  %gnice   %idle
23:53:15     all    1.83    0.00   34.99    0.00    0.00    7.31    0.00    0.00    0.00   55.87
23:53:15       0    2.00    0.00   74.00    0.00    0.00   24.00    0.00    0.00    0.00    0.00
23:53:15       1    0.00    0.00    0.00    0.00    0.00    0.00    0.00    0.00    0.00  100.00
23:53:15       2    3.26    0.00   32.61    0.00    0.00    2.17    0.00    0.00    0.00   61.96
23:53:15       3    2.17    0.00   32.61    0.00    0.00    2.17    0.00    0.00    0.00   63.04

23:53:15     CPU    %usr   %nice    %sys %iowait    %irq   %soft  %steal  %guest  %gnice   %idle
23:53:16     all    0.79    0.00   34.74    0.00    0.00    7.63    0.00    0.00    0.00   56.84
23:53:16       0    1.01    0.00   73.74    0.00    0.00   25.25    0.00    0.00    0.00    0.00
23:53:16       1    0.00    0.00    0.00    0.00    0.00    0.00    0.00    0.00    0.00  100.00
23:53:16       2    1.09    0.00   32.61    0.00    0.00    2.17    0.00    0.00    0.00   64.13
23:53:16       3    1.11    0.00   32.22    0.00    0.00    2.22    0.00    0.00    0.00   64.44

23:53:16     CPU    %usr   %nice    %sys %iowait    %irq   %soft  %steal  %guest  %gnice   %idle
23:53:17     all    1.04    0.00   35.58    0.00    0.00    7.53    0.00    0.00    0.00   55.84
23:53:17       0    1.98    0.00   73.27    0.00    0.00   24.75    0.00    0.00    0.00    0.00
23:53:17       1    0.00    0.00    0.00    0.00    0.00    0.00    0.00    0.00    0.00  100.00
23:53:17       2    1.09    0.00   33.70    0.00    0.00    2.17    0.00    0.00    0.00   63.04
23:53:17       3    1.06    0.00   34.04    0.00    0.00    2.13    0.00    0.00    0.00   62.77

23:53:17     CPU    %usr   %nice    %sys %iowait    %irq   %soft  %steal  %guest  %gnice   %idle
23:53:18     all    1.30    0.00   35.23    0.26    0.00    7.25    0.00    0.00    0.00   55.96
23:53:18       0    2.00    0.00   74.00    0.00    0.00   24.00    0.00    0.00    0.00    0.00
23:53:18       1    0.99    0.00    0.00    0.99    0.00    0.00    0.00    0.00    0.00   98.02
23:53:18       2    1.08    0.00   34.41    0.00    0.00    1.08    0.00    0.00    0.00   63.44
23:53:18       3    1.09    0.00   32.61    0.00    0.00    3.26    0.00    0.00    0.00   63.04

23:53:18     CPU    %usr   %nice    %sys %iowait    %irq   %soft  %steal  %guest  %gnice   %idle
23:53:19     all    0.78    0.00   35.68    0.00    0.00    7.29    0.00    0.00    0.00   56.25
23:53:19       0    1.01    0.00   74.75    0.00    0.00   24.24    0.00    0.00    0.00    0.00
23:53:19       1    0.00    0.00    0.00    0.00    0.00    0.00    0.00    0.00    0.00  100.00
23:53:19       2    2.13    0.00   32.98    0.00    0.00    3.19    0.00    0.00    0.00   61.70
23:53:19       3    0.00    0.00   34.78    0.00    0.00    1.09    0.00    0.00    0.00   64.13
