Linux 7.0.0-31-generic (ubuntu) 	09/10/26 	_aarch64_	(4 CPU)

23:45:53     CPU    %usr   %nice    %sys %iowait    %irq   %soft  %steal  %guest  %gnice   %idle
23:45:54     all    0.79    0.00   34.82    0.00    0.00    7.85    0.00    0.00    0.00   56.54
23:45:54       0    2.00    0.00   73.00    0.00    0.00   25.00    0.00    0.00    0.00    0.00
23:45:54       1    0.00    0.00    0.00    0.00    0.00    0.00    0.00    0.00    0.00  100.00
23:45:54       2    1.06    0.00   34.04    0.00    0.00    3.19    0.00    0.00    0.00   61.70
23:45:54       3    0.00    0.00   31.46    0.00    0.00    2.25    0.00    0.00    0.00   66.29

23:45:54     CPU    %usr   %nice    %sys %iowait    %irq   %soft  %steal  %guest  %gnice   %idle
23:45:55     all    0.79    0.00   34.91    0.00    0.00    7.87    0.00    0.00    0.00   56.43
23:45:55       0    1.00    0.00   73.00    0.00    0.00   26.00    0.00    0.00    0.00    0.00
23:45:55       1    0.00    0.00    0.00    0.00    0.00    0.00    0.00    0.00    0.00  100.00
23:45:55       2    1.08    0.00   34.41    0.00    0.00    2.15    0.00    0.00    0.00   62.37
23:45:55       3    1.12    0.00   31.46    0.00    0.00    2.25    0.00    0.00    0.00   65.17

23:45:55     CPU    %usr   %nice    %sys %iowait    %irq   %soft  %steal  %guest  %gnice   %idle
23:45:56     all    1.31    0.00   36.29    0.00    0.00    6.53    0.00    0.00    0.00   55.87
23:45:56       0    1.00    0.00   76.00    0.00    0.00   23.00    0.00    0.00    0.00    0.00
23:45:56       1    2.02    0.00    0.00    0.00    0.00    0.00    0.00    0.00    0.00   97.98
23:45:56       2    1.09    0.00   33.70    0.00    0.00    1.09    0.00    0.00    0.00   64.13
23:45:56       3    1.09    0.00   34.78    0.00    0.00    1.09    0.00    0.00    0.00   63.04

23:45:56     CPU    %usr   %nice    %sys %iowait    %irq   %soft  %steal  %guest  %gnice   %idle
23:45:57     all    1.04    0.00   35.25    0.00    0.00    7.31    0.00    0.00    0.00   56.40
23:45:57       0    2.00    0.00   74.00    0.00    0.00   24.00    0.00    0.00    0.00    0.00
23:45:57       1    0.00    0.00    0.00    0.00    0.00    0.00    0.00    0.00    0.00  100.00
23:45:57       2    1.11    0.00   33.33    0.00    0.00    1.11    0.00    0.00    0.00   64.44
23:45:57       3    1.06    0.00   32.98    0.00    0.00    3.19    0.00    0.00    0.00   62.77

23:45:57     CPU    %usr   %nice    %sys %iowait    %irq   %soft  %steal  %guest  %gnice   %idle
23:45:58     all    0.78    0.00   35.51    0.00    0.00    7.31    0.00    0.00    0.00   56.40
23:45:58       0    1.00    0.00   76.00    0.00    0.00   23.00    0.00    0.00    0.00    0.00
23:45:58       1    0.00    0.00    0.00    0.00    0.00    0.00    0.00    0.00    0.00  100.00
23:45:58       2    1.09    0.00   31.52    0.00    0.00    3.26    0.00    0.00    0.00   64.13
23:45:58       3    1.09    0.00   33.70    0.00    0.00    2.17    0.00    0.00    0.00   63.04

23:45:58     CPU    %usr   %nice    %sys %iowait    %irq   %soft  %steal  %guest  %gnice   %idle
23:45:59     all    1.83    0.00   34.99    0.26    0.00    6.79    0.00    0.00    0.00   56.14
23:45:59       0    1.98    0.00   75.25    0.00    0.00   22.77    0.00    0.00    0.00    0.00
23:45:59       1    1.00    0.00    0.00    0.00    0.00    0.00    0.00    0.00    0.00   99.00
23:45:59       2    2.22    0.00   32.22    0.00    0.00    1.11    0.00    0.00    0.00   64.44
23:45:59       3    2.17    0.00   31.52    1.09    0.00    2.17    0.00    0.00    0.00   63.04

23:45:59     CPU    %usr   %nice    %sys %iowait    %irq   %soft  %steal  %guest  %gnice   %idle
23:46:00     all    0.79    0.00   35.86    0.00    0.00    7.85    0.00    0.00    0.00   55.50
23:46:00       0    0.00    0.00   73.74    0.00    0.00   26.26    0.00    0.00    0.00    0.00
23:46:00       1    2.04    0.00    0.00    0.00    0.00    0.00    0.00    0.00    0.00   97.96
23:46:00       2    0.00    0.00   34.78    0.00    0.00    2.17    0.00    0.00    0.00   63.04
23:46:00       3    1.08    0.00   34.41    0.00    0.00    2.15    0.00    0.00    0.00   62.37

23:46:00     CPU    %usr   %nice    %sys %iowait    %irq   %soft  %steal  %guest  %gnice   %idle
23:46:01     all    1.04    0.00   33.94    0.00    0.00    8.36    0.00    0.00    0.00   56.66
23:46:01       0    1.98    0.00   70.30    0.00    0.00   27.72    0.00    0.00    0.00    0.00
23:46:01       1    0.00    0.00    0.00    0.00    0.00    0.00    0.00    0.00    0.00  100.00
23:46:01       2    1.09    0.00   32.61    0.00    0.00    2.17    0.00    0.00    0.00   64.13
23:46:01       3    1.10    0.00   31.87    0.00    0.00    2.20    0.00    0.00    0.00   64.84

23:46:01     CPU    %usr   %nice    %sys %iowait    %irq   %soft  %steal  %guest  %gnice   %idle
23:46:02     all    1.04    0.00   34.46    0.00    0.00    8.36    0.00    0.00    0.00   56.14
23:46:02       0    1.01    0.00   72.73    0.00    0.00   26.26    0.00    0.00    0.00    0.00
23:46:02       1    1.00    0.00    0.00    0.00    0.00    0.00    0.00    0.00    0.00   99.00
23:46:02       2    1.08    0.00   33.33    0.00    0.00    3.23    0.00    0.00    0.00   62.37
23:46:02       3    1.10    0.00   31.87    0.00    0.00    3.30    0.00    0.00    0.00   63.74

23:46:02     CPU    %usr   %nice    %sys %iowait    %irq   %soft  %steal  %guest  %gnice   %idle
23:46:03     all    0.78    0.26   35.16    0.00    0.00    7.55    0.00    0.00    0.00   56.25
23:46:03       0    1.00    0.00   74.00    0.00    0.00   25.00    0.00    0.00    0.00    0.00
23:46:03       1    0.00    1.00    1.00    0.00    0.00    0.00    0.00    0.00    0.00   98.00
23:46:03       2    1.09    0.00   32.61    0.00    0.00    2.17    0.00    0.00    0.00   64.13
23:46:03       3    1.09    0.00   32.61    0.00    0.00    2.17    0.00    0.00    0.00   64.13

23:46:03     CPU    %usr   %nice    %sys %iowait    %irq   %soft  %steal  %guest  %gnice   %idle
23:46:04     all    1.04    0.00   34.73    0.00    0.00    7.83    0.00    0.00    0.00   56.40
23:46:04       0    2.00    0.00   72.00    0.00    0.00   26.00    0.00    0.00    0.00    0.00
23:46:04       1    0.00    0.00    0.00    0.00    0.00    0.00    0.00    0.00    0.00  100.00
23:46:04       2    1.10    0.00   34.07    0.00    0.00    1.10    0.00    0.00    0.00   63.74
23:46:04       3    1.08    0.00   32.26    0.00    0.00    3.23    0.00    0.00    0.00   63.44

23:46:04     CPU    %usr   %nice    %sys %iowait    %irq   %soft  %steal  %guest  %gnice   %idle
23:46:05     all    0.79    0.00   34.38    0.00    0.00    8.14    0.00    0.00    0.00   56.69
23:46:05       0    0.99    0.00   73.27    0.00    0.00   25.74    0.00    0.00    0.00    0.00
23:46:05       1    0.00    0.00    0.00    0.00    0.00    0.00    0.00    0.00    0.00  100.00
23:46:05       2    1.09    0.00   32.61    0.00    0.00    2.17    0.00    0.00    0.00   64.13
23:46:05       3    1.12    0.00   30.34    0.00    0.00    3.37    0.00    0.00    0.00   65.17

23:46:05     CPU    %usr   %nice    %sys %iowait    %irq   %soft  %steal  %guest  %gnice   %idle
23:46:06     all    1.04    0.00   35.25    0.00    0.00    7.05    0.00    0.00    0.00   56.66
23:46:06       0    2.00    0.00   73.00    0.00    0.00   25.00    0.00    0.00    0.00    0.00
23:46:06       1    0.00    0.00    0.00    0.00    0.00    0.00    0.00    0.00    0.00  100.00
23:46:06       2    1.09    0.00   33.70    0.00    0.00    1.09    0.00    0.00    0.00   64.13
23:46:06       3    1.09    0.00   33.70    0.00    0.00    1.09    0.00    0.00    0.00   64.13

23:46:06     CPU    %usr   %nice    %sys %iowait    %irq   %soft  %steal  %guest  %gnice   %idle
23:46:07     all    1.06    0.00   34.56    0.00    0.00    7.65    0.00    0.00    0.00   56.73
23:46:07       0    2.00    0.00   73.00    0.00    0.00   25.00    0.00    0.00    0.00    0.00
23:46:07       1    1.00    0.00    0.00    0.00    0.00    0.00    0.00    0.00    0.00   99.00
23:46:07       2    0.00    0.00   33.33    0.00    0.00    2.22    0.00    0.00    0.00   64.44
23:46:07       3    1.12    0.00   31.46    0.00    0.00    2.25    0.00    0.00    0.00   65.17

23:46:07     CPU    %usr   %nice    %sys %iowait    %irq   %soft  %steal  %guest  %gnice   %idle
23:46:08     all    0.52    0.00   34.46    0.00    0.00    8.36    0.00    0.00    0.00   56.66
23:46:08       0    1.00    0.00   71.00    0.00    0.00   28.00    0.00    0.00    0.00    0.00
23:46:08       1    0.00    0.00    0.00    0.00    0.00    0.00    0.00    0.00    0.00  100.00
23:46:08       2    1.08    0.00   33.33    0.00    0.00    2.15    0.00    0.00    0.00   63.44
23:46:08       3    0.00    0.00   32.97    0.00    0.00    2.20    0.00    0.00    0.00   64.84

23:46:08     CPU    %usr   %nice    %sys %iowait    %irq   %soft  %steal  %guest  %gnice   %idle
23:46:09     all    1.04    0.00   35.32    0.00    0.00    7.53    0.00    0.00    0.00   56.10
23:46:09       0    1.00    0.00   74.00    0.00    0.00   25.00    0.00    0.00    0.00    0.00
23:46:09       1    0.00    0.00    1.00    0.00    0.00    0.00    0.00    0.00    0.00   99.00
23:46:09       2    1.09    0.00   32.61    0.00    0.00    2.17    0.00    0.00    0.00   64.13
23:46:09       3    2.15    0.00   33.33    0.00    0.00    2.15    0.00    0.00    0.00   62.37

23:46:09     CPU    %usr   %nice    %sys %iowait    %irq   %soft  %steal  %guest  %gnice   %idle
23:46:10     all    2.60    0.00   35.16    0.00    0.00    7.29    0.00    0.00    0.00   54.95
23:46:10       0    2.00    0.00   74.00    0.00    0.00   24.00    0.00    0.00    0.00    0.00
23:46:10       1    4.04    0.00    0.00    0.00    0.00    0.00    0.00    0.00    0.00   95.96
23:46:10       2    2.15    0.00   33.33    0.00    0.00    2.15    0.00    0.00    0.00   62.37
23:46:10       3    2.17    0.00   32.61    0.00    0.00    2.17    0.00    0.00    0.00   63.04

23:46:10     CPU    %usr   %nice    %sys %iowait    %irq   %soft  %steal  %guest  %gnice   %idle
23:46:11     all    0.78    0.00   34.73    0.00    0.00    8.09    0.00    0.00    0.00   56.40
23:46:11       0    1.00    0.00   72.00    0.00    0.00   27.00    0.00    0.00    0.00    0.00
23:46:11       1    1.01    0.00    0.00    0.00    0.00    0.00    0.00    0.00    0.00   98.99
23:46:11       2    1.08    0.00   33.33    0.00    0.00    2.15    0.00    0.00    0.00   63.44
23:46:11       3    0.00    0.00   32.97    0.00    0.00    2.20    0.00    0.00    0.00   64.84
