Linux 7.0.0-31-generic (ubuntu) 	09/10/26 	_aarch64_	(4 CPU)

23:46:13     CPU    %usr   %nice    %sys %iowait    %irq   %soft  %steal  %guest  %gnice   %idle
23:46:14     all    1.31    0.00   35.70    0.00    0.00    6.82    0.00    0.00    0.00   56.17
23:46:14       0    2.97    0.00   74.26    0.00    0.00   22.77    0.00    0.00    0.00    0.00
23:46:14       1    0.00    0.00    0.00    0.00    0.00    0.00    0.00    0.00    0.00  100.00
23:46:14       2    1.11    0.00   33.33    0.00    0.00    1.11    0.00    0.00    0.00   64.44
23:46:14       3    1.09    0.00   33.70    0.00    0.00    2.17    0.00    0.00    0.00   63.04

23:46:14     CPU    %usr   %nice    %sys %iowait    %irq   %soft  %steal  %guest  %gnice   %idle
23:46:15     all    1.04    0.00   35.77    0.00    0.00    6.79    0.00    0.00    0.00   56.40
23:46:15       0    1.00    0.00   77.00    0.00    0.00   22.00    0.00    0.00    0.00    0.00
23:46:15       1    1.00    0.00    0.00    0.00    0.00    0.00    0.00    0.00    0.00   99.00
23:46:15       2    1.09    0.00   32.61    0.00    0.00    2.17    0.00    0.00    0.00   64.13
23:46:15       3    1.10    0.00   32.97    0.00    0.00    2.20    0.00    0.00    0.00   63.74

23:46:15     CPU    %usr   %nice    %sys %iowait    %irq   %soft  %steal  %guest  %gnice   %idle
23:46:16     all    1.56    0.00   34.81    0.26    0.00    7.79    0.00    0.00    0.00   55.58
23:46:16       0    2.00    0.00   71.00    0.00    0.00   27.00    0.00    0.00    0.00    0.00
23:46:16       1    0.00    0.00    0.00    1.01    0.00    0.00    0.00    0.00    0.00   98.99
23:46:16       2    1.09    0.00   34.78    0.00    0.00    1.09    0.00    0.00    0.00   63.04
23:46:16       3    3.19    0.00   32.98    0.00    0.00    2.13    0.00    0.00    0.00   61.70

23:46:16     CPU    %usr   %nice    %sys %iowait    %irq   %soft  %steal  %guest  %gnice   %idle
23:46:17     all    1.04    0.00   35.77    0.00    0.00    7.05    0.00    0.00    0.00   56.14
23:46:17       0    2.00    0.00   75.00    0.00    0.00   23.00    0.00    0.00    0.00    0.00
23:46:17       1    0.00    0.00    0.00    0.00    0.00    0.00    0.00    0.00    0.00  100.00
23:46:17       2    1.09    0.00   33.70    0.00    0.00    2.17    0.00    0.00    0.00   63.04
23:46:17       3    1.09    0.00   33.70    0.00    0.00    2.17    0.00    0.00    0.00   63.04

23:46:17     CPU    %usr   %nice    %sys %iowait    %irq   %soft  %steal  %guest  %gnice   %idle
23:46:18     all    1.31    0.00   34.38    0.00    0.00    7.87    0.00    0.00    0.00   56.43
23:46:18       0    1.98    0.00   72.28    0.00    0.00   25.74    0.00    0.00    0.00    0.00
23:46:18       1    1.01    0.00    0.00    0.00    0.00    0.00    0.00    0.00    0.00   98.99
23:46:18       2    1.09    0.00   32.61    0.00    0.00    2.17    0.00    0.00    0.00   64.13
23:46:18       3    1.12    0.00   31.46    0.00    0.00    2.25    0.00    0.00    0.00   65.17

23:46:18     CPU    %usr   %nice    %sys %iowait    %irq   %soft  %steal  %guest  %gnice   %idle
23:46:19     all    1.05    0.00   35.34    0.00    0.00    7.07    0.00    0.00    0.00   56.54
23:46:19       0    2.02    0.00   74.75    0.00    0.00   23.23    0.00    0.00    0.00    0.00
23:46:19       1    0.00    0.00    0.00    0.00    0.00    0.00    0.00    0.00    0.00  100.00
23:46:19       2    1.09    0.00   33.70    0.00    0.00    2.17    0.00    0.00    0.00   63.04
23:46:19       3    1.09    0.00   32.61    0.00    0.00    2.17    0.00    0.00    0.00   64.13

23:46:19     CPU    %usr   %nice    %sys %iowait    %irq   %soft  %steal  %guest  %gnice   %idle
23:46:20     all    1.05    0.00   34.65    0.00    0.00    8.14    0.00    0.00    0.00   56.17
23:46:20       0    1.00    0.00   74.00    0.00    0.00   25.00    0.00    0.00    0.00    0.00
23:46:20       1    1.01    0.00    0.00    0.00    0.00    0.00    0.00    0.00    0.00   98.99
23:46:20       2    1.09    0.00   32.61    0.00    0.00    3.26    0.00    0.00    0.00   63.04
23:46:20       3    1.11    0.00   31.11    0.00    0.00    3.33    0.00    0.00    0.00   64.44

23:46:20     CPU    %usr   %nice    %sys %iowait    %irq   %soft  %steal  %guest  %gnice   %idle
23:46:21     all    1.04    0.00   36.53    0.00    0.00    6.74    0.00    0.00    0.00   55.70
23:46:21       0    1.98    0.00   76.24    0.00    0.00   21.78    0.00    0.00    0.00    0.00
23:46:21       1    0.00    0.00    1.01    0.00    0.00    0.00    0.00    0.00    0.00   98.99
23:46:21       2    1.08    0.00   33.33    0.00    0.00    2.15    0.00    0.00    0.00   63.44
23:46:21       3    1.08    0.00   34.41    0.00    0.00    2.15    0.00    0.00    0.00   62.37

23:46:21     CPU    %usr   %nice    %sys %iowait    %irq   %soft  %steal  %guest  %gnice   %idle
23:46:22     all    1.56    0.00   35.68    0.00    0.00    6.77    0.00    0.00    0.00   55.99
23:46:22       0    2.00    0.00   75.00    0.00    0.00   23.00    0.00    0.00    0.00    0.00
23:46:22       1    0.00    0.00    0.00    0.00    0.00    0.00    0.00    0.00    0.00  100.00
23:46:22       2    2.15    0.00   34.41    0.00    0.00    1.08    0.00    0.00    0.00   62.37
23:46:22       3    2.17    0.00   32.61    0.00    0.00    2.17    0.00    0.00    0.00   63.04

23:46:22     CPU    %usr   %nice    %sys %iowait    %irq   %soft  %steal  %guest  %gnice   %idle
23:46:23     all    0.52    0.00   35.70    0.00    0.00    7.35    0.00    0.00    0.00   56.43
23:46:23       0    1.01    0.00   75.76    0.00    0.00   23.23    0.00    0.00    0.00    0.00
23:46:23       1    0.00    0.00    0.00    0.00    0.00    0.00    0.00    0.00    0.00  100.00
23:46:23       2    0.00    0.00   34.07    0.00    0.00    2.20    0.00    0.00    0.00   63.74
23:46:23       3    1.08    0.00   32.26    0.00    0.00    3.23    0.00    0.00    0.00   63.44

23:46:23     CPU    %usr   %nice    %sys %iowait    %irq   %soft  %steal  %guest  %gnice   %idle
23:46:24     all    1.04    0.00   35.06    0.00    0.00    7.79    0.00    0.00    0.00   56.10
23:46:24       0    1.00    0.00   73.00    0.00    0.00   26.00    0.00    0.00    0.00    0.00
23:46:24       1    1.00    0.00    0.00    0.00    0.00    0.00    0.00    0.00    0.00   99.00
23:46:24       2    1.09    0.00   32.61    0.00    0.00    2.17    0.00    0.00    0.00   64.13
23:46:24       3    1.08    0.00   34.41    0.00    0.00    2.15    0.00    0.00    0.00   62.37

23:46:24     CPU    %usr   %nice    %sys %iowait    %irq   %soft  %steal  %guest  %gnice   %idle
23:46:25     all    0.79    0.00   35.00    0.00    0.00    7.37    0.00    0.00    0.00   56.84
23:46:25       0    2.00    0.00   74.00    0.00    0.00   24.00    0.00    0.00    0.00    0.00
23:46:25       1    0.00    0.00    0.00    0.00    0.00    0.00    0.00    0.00    0.00  100.00
23:46:25       2    1.12    0.00   31.46    0.00    0.00    2.25    0.00    0.00    0.00   65.17
23:46:25       3    0.00    0.00   33.70    0.00    0.00    2.17    0.00    0.00    0.00   64.13

23:46:25     CPU    %usr   %nice    %sys %iowait    %irq   %soft  %steal  %guest  %gnice   %idle
23:46:26     all    0.78    0.00   35.84    0.00    0.00    7.27    0.00    0.00    0.00   56.10
23:46:26       0    1.00    0.00   74.00    0.00    0.00   25.00    0.00    0.00    0.00    0.00
23:46:26       1    0.00    0.00    0.00    0.00    0.00    0.00    0.00    0.00    0.00  100.00
23:46:26       2    1.06    0.00   34.04    0.00    0.00    2.13    0.00    0.00    0.00   62.77
23:46:26       3    1.09    0.00   34.78    0.00    0.00    1.09    0.00    0.00    0.00   63.04

23:46:26     CPU    %usr   %nice    %sys %iowait    %irq   %soft  %steal  %guest  %gnice   %idle
23:46:27     all    1.04    0.00   34.99    0.00    0.00    7.57    0.00    0.00    0.00   56.40
23:46:27       0    2.00    0.00   74.00    0.00    0.00   24.00    0.00    0.00    0.00    0.00
23:46:27       1    0.00    0.00    0.00    0.00    0.00    0.00    0.00    0.00    0.00  100.00
23:46:27       2    1.09    0.00   33.70    0.00    0.00    2.17    0.00    0.00    0.00   63.04
23:46:27       3    1.09    0.00   31.52    0.00    0.00    3.26    0.00    0.00    0.00   64.13

23:46:27     CPU    %usr   %nice    %sys %iowait    %irq   %soft  %steal  %guest  %gnice   %idle
23:46:28     all    0.52    0.00   35.34    0.00    0.00    7.59    0.00    0.00    0.00   56.54
23:46:28       0    1.00    0.00   74.00    0.00    0.00   25.00    0.00    0.00    0.00    0.00
23:46:28       1    0.00    0.00    0.00    0.00    0.00    0.00    0.00    0.00    0.00  100.00
23:46:28       2    0.00    0.00   32.22    0.00    0.00    2.22    0.00    0.00    0.00   65.56
23:46:28       3    1.08    0.00   34.41    0.00    0.00    2.15    0.00    0.00    0.00   62.37

23:46:28     CPU    %usr   %nice    %sys %iowait    %irq   %soft  %steal  %guest  %gnice   %idle
23:46:29     all    1.82    0.00   35.42    0.00    0.00    7.55    0.00    0.00    0.00   55.21
23:46:29       0    2.00    0.00   75.00    0.00    0.00   23.00    0.00    0.00    0.00    0.00
23:46:29       1    0.00    0.00    0.00    0.00    0.00    0.00    0.00    0.00    0.00  100.00
23:46:29       2    3.26    0.00   32.61    0.00    0.00    2.17    0.00    0.00    0.00   61.96
23:46:29       3    2.13    0.00   32.98    0.00    0.00    4.26    0.00    0.00    0.00   60.64

23:46:29     CPU    %usr   %nice    %sys %iowait    %irq   %soft  %steal  %guest  %gnice   %idle
23:46:30     all    1.30    0.00   35.23    0.00    0.00    7.25    0.00    0.00    0.00   56.22
23:46:30       0    2.00    0.00   74.00    0.00    0.00   24.00    0.00    0.00    0.00    0.00
23:46:30       1    1.00    0.00    0.00    0.00    0.00    0.00    0.00    0.00    0.00   99.00
23:46:30       2    1.06    0.00   34.04    0.00    0.00    2.13    0.00    0.00    0.00   62.77
23:46:30       3    1.09    0.00   32.61    0.00    0.00    2.17    0.00    0.00    0.00   64.13

23:46:30     CPU    %usr   %nice    %sys %iowait    %irq   %soft  %steal  %guest  %gnice   %idle
23:46:31     all    0.78    0.00   34.99    0.00    0.00    8.09    0.00    0.00    0.00   56.14
23:46:31       0    2.00    0.00   71.00    0.00    0.00   27.00    0.00    0.00    0.00    0.00
23:46:31       1    0.00    0.00    0.00    0.00    0.00    0.00    0.00    0.00    0.00  100.00
23:46:31       2    0.00    0.00   35.48    0.00    0.00    2.15    0.00    0.00    0.00   62.37
23:46:31       3    1.10    0.00   32.97    0.00    0.00    2.20    0.00    0.00    0.00   63.74
