Linux 7.0.0-31-generic (ubuntu) 	09/10/26 	_aarch64_	(4 CPU)

23:54:22     CPU    %usr   %nice    %sys %iowait    %irq   %soft  %steal  %guest  %gnice   %idle
23:54:23     all    0.78    0.00   35.32    0.00    0.00    7.53    0.00    0.00    0.00   56.36
23:54:23       0    1.01    0.00   74.75    0.00    0.00   24.24    0.00    0.00    0.00    0.00
23:54:23       1    0.00    0.00    0.00    0.00    0.00    0.00    0.00    0.00    0.00  100.00
23:54:23       2    1.08    0.00   32.26    0.00    0.00    3.23    0.00    0.00    0.00   63.44
23:54:23       3    1.06    0.00   34.04    0.00    0.00    2.13    0.00    0.00    0.00   62.77

23:54:23     CPU    %usr   %nice    %sys %iowait    %irq   %soft  %steal  %guest  %gnice   %idle
23:54:24     all    1.57    0.00   35.25    0.00    0.00    7.31    0.00    0.00    0.00   55.87
23:54:24       0    2.97    0.00   73.27    0.00    0.00   23.76    0.00    0.00    0.00    0.00
23:54:24       1    1.01    0.00    0.00    0.00    0.00    0.00    0.00    0.00    0.00   98.99
23:54:24       2    1.09    0.00   33.70    0.00    0.00    2.17    0.00    0.00    0.00   63.04
23:54:24       3    1.10    0.00   32.97    0.00    0.00    2.20    0.00    0.00    0.00   63.74

23:54:24     CPU    %usr   %nice    %sys %iowait    %irq   %soft  %steal  %guest  %gnice   %idle
23:54:25     all    0.78    0.00   36.27    0.00    0.00    6.74    0.00    0.00    0.00   56.22
23:54:25       0    1.00    0.00   76.00    0.00    0.00   23.00    0.00    0.00    0.00    0.00
23:54:25       1    0.00    0.00    1.00    0.00    0.00    0.00    0.00    0.00    0.00   99.00
23:54:25       2    1.06    0.00   34.04    0.00    0.00    2.13    0.00    0.00    0.00   62.77
23:54:25       3    1.09    0.00   33.70    0.00    0.00    1.09    0.00    0.00    0.00   64.13

23:54:25     CPU    %usr   %nice    %sys %iowait    %irq   %soft  %steal  %guest  %gnice   %idle
23:54:26     all    0.79    0.00   35.34    0.00    0.00    7.85    0.00    0.00    0.00   56.02
23:54:26       0    1.00    0.00   73.00    0.00    0.00   26.00    0.00    0.00    0.00    0.00
23:54:26       1    0.00    0.00    0.00    0.00    0.00    0.00    0.00    0.00    0.00  100.00
23:54:26       2    1.10    0.00   32.97    0.00    0.00    2.20    0.00    0.00    0.00   63.74
23:54:26       3    1.08    0.00   34.41    0.00    0.00    2.15    0.00    0.00    0.00   62.37

23:54:26     CPU    %usr   %nice    %sys %iowait    %irq   %soft  %steal  %guest  %gnice   %idle
23:54:27     all    0.79    0.00   34.21    0.00    0.00    8.16    0.00    0.00    0.00   56.84
23:54:27       0    1.01    0.00   72.73    0.00    0.00   26.26    0.00    0.00    0.00    0.00
23:54:27       1    1.00    0.00    0.00    0.00    0.00    0.00    0.00    0.00    0.00   99.00
23:54:27       2    1.10    0.00   30.77    0.00    0.00    3.30    0.00    0.00    0.00   64.84
23:54:27       3    0.00    0.00   33.33    0.00    0.00    2.22    0.00    0.00    0.00   64.44

23:54:27     CPU    %usr   %nice    %sys %iowait    %irq   %soft  %steal  %guest  %gnice   %idle
23:54:28     all    0.79    0.00   34.82    0.00    0.00    7.85    0.00    0.00    0.00   56.54
23:54:28       0    0.99    0.00   72.28    0.00    0.00   26.73    0.00    0.00    0.00    0.00
23:54:28       1    0.00    0.00    0.00    0.00    0.00    0.00    0.00    0.00    0.00  100.00
23:54:28       2    1.11    0.00   33.33    0.00    0.00    1.11    0.00    0.00    0.00   64.44
23:54:28       3    1.09    0.00   32.61    0.00    0.00    2.17    0.00    0.00    0.00   64.13

23:54:28     CPU    %usr   %nice    %sys %iowait    %irq   %soft  %steal  %guest  %gnice   %idle
23:54:29     all    0.79    0.00   35.34    0.00    0.00    7.33    0.00    0.00    0.00   56.54
23:54:29       0    1.01    0.00   75.76    0.00    0.00   23.23    0.00    0.00    0.00    0.00
23:54:29       1    0.00    0.00    0.00    0.00    0.00    0.00    0.00    0.00    0.00  100.00
23:54:29       2    1.10    0.00   31.87    0.00    0.00    2.20    0.00    0.00    0.00   64.84
23:54:29       3    1.08    0.00   33.33    0.00    0.00    3.23    0.00    0.00    0.00   62.37

23:54:29     CPU    %usr   %nice    %sys %iowait    %irq   %soft  %steal  %guest  %gnice   %idle
23:54:30     all    1.56    0.00   35.58    0.00    0.00    7.27    0.00    0.00    0.00   55.58
23:54:30       0    1.98    0.00   74.26    0.00    0.00   23.76    0.00    0.00    0.00    0.00
23:54:30       1    1.01    0.00    0.00    0.00    0.00    0.00    0.00    0.00    0.00   98.99
23:54:30       2    1.09    0.00   33.70    0.00    0.00    2.17    0.00    0.00    0.00   63.04
23:54:30       3    2.15    0.00   33.33    0.00    0.00    2.15    0.00    0.00    0.00   62.37

23:54:30     CPU    %usr   %nice    %sys %iowait    %irq   %soft  %steal  %guest  %gnice   %idle
23:54:31     all    0.79    0.00   35.60    0.00    0.00    7.59    0.00    0.00    0.00   56.02
23:54:31       0    1.00    0.00   74.00    0.00    0.00   25.00    0.00    0.00    0.00    0.00
23:54:31       1    0.00    0.00    0.00    0.00    0.00    0.00    0.00    0.00    0.00  100.00
23:54:31       2    1.09    0.00   33.70    0.00    0.00    2.17    0.00    0.00    0.00   63.04
23:54:31       3    1.09    0.00   33.70    0.00    0.00    2.17    0.00    0.00    0.00   63.04

23:54:31     CPU    %usr   %nice    %sys %iowait    %irq   %soft  %steal  %guest  %gnice   %idle
23:54:32     all    1.04    0.00   34.46    0.00    0.00    8.29    0.00    0.00    0.00   56.22
23:54:32       0    2.00    0.00   71.00    0.00    0.00   27.00    0.00    0.00    0.00    0.00
23:54:32       1    0.00    0.00    1.00    0.00    0.00    0.00    0.00    0.00    0.00   99.00
23:54:32       2    1.08    0.00   32.26    0.00    0.00    3.23    0.00    0.00    0.00   63.44
23:54:32       3    1.08    0.00   33.33    0.00    0.00    2.15    0.00    0.00    0.00   63.44

23:54:32     CPU    %usr   %nice    %sys %iowait    %irq   %soft  %steal  %guest  %gnice   %idle
23:54:33     all    0.78    0.00   36.03    0.00    0.00    7.05    0.00    0.00    0.00   56.14
23:54:33       0    0.00    0.00   76.00    0.00    0.00   24.00    0.00    0.00    0.00    0.00
23:54:33       1    1.00    0.00    0.00    0.00    0.00    0.00    0.00    0.00    0.00   99.00
23:54:33       2    1.09    0.00   33.70    0.00    0.00    2.17    0.00    0.00    0.00   63.04
23:54:33       3    1.10    0.00   34.07    0.00    0.00    1.10    0.00    0.00    0.00   63.74

23:54:33     CPU    %usr   %nice    %sys %iowait    %irq   %soft  %steal  %guest  %gnice   %idle
23:54:34     all    0.78    0.26   34.72    0.00    0.00    8.03    0.00    0.00    0.00   56.22
23:54:34       0    2.00    0.00   72.00    0.00    0.00   26.00    0.00    0.00    0.00    0.00
23:54:34       1    0.00    0.00    0.00    0.00    0.00    0.00    0.00    0.00    0.00  100.00
23:54:34       2    0.00    1.09   32.61    0.00    0.00    2.17    0.00    0.00    0.00   64.13
23:54:34       3    1.05    0.00   33.68    0.00    0.00    3.16    0.00    0.00    0.00   62.11

23:54:34     CPU    %usr   %nice    %sys %iowait    %irq   %soft  %steal  %guest  %gnice   %idle
23:54:35     all    0.79    0.00   34.74    0.00    0.00    7.89    0.00    0.00    0.00   56.58
23:54:35       0    1.00    0.00   73.00    0.00    0.00   26.00    0.00    0.00    0.00    0.00
23:54:35       1    0.00    0.00    1.01    0.00    0.00    0.00    0.00    0.00    0.00   98.99
23:54:35       2    1.10    0.00   32.97    0.00    0.00    2.20    0.00    0.00    0.00   63.74
23:54:35       3    1.11    0.00   31.11    0.00    0.00    2.22    0.00    0.00    0.00   65.56

23:54:35     CPU    %usr   %nice    %sys %iowait    %irq   %soft  %steal  %guest  %gnice   %idle
23:54:36     all    1.80    0.00   34.79    0.00    0.00    7.73    0.00    0.00    0.00   55.67
23:54:36       0    2.00    0.00   73.00    0.00    0.00   25.00    0.00    0.00    0.00    0.00
23:54:36       1    1.00    0.00    0.00    0.00    0.00    0.00    0.00    0.00    0.00   99.00
23:54:36       2    2.11    0.00   32.63    0.00    0.00    3.16    0.00    0.00    0.00   62.11
23:54:36       3    2.15    0.00   33.33    0.00    0.00    2.15    0.00    0.00    0.00   62.37

23:54:36     CPU    %usr   %nice    %sys %iowait    %irq   %soft  %steal  %guest  %gnice   %idle
23:54:37     all    0.79    0.00   34.82    0.00    0.00    8.38    0.00    0.00    0.00   56.02
23:54:37       0    1.00    0.00   72.00    0.00    0.00   27.00    0.00    0.00    0.00    0.00
23:54:37       1    0.00    0.00    0.00    0.00    0.00    0.00    0.00    0.00    0.00  100.00
23:54:37       2    1.11    0.00   33.33    0.00    0.00    1.11    0.00    0.00    0.00   64.44
23:54:37       3    1.06    0.00   32.98    0.00    0.00    4.26    0.00    0.00    0.00   61.70

23:54:37     CPU    %usr   %nice    %sys %iowait    %irq   %soft  %steal  %guest  %gnice   %idle
23:54:38     all    0.52    0.00   36.13    0.00    0.00    6.81    0.00    0.00    0.00   56.54
23:54:38       0    1.00    0.00   76.00    0.00    0.00   23.00    0.00    0.00    0.00    0.00
23:54:38       1    1.00    0.00    0.00    0.00    0.00    0.00    0.00    0.00    0.00   99.00
23:54:38       2    0.00    0.00   34.07    0.00    0.00    2.20    0.00    0.00    0.00   63.74
23:54:38       3    0.00    0.00   34.07    0.00    0.00    1.10    0.00    0.00    0.00   64.84

23:54:38     CPU    %usr   %nice    %sys %iowait    %irq   %soft  %steal  %guest  %gnice   %idle
23:54:39     all    1.30    0.00   34.55    0.26    0.00    7.53    0.00    0.00    0.00   56.36
23:54:39       0    2.02    0.00   73.74    0.00    0.00   24.24    0.00    0.00    0.00    0.00
23:54:39       1    0.00    0.00    0.00    1.00    0.00    0.00    0.00    0.00    0.00   99.00
23:54:39       2    2.15    0.00   31.18    0.00    0.00    3.23    0.00    0.00    0.00   63.44
23:54:39       3    1.08    0.00   33.33    0.00    0.00    2.15    0.00    0.00    0.00   63.44

23:54:39     CPU    %usr   %nice    %sys %iowait    %irq   %soft  %steal  %guest  %gnice   %idle
23:54:40     all    0.79    0.00   35.62    0.00    0.00    7.12    0.00    0.00    0.00   56.46
23:54:40       0    1.98    0.00   73.27    0.00    0.00   24.75    0.00    0.00    0.00    0.00
23:54:40       1    0.00    0.00    0.00    0.00    0.00    0.00    0.00    0.00    0.00  100.00
23:54:40       2    1.10    0.00   34.07    0.00    0.00    1.10    0.00    0.00    0.00   63.74
23:54:40       3    0.00    0.00   33.71    0.00    0.00    1.12    0.00    0.00    0.00   65.17
