Linux 7.0.0-31-generic (ubuntu) 	09/10/26 	_aarch64_	(4 CPU)

23:53:21     CPU    %usr   %nice    %sys %iowait    %irq   %soft  %steal  %guest  %gnice   %idle
23:53:22     all    0.78    0.00   34.90    0.00    0.00    8.07    0.00    0.00    0.00   56.25
23:53:22       0    1.00    0.00   73.00    0.00    0.00   26.00    0.00    0.00    0.00    0.00
23:53:22       1    0.00    0.00    0.00    0.00    0.00    0.00    0.00    0.00    0.00  100.00
23:53:22       2    1.08    0.00   32.26    0.00    0.00    3.23    0.00    0.00    0.00   63.44
23:53:22       3    1.08    0.00   33.33    0.00    0.00    2.15    0.00    0.00    0.00   63.44

23:53:22     CPU    %usr   %nice    %sys %iowait    %irq   %soft  %steal  %guest  %gnice   %idle
23:53:23     all    1.30    0.00   34.90    0.00    0.00    7.03    0.00    0.00    0.00   56.77
23:53:23       0    2.00    0.00   74.00    0.00    0.00   24.00    0.00    0.00    0.00    0.00
23:53:23       1    0.99    0.00    0.00    0.00    0.00    0.00    0.00    0.00    0.00   99.01
23:53:23       2    1.10    0.00   32.97    0.00    0.00    1.10    0.00    0.00    0.00   64.84
23:53:23       3    1.09    0.00   32.61    0.00    0.00    2.17    0.00    0.00    0.00   64.13

23:53:23     CPU    %usr   %nice    %sys %iowait    %irq   %soft  %steal  %guest  %gnice   %idle
23:53:24     all    0.78    0.00   35.68    0.00    0.00    7.55    0.00    0.00    0.00   55.99
23:53:24       0    2.00    0.00   73.00    0.00    0.00   25.00    0.00    0.00    0.00    0.00
23:53:24       1    0.00    0.00    1.01    0.00    0.00    0.00    0.00    0.00    0.00   98.99
23:53:24       2    1.09    0.00   33.70    0.00    0.00    2.17    0.00    0.00    0.00   63.04
23:53:24       3    0.00    0.00   34.41    0.00    0.00    2.15    0.00    0.00    0.00   63.44

23:53:24     CPU    %usr   %nice    %sys %iowait    %irq   %soft  %steal  %guest  %gnice   %idle
23:53:25     all    1.32    0.00   33.60    0.00    0.00    8.20    0.00    0.00    0.00   56.88
23:53:25       0    1.01    0.00   71.72    0.00    0.00   27.27    0.00    0.00    0.00    0.00
23:53:25       1    0.00    0.00    0.00    0.00    0.00    0.00    0.00    0.00    0.00  100.00
23:53:25       2    2.20    0.00   31.87    0.00    0.00    2.20    0.00    0.00    0.00   63.74
23:53:25       3    2.25    0.00   30.34    0.00    0.00    2.25    0.00    0.00    0.00   65.17

23:53:25     CPU    %usr   %nice    %sys %iowait    %irq   %soft  %steal  %guest  %gnice   %idle
23:53:26     all    1.03    0.00   35.14    0.00    0.00    7.49    0.00    0.00    0.00   56.33
23:53:26       0    1.98    0.00   73.27    0.00    0.00   24.75    0.00    0.00    0.00    0.00
23:53:26       1    0.00    0.00    0.00    0.00    0.00    0.00    0.00    0.00    0.00  100.00
23:53:26       2    1.05    0.00   33.68    0.00    0.00    2.11    0.00    0.00    0.00   63.16
23:53:26       3    1.09    0.00   32.61    0.00    0.00    2.17    0.00    0.00    0.00   64.13

23:53:26     CPU    %usr   %nice    %sys %iowait    %irq   %soft  %steal  %guest  %gnice   %idle
23:53:27     all    0.78    0.00   35.49    0.00    0.00    7.51    0.00    0.00    0.00   56.22
23:53:27       0    1.00    0.00   76.00    0.00    0.00   23.00    0.00    0.00    0.00    0.00
23:53:27       1    0.00    0.00    0.00    0.00    0.00    0.00    0.00    0.00    0.00  100.00
23:53:27       2    1.08    0.00   33.33    0.00    0.00    3.23    0.00    0.00    0.00   62.37
23:53:27       3    1.06    0.00   31.91    0.00    0.00    3.19    0.00    0.00    0.00   63.83

23:53:27     CPU    %usr   %nice    %sys %iowait    %irq   %soft  %steal  %guest  %gnice   %idle
23:53:28     all    0.78    0.00   34.90    0.00    0.00    7.55    0.00    0.00    0.00   56.77
23:53:28       0    1.00    0.00   74.00    0.00    0.00   25.00    0.00    0.00    0.00    0.00
23:53:28       1    0.99    0.00    0.00    0.00    0.00    0.00    0.00    0.00    0.00   99.01
23:53:28       2    1.09    0.00   32.61    0.00    0.00    2.17    0.00    0.00    0.00   64.13
23:53:28       3    0.00    0.00   32.97    0.00    0.00    2.20    0.00    0.00    0.00   64.84

23:53:28     CPU    %usr   %nice    %sys %iowait    %irq   %soft  %steal  %guest  %gnice   %idle
23:53:29     all    0.78    0.00   34.99    0.00    0.00    7.83    0.00    0.00    0.00   56.40
23:53:29       0    2.00    0.00   71.00    0.00    0.00   27.00    0.00    0.00    0.00    0.00
23:53:29       1    0.00    0.00    0.00    0.00    0.00    0.00    0.00    0.00    0.00  100.00
23:53:29       2    0.00    0.00   33.70    0.00    0.00    2.17    0.00    0.00    0.00   64.13
23:53:29       3    1.08    0.00   34.41    0.00    0.00    1.08    0.00    0.00    0.00   63.44

23:53:29     CPU    %usr   %nice    %sys %iowait    %irq   %soft  %steal  %guest  %gnice   %idle
23:53:30     all    0.79    0.00   34.55    0.00    0.00    8.12    0.00    0.00    0.00   56.54
23:53:30       0    1.00    0.00   72.00    0.00    0.00   27.00    0.00    0.00    0.00    0.00
23:53:30       1    0.00    0.00    0.00    0.00    0.00    0.00    0.00    0.00    0.00  100.00
23:53:30       2    1.09    0.00   33.70    0.00    0.00    2.17    0.00    0.00    0.00   63.04
23:53:30       3    1.10    0.00   31.87    0.00    0.00    2.20    0.00    0.00    0.00   64.84

23:53:30     CPU    %usr   %nice    %sys %iowait    %irq   %soft  %steal  %guest  %gnice   %idle
23:53:31     all    1.05    0.00   35.34    0.00    0.00    7.33    0.00    0.00    0.00   56.28
23:53:31       0    0.99    0.00   74.26    0.00    0.00   24.75    0.00    0.00    0.00    0.00
23:53:31       1    0.00    0.00    0.00    0.00    0.00    0.00    0.00    0.00    0.00  100.00
23:53:31       2    2.17    0.00   33.70    0.00    0.00    1.09    0.00    0.00    0.00   63.04
23:53:31       3    1.11    0.00   32.22    0.00    0.00    2.22    0.00    0.00    0.00   64.44

23:53:31     CPU    %usr   %nice    %sys %iowait    %irq   %soft  %steal  %guest  %gnice   %idle
23:53:32     all    1.55    0.00   34.54    0.00    0.00    7.99    0.00    0.00    0.00   55.93
23:53:32       0    2.02    0.00   70.71    0.00    0.00   27.27    0.00    0.00    0.00    0.00
23:53:32       1    0.99    0.00    0.99    0.00    0.00    0.00    0.00    0.00    0.00   98.02
23:53:32       2    2.13    0.00   34.04    0.00    0.00    2.13    0.00    0.00    0.00   61.70
23:53:32       3    1.06    0.00   32.98    0.00    0.00    2.13    0.00    0.00    0.00   63.83

23:53:32     CPU    %usr   %nice    %sys %iowait    %irq   %soft  %steal  %guest  %gnice   %idle
23:53:33     all    0.26    0.00   34.29    0.26    0.00    8.38    0.00    0.00    0.00   56.81
23:53:33       0    0.99    0.00   73.27    0.00    0.00   25.74    0.00    0.00    0.00    0.00
23:53:33       1    0.00    0.00    0.00    0.00    0.00    0.00    0.00    0.00    0.00  100.00
23:53:33       2    0.00    0.00   30.77    1.10    0.00    3.30    0.00    0.00    0.00   64.84
23:53:33       3    0.00    0.00   31.87    0.00    0.00    3.30    0.00    0.00    0.00   64.84

23:53:33     CPU    %usr   %nice    %sys %iowait    %irq   %soft  %steal  %guest  %gnice   %idle
23:53:34     all    1.05    0.00   34.29    0.00    0.00    7.85    0.00    0.00    0.00   56.81
23:53:34       0    1.01    0.00   72.73    0.00    0.00   26.26    0.00    0.00    0.00    0.00
23:53:34       1    0.00    0.00    0.00    0.00    0.00    0.00    0.00    0.00    0.00  100.00
23:53:34       2    1.08    0.00   33.33    0.00    0.00    2.15    0.00    0.00    0.00   63.44
23:53:34       3    2.22    0.00   31.11    0.00    0.00    2.22    0.00    0.00    0.00   64.44

23:53:34     CPU    %usr   %nice    %sys %iowait    %irq   %soft  %steal  %guest  %gnice   %idle
23:53:35     all    1.31    0.00   35.25    0.00    0.00    7.31    0.00    0.00    0.00   56.14
23:53:35       0    1.98    0.00   74.26    0.00    0.00   23.76    0.00    0.00    0.00    0.00
23:53:35       1    1.01    0.00    0.00    0.00    0.00    0.00    0.00    0.00    0.00   98.99
23:53:35       2    1.09    0.00   33.70    0.00    0.00    2.17    0.00    0.00    0.00   63.04
23:53:35       3    1.10    0.00   31.87    0.00    0.00    2.20    0.00    0.00    0.00   64.84

23:53:35     CPU    %usr   %nice    %sys %iowait    %irq   %soft  %steal  %guest  %gnice   %idle
23:53:36     all    0.79    0.00   34.21    0.00    0.00    7.89    0.00    0.00    0.00   57.11
23:53:36       0    1.01    0.00   72.73    0.00    0.00   26.26    0.00    0.00    0.00    0.00
23:53:36       1    0.00    0.00    0.00    0.00    0.00    0.00    0.00    0.00    0.00  100.00
23:53:36       2    1.10    0.00   31.87    0.00    0.00    2.20    0.00    0.00    0.00   64.84
23:53:36       3    1.10    0.00   31.87    0.00    0.00    2.20    0.00    0.00    0.00   64.84

23:53:36     CPU    %usr   %nice    %sys %iowait    %irq   %soft  %steal  %guest  %gnice   %idle
23:53:37     all    1.30    0.00   34.55    0.00    0.00    8.05    0.00    0.00    0.00   56.10
23:53:37       0    2.00    0.00   72.00    0.00    0.00   26.00    0.00    0.00    0.00    0.00
23:53:37       1    1.00    0.00    0.00    0.00    0.00    0.00    0.00    0.00    0.00   99.00
23:53:37       2    0.00    0.00   33.70    0.00    0.00    2.17    0.00    0.00    0.00   64.13
23:53:37       3    2.15    0.00   32.26    0.00    0.00    3.23    0.00    0.00    0.00   62.37

23:53:37     CPU    %usr   %nice    %sys %iowait    %irq   %soft  %steal  %guest  %gnice   %idle
23:53:38     all    0.52    0.00   34.55    0.00    0.00    8.12    0.00    0.00    0.00   56.81
23:53:38       0    1.00    0.00   72.00    0.00    0.00   27.00    0.00    0.00    0.00    0.00
23:53:38       1    0.00    0.00    0.00    0.00    0.00    0.00    0.00    0.00    0.00  100.00
23:53:38       2    1.09    0.00   32.61    0.00    0.00    2.17    0.00    0.00    0.00   64.13
23:53:38       3    0.00    0.00   32.97    0.00    0.00    2.20    0.00    0.00    0.00   64.84

23:53:38     CPU    %usr   %nice    %sys %iowait    %irq   %soft  %steal  %guest  %gnice   %idle
23:53:39     all    1.30    0.00   35.23    0.00    0.00    7.25    0.00    0.00    0.00   56.22
23:53:39       0    2.00    0.00   74.00    0.00    0.00   24.00    0.00    0.00    0.00    0.00
23:53:39       1    0.00    0.00    0.00    0.00    0.00    0.00    0.00    0.00    0.00  100.00
23:53:39       2    2.13    0.00   34.04    0.00    0.00    2.13    0.00    0.00    0.00   61.70
23:53:39       3    1.08    0.00   32.26    0.00    0.00    2.15    0.00    0.00    0.00   64.52
