Linux 7.0.0-31-generic (ubuntu) 	09/10/26 	_aarch64_	(4 CPU)

23:51:40     CPU    %usr   %nice    %sys %iowait    %irq   %soft  %steal  %guest  %gnice   %idle
23:51:41     all    1.31    0.00   34.12    0.00    0.00    8.14    0.00    0.00    0.00   56.43
23:51:41       0    2.00    0.00   71.00    0.00    0.00   27.00    0.00    0.00    0.00    0.00
23:51:41       1    1.00    0.00    1.00    0.00    0.00    0.00    0.00    0.00    0.00   98.00
23:51:41       2    1.11    0.00   31.11    0.00    0.00    2.22    0.00    0.00    0.00   65.56
23:51:41       3    1.10    0.00   32.97    0.00    0.00    2.20    0.00    0.00    0.00   63.74

23:51:41     CPU    %usr   %nice    %sys %iowait    %irq   %soft  %steal  %guest  %gnice   %idle
23:51:42     all    1.06    0.00   33.77    0.00    0.00    8.44    0.00    0.00    0.00   56.73
23:51:42       0    1.00    0.00   71.00    0.00    0.00   28.00    0.00    0.00    0.00    0.00
23:51:42       1    0.00    0.00    0.00    0.00    0.00    0.00    0.00    0.00    0.00  100.00
23:51:42       2    1.12    0.00   31.46    0.00    0.00    2.25    0.00    0.00    0.00   65.17
23:51:42       3    2.20    0.00   31.87    0.00    0.00    2.20    0.00    0.00    0.00   63.74

23:51:42     CPU    %usr   %nice    %sys %iowait    %irq   %soft  %steal  %guest  %gnice   %idle
23:51:43     all    1.04    0.00   33.94    0.00    0.00    8.36    0.00    0.00    0.00   56.66
23:51:43       0    1.01    0.00   72.73    0.00    0.00   26.26    0.00    0.00    0.00    0.00
23:51:43       1    0.00    0.00    0.00    0.00    0.00    0.00    0.00    0.00    0.00  100.00
23:51:43       2    2.15    0.00   31.18    0.00    0.00    3.23    0.00    0.00    0.00   63.44
23:51:43       3    1.09    0.00   31.52    0.00    0.00    3.26    0.00    0.00    0.00   64.13

23:51:43     CPU    %usr   %nice    %sys %iowait    %irq   %soft  %steal  %guest  %gnice   %idle
23:51:44     all    0.78    0.00   34.46    0.00    0.00    8.09    0.00    0.00    0.00   56.66
23:51:44       0    1.00    0.00   72.00    0.00    0.00   27.00    0.00    0.00    0.00    0.00
23:51:44       1    1.00    0.00    0.00    0.00    0.00    0.00    0.00    0.00    0.00   99.00
23:51:44       2    0.00    0.00   32.97    0.00    0.00    2.20    0.00    0.00    0.00   64.84
23:51:44       3    1.09    0.00   32.61    0.00    0.00    2.17    0.00    0.00    0.00   64.13

23:51:44     CPU    %usr   %nice    %sys %iowait    %irq   %soft  %steal  %guest  %gnice   %idle
23:51:45     all    1.04    0.00   34.90    0.26    0.00    7.81    0.00    0.00    0.00   55.99
23:51:45       0    1.98    0.00   73.27    0.00    0.00   24.75    0.00    0.00    0.00    0.00
23:51:45       1    0.00    0.00    0.00    0.00    0.00    0.00    0.00    0.00    0.00  100.00
23:51:45       2    1.08    0.00   32.26    0.00    0.00    3.23    0.00    0.00    0.00   63.44
23:51:45       3    1.09    0.00   32.61    1.09    0.00    2.17    0.00    0.00    0.00   63.04

23:51:45     CPU    %usr   %nice    %sys %iowait    %irq   %soft  %steal  %guest  %gnice   %idle
23:51:46     all    0.52    0.00   34.82    0.00    0.00    7.59    0.00    0.00    0.00   57.07
23:51:46       0    1.01    0.00   74.75    0.00    0.00   24.24    0.00    0.00    0.00    0.00
23:51:46       1    0.00    0.00    0.00    0.00    0.00    0.00    0.00    0.00    0.00  100.00
23:51:46       2    1.09    0.00   32.61    0.00    0.00    2.17    0.00    0.00    0.00   64.13
23:51:46       3    0.00    0.00   31.87    0.00    0.00    3.30    0.00    0.00    0.00   64.84

23:51:46     CPU    %usr   %nice    %sys %iowait    %irq   %soft  %steal  %guest  %gnice   %idle
23:51:47     all    1.82    0.00   35.32    0.00    0.00    7.27    0.00    0.00    0.00   55.58
23:51:47       0    2.00    0.00   73.00    0.00    0.00   25.00    0.00    0.00    0.00    0.00
23:51:47       1    2.02    0.00    0.00    0.00    0.00    0.00    0.00    0.00    0.00   97.98
23:51:47       2    2.13    0.00   34.04    0.00    0.00    2.13    0.00    0.00    0.00   61.70
23:51:47       3    1.09    0.00   33.70    0.00    0.00    1.09    0.00    0.00    0.00   64.13

23:51:47     CPU    %usr   %nice    %sys %iowait    %irq   %soft  %steal  %guest  %gnice   %idle
23:51:48     all    1.04    0.00   34.81    0.00    0.00    8.05    0.00    0.00    0.00   56.10
23:51:48       0    0.99    0.00   72.28    0.00    0.00   26.73    0.00    0.00    0.00    0.00
23:51:48       1    1.00    0.00    0.00    0.00    0.00    0.00    0.00    0.00    0.00   99.00
23:51:48       2    1.09    0.00   32.61    0.00    0.00    2.17    0.00    0.00    0.00   64.13
23:51:48       3    1.09    0.00   33.70    0.00    0.00    2.17    0.00    0.00    0.00   63.04

23:51:48     CPU    %usr   %nice    %sys %iowait    %irq   %soft  %steal  %guest  %gnice   %idle
23:51:49     all    0.79    0.00   34.65    0.00    0.00    8.14    0.00    0.00    0.00   56.43
23:51:49       0    1.00    0.00   73.00    0.00    0.00   26.00    0.00    0.00    0.00    0.00
23:51:49       1    0.00    0.00    0.00    0.00    0.00    0.00    0.00    0.00    0.00  100.00
23:51:49       2    1.11    0.00   32.22    0.00    0.00    2.22    0.00    0.00    0.00   64.44
23:51:49       3    1.08    0.00   32.26    0.00    0.00    3.23    0.00    0.00    0.00   63.44

23:51:49     CPU    %usr   %nice    %sys %iowait    %irq   %soft  %steal  %guest  %gnice   %idle
23:51:50     all    1.54    0.00   34.96    0.00    0.00    7.71    0.00    0.00    0.00   55.78
23:51:50       0    2.00    0.00   74.00    0.00    0.00   24.00    0.00    0.00    0.00    0.00
23:51:50       1    0.99    0.00    0.99    0.00    0.00    0.00    0.00    0.00    0.00   98.02
23:51:50       2    1.06    0.00   32.98    0.00    0.00    3.19    0.00    0.00    0.00   62.77
23:51:50       3    2.13    0.00   31.91    0.00    0.00    3.19    0.00    0.00    0.00   62.77

23:51:50     CPU    %usr   %nice    %sys %iowait    %irq   %soft  %steal  %guest  %gnice   %idle
23:51:51     all    0.53    0.00   35.26    0.00    0.00    6.84    0.00    0.00    0.00   57.37
23:51:51       0    1.00    0.00   75.00    0.00    0.00   24.00    0.00    0.00    0.00    0.00
23:51:51       1    0.00    0.00    0.00    0.00    0.00    0.00    0.00    0.00    0.00  100.00
23:51:51       2    0.00    0.00   33.33    0.00    0.00    1.11    0.00    0.00    0.00   65.56
23:51:51       3    1.11    0.00   32.22    0.00    0.00    1.11    0.00    0.00    0.00   65.56

23:51:51     CPU    %usr   %nice    %sys %iowait    %irq   %soft  %steal  %guest  %gnice   %idle
23:51:52     all    1.30    0.00   34.64    0.00    0.00    7.81    0.00    0.00    0.00   56.25
23:51:52       0    2.02    0.00   71.72    0.00    0.00   26.26    0.00    0.00    0.00    0.00
23:51:52       1    0.00    0.00    0.00    0.00    0.00    0.00    0.00    0.00    0.00  100.00
23:51:52       2    2.11    0.00   33.68    0.00    0.00    2.11    0.00    0.00    0.00   62.11
23:51:52       3    1.09    0.00   32.61    0.00    0.00    2.17    0.00    0.00    0.00   64.13

23:51:52     CPU    %usr   %nice    %sys %iowait    %irq   %soft  %steal  %guest  %gnice   %idle
23:51:53     all    0.78    0.00   35.25    0.00    0.00    7.31    0.00    0.00    0.00   56.66
23:51:53       0    1.98    0.00   74.26    0.00    0.00   23.76    0.00    0.00    0.00    0.00
23:51:53       1    0.00    0.00    0.00    0.00    0.00    0.00    0.00    0.00    0.00  100.00
23:51:53       2    1.09    0.00   32.61    0.00    0.00    2.17    0.00    0.00    0.00   64.13
23:51:53       3    0.00    0.00   33.33    0.00    0.00    2.22    0.00    0.00    0.00   64.44

23:51:53     CPU    %usr   %nice    %sys %iowait    %irq   %soft  %steal  %guest  %gnice   %idle
23:51:54     all    0.52    0.00   33.94    0.00    0.00    8.88    0.00    0.00    0.00   56.66
23:51:54       0    1.00    0.00   71.00    0.00    0.00   28.00    0.00    0.00    0.00    0.00
23:51:54       1    0.00    0.00    0.00    0.00    0.00    0.00    0.00    0.00    0.00  100.00
23:51:54       2    0.00    0.00   32.61    0.00    0.00    3.26    0.00    0.00    0.00   64.13
23:51:54       3    1.09    0.00   31.52    0.00    0.00    3.26    0.00    0.00    0.00   64.13

23:51:54     CPU    %usr   %nice    %sys %iowait    %irq   %soft  %steal  %guest  %gnice   %idle
23:51:55     all    1.55    0.00   34.46    0.00    0.00    7.77    0.00    0.00    0.00   56.22
23:51:55       0    2.00    0.00   74.00    0.00    0.00   24.00    0.00    0.00    0.00    0.00
23:51:55       1    1.00    0.00    0.00    0.00    0.00    0.00    0.00    0.00    0.00   99.00
23:51:55       2    2.17    0.00   30.43    0.00    0.00    3.26    0.00    0.00    0.00   64.13
23:51:55       3    1.06    0.00   32.98    0.00    0.00    3.19    0.00    0.00    0.00   62.77

23:51:55     CPU    %usr   %nice    %sys %iowait    %irq   %soft  %steal  %guest  %gnice   %idle
23:51:56     all    0.78    0.00   35.25    0.00    0.00    7.31    0.00    0.00    0.00   56.66
23:51:56       0    1.00    0.00   75.00    0.00    0.00   24.00    0.00    0.00    0.00    0.00
23:51:56       1    0.00    0.00    0.00    0.00    0.00    0.00    0.00    0.00    0.00  100.00
23:51:56       2    1.10    0.00   32.97    0.00    0.00    2.20    0.00    0.00    0.00   63.74
23:51:56       3    1.08    0.00   32.26    0.00    0.00    2.15    0.00    0.00    0.00   64.52

23:51:56     CPU    %usr   %nice    %sys %iowait    %irq   %soft  %steal  %guest  %gnice   %idle
23:51:57     all    1.04    0.00   34.46    0.00    0.00    7.77    0.00    0.00    0.00   56.74
23:51:57       0    2.00    0.00   73.00    0.00    0.00   25.00    0.00    0.00    0.00    0.00
23:51:57       1    0.00    0.00    0.00    0.00    0.00    0.00    0.00    0.00    0.00  100.00
23:51:57       2    1.06    0.00   32.98    0.00    0.00    2.13    0.00    0.00    0.00   63.83
23:51:57       3    1.09    0.00   31.52    0.00    0.00    3.26    0.00    0.00    0.00   64.13

23:51:57     CPU    %usr   %nice    %sys %iowait    %irq   %soft  %steal  %guest  %gnice   %idle
23:51:58     all    0.79    0.00   35.08    0.00    0.00    7.59    0.00    0.00    0.00   56.54
23:51:58       0    1.01    0.00   73.74    0.00    0.00   25.25    0.00    0.00    0.00    0.00
23:51:58       1    0.00    0.00    0.00    0.00    0.00    0.00    0.00    0.00    0.00  100.00
23:51:58       2    1.11    0.00   32.22    0.00    0.00    2.22    0.00    0.00    0.00   64.44
23:51:58       3    1.06    0.00   34.04    0.00    0.00    2.13    0.00    0.00    0.00   62.77
