Linux 7.0.0-31-generic (ubuntu) 	09/10/26 	_aarch64_	(4 CPU)

23:52:40     CPU    %usr   %nice    %sys %iowait    %irq   %soft  %steal  %guest  %gnice   %idle
23:52:41     all    1.05    0.00   35.70    0.00    0.00    6.82    0.00    0.00    0.00   56.43
23:52:41       0    1.01    0.00   75.76    0.00    0.00   23.23    0.00    0.00    0.00    0.00
23:52:41       1    1.00    0.00    0.00    0.00    0.00    0.00    0.00    0.00    0.00   99.00
23:52:41       2    1.09    0.00   33.70    0.00    0.00    2.17    0.00    0.00    0.00   63.04
23:52:41       3    1.11    0.00   33.33    0.00    0.00    1.11    0.00    0.00    0.00   64.44

23:52:41     CPU    %usr   %nice    %sys %iowait    %irq   %soft  %steal  %guest  %gnice   %idle
23:52:42     all    1.05    0.00   35.43    0.00    0.00    7.09    0.00    0.00    0.00   56.43
23:52:42       0    2.00    0.00   74.00    0.00    0.00   24.00    0.00    0.00    0.00    0.00
23:52:42       1    0.00    0.00    0.00    0.00    0.00    0.00    0.00    0.00    0.00  100.00
23:52:42       2    1.09    0.00   34.78    0.00    0.00    1.09    0.00    0.00    0.00   63.04
23:52:42       3    1.10    0.00   31.87    0.00    0.00    2.20    0.00    0.00    0.00   64.84

23:52:42     CPU    %usr   %nice    %sys %iowait    %irq   %soft  %steal  %guest  %gnice   %idle
23:52:43     all    1.05    0.00   34.55    0.00    0.00    8.12    0.00    0.00    0.00   56.28
23:52:43       0    1.98    0.00   72.28    0.00    0.00   25.74    0.00    0.00    0.00    0.00
23:52:43       1    1.00    0.00    0.00    0.00    0.00    0.00    0.00    0.00    0.00   99.00
23:52:43       2    1.09    0.00   33.70    0.00    0.00    2.17    0.00    0.00    0.00   63.04
23:52:43       3    0.00    0.00   31.46    0.00    0.00    3.37    0.00    0.00    0.00   65.17

23:52:43     CPU    %usr   %nice    %sys %iowait    %irq   %soft  %steal  %guest  %gnice   %idle
23:52:44     all    1.31    0.00   34.82    0.00    0.00    7.59    0.00    0.00    0.00   56.28
23:52:44       0    1.02    0.00   73.47    0.00    0.00   25.51    0.00    0.00    0.00    0.00
23:52:44       1    0.00    0.00    0.00    0.00    0.00    0.00    0.00    0.00    0.00  100.00
23:52:44       2    2.15    0.00   33.33    0.00    0.00    2.15    0.00    0.00    0.00   62.37
23:52:44       3    2.15    0.00   32.26    0.00    0.00    2.15    0.00    0.00    0.00   63.44

23:52:44     CPU    %usr   %nice    %sys %iowait    %irq   %soft  %steal  %guest  %gnice   %idle
23:52:45     all    0.79    0.00   35.43    0.00    0.00    7.09    0.00    0.00    0.00   56.69
23:52:45       0    1.98    0.00   74.26    0.00    0.00   23.76    0.00    0.00    0.00    0.00
23:52:45       1    0.00    0.00    0.00    0.00    0.00    0.00    0.00    0.00    0.00  100.00
23:52:45       2    0.00    0.00   33.70    0.00    0.00    2.17    0.00    0.00    0.00   64.13
23:52:45       3    1.12    0.00   32.58    0.00    0.00    1.12    0.00    0.00    0.00   65.17

23:52:45     CPU    %usr   %nice    %sys %iowait    %irq   %soft  %steal  %guest  %gnice   %idle
23:52:46     all    1.04    0.00   35.51    0.00    0.00    7.57    0.00    0.00    0.00   55.87
23:52:46       0    1.98    0.00   74.26    0.00    0.00   23.76    0.00    0.00    0.00    0.00
23:52:46       1    1.01    0.00    0.00    0.00    0.00    0.00    0.00    0.00    0.00   98.99
23:52:46       2    1.09    0.00   33.70    0.00    0.00    2.17    0.00    0.00    0.00   63.04
23:52:46       3    0.00    0.00   32.97    0.00    0.00    3.30    0.00    0.00    0.00   63.74

23:52:46     CPU    %usr   %nice    %sys %iowait    %irq   %soft  %steal  %guest  %gnice   %idle
23:52:47     all    1.31    0.00   34.46    0.00    0.00    7.83    0.00    0.00    0.00   56.40
23:52:47       0    1.00    0.00   73.00    0.00    0.00   26.00    0.00    0.00    0.00    0.00
23:52:47       1    0.00    0.00    0.00    0.00    0.00    0.00    0.00    0.00    0.00  100.00
23:52:47       2    1.09    0.00   31.52    0.00    0.00    3.26    0.00    0.00    0.00   64.13
23:52:47       3    3.26    0.00   32.61    0.00    0.00    1.09    0.00    0.00    0.00   63.04

23:52:47     CPU    %usr   %nice    %sys %iowait    %irq   %soft  %steal  %guest  %gnice   %idle
23:52:48     all    1.58    0.00   34.47    0.00    0.00    7.63    0.00    0.00    0.00   56.32
23:52:48       0    2.02    0.00   71.72    0.00    0.00   26.26    0.00    0.00    0.00    0.00
23:52:48       1    1.01    0.00    0.00    0.00    0.00    0.00    0.00    0.00    0.00   98.99
23:52:48       2    2.20    0.00   32.97    0.00    0.00    1.10    0.00    0.00    0.00   63.74
23:52:48       3    1.10    0.00   32.97    0.00    0.00    2.20    0.00    0.00    0.00   63.74

23:52:48     CPU    %usr   %nice    %sys %iowait    %irq   %soft  %steal  %guest  %gnice   %idle
23:52:49     all    1.04    0.26   35.25    0.00    0.00    7.83    0.00    0.00    0.00   55.61
23:52:49       0    0.99    0.00   73.27    0.00    0.00   25.74    0.00    0.00    0.00    0.00
23:52:49       1    1.01    0.00    1.01    0.00    0.00    0.00    0.00    0.00    0.00   97.98
23:52:49       2    1.09    1.09   32.61    0.00    0.00    2.17    0.00    0.00    0.00   63.04
23:52:49       3    1.10    0.00   32.97    0.00    0.00    2.20    0.00    0.00    0.00   63.74

23:52:49     CPU    %usr   %nice    %sys %iowait    %irq   %soft  %steal  %guest  %gnice   %idle
23:52:50     all    0.79    0.00   34.74    0.00    0.00    7.63    0.00    0.00    0.00   56.84
23:52:50       0    1.01    0.00   72.73    0.00    0.00   26.26    0.00    0.00    0.00    0.00
23:52:50       1    0.00    0.00    0.00    0.00    0.00    0.00    0.00    0.00    0.00  100.00
23:52:50       2    1.09    0.00   33.70    0.00    0.00    2.17    0.00    0.00    0.00   63.04
23:52:50       3    1.11    0.00   32.22    0.00    0.00    1.11    0.00    0.00    0.00   65.56

23:52:50     CPU    %usr   %nice    %sys %iowait    %irq   %soft  %steal  %guest  %gnice   %idle
23:52:51     all    1.04    0.00   34.99    0.00    0.00    7.83    0.00    0.00    0.00   56.14
23:52:51       0    2.00    0.00   73.00    0.00    0.00   25.00    0.00    0.00    0.00    0.00
23:52:51       1    0.00    0.00    0.00    0.00    0.00    0.00    0.00    0.00    0.00  100.00
23:52:51       2    1.06    0.00   32.98    0.00    0.00    3.19    0.00    0.00    0.00   62.77
23:52:51       3    1.10    0.00   32.97    0.00    0.00    2.20    0.00    0.00    0.00   63.74

23:52:51     CPU    %usr   %nice    %sys %iowait    %irq   %soft  %steal  %guest  %gnice   %idle
23:52:52     all    1.29    0.00   35.66    0.00    0.00    7.49    0.00    0.00    0.00   55.56
23:52:52       0    2.00    0.00   74.00    0.00    0.00   24.00    0.00    0.00    0.00    0.00
23:52:52       1    1.00    0.00    1.00    0.00    0.00    0.00    0.00    0.00    0.00   98.00
23:52:52       2    1.06    0.00   34.04    0.00    0.00    3.19    0.00    0.00    0.00   61.70
23:52:52       3    1.08    0.00   33.33    0.00    0.00    2.15    0.00    0.00    0.00   63.44

23:52:52     CPU    %usr   %nice    %sys %iowait    %irq   %soft  %steal  %guest  %gnice   %idle
23:52:53     all    1.05    0.00   34.91    0.00    0.00    7.35    0.00    0.00    0.00   56.69
23:52:53       0    1.01    0.00   72.73    0.00    0.00   26.26    0.00    0.00    0.00    0.00
23:52:53       1    1.00    0.00    0.00    0.00    0.00    0.00    0.00    0.00    0.00   99.00
23:52:53       2    1.10    0.00   32.97    0.00    0.00    1.10    0.00    0.00    0.00   64.84
23:52:53       3    1.10    0.00   34.07    0.00    0.00    1.10    0.00    0.00    0.00   63.74

23:52:53     CPU    %usr   %nice    %sys %iowait    %irq   %soft  %steal  %guest  %gnice   %idle
23:52:54     all    1.04    0.00   35.49    0.00    0.00    8.03    0.00    0.00    0.00   55.44
23:52:54       0    1.00    0.00   74.00    0.00    0.00   25.00    0.00    0.00    0.00    0.00
23:52:54       1    1.01    0.00    0.00    0.00    0.00    0.00    0.00    0.00    0.00   98.99
23:52:54       2    1.05    0.00   34.74    0.00    0.00    3.16    0.00    0.00    0.00   61.05
23:52:54       3    1.09    0.00   32.61    0.00    0.00    3.26    0.00    0.00    0.00   63.04

23:52:54     CPU    %usr   %nice    %sys %iowait    %irq   %soft  %steal  %guest  %gnice   %idle
23:52:55     all    1.05    0.00   34.74    0.00    0.00    7.63    0.00    0.00    0.00   56.58
23:52:55       0    1.98    0.00   72.28    0.00    0.00   25.74    0.00    0.00    0.00    0.00
23:52:55       1    1.01    0.00    0.00    0.00    0.00    0.00    0.00    0.00    0.00   98.99
23:52:55       2    1.10    0.00   34.07    0.00    0.00    1.10    0.00    0.00    0.00   63.74
23:52:55       3    0.00    0.00   31.46    0.00    0.00    2.25    0.00    0.00    0.00   66.29

23:52:55     CPU    %usr   %nice    %sys %iowait    %irq   %soft  %steal  %guest  %gnice   %idle
23:52:56     all    1.06    0.00   35.36    0.00    0.00    7.39    0.00    0.00    0.00   56.20
23:52:56       0    1.01    0.00   74.75    0.00    0.00   24.24    0.00    0.00    0.00    0.00
23:52:56       1    1.02    0.00    0.00    0.00    0.00    0.00    0.00    0.00    0.00   98.98
23:52:56       2    1.09    0.00   33.70    0.00    0.00    2.17    0.00    0.00    0.00   63.04
23:52:56       3    1.11    0.00   32.22    0.00    0.00    2.22    0.00    0.00    0.00   64.44

23:52:56     CPU    %usr   %nice    %sys %iowait    %irq   %soft  %steal  %guest  %gnice   %idle
23:52:57     all    1.05    0.00   34.29    0.00    0.00    8.38    0.00    0.00    0.00   56.28
23:52:57       0    1.98    0.00   71.29    0.00    0.00   26.73    0.00    0.00    0.00    0.00
23:52:57       1    0.00    0.00    0.00    0.00    0.00    0.00    0.00    0.00    0.00  100.00
23:52:57       2    1.09    0.00   32.61    0.00    0.00    3.26    0.00    0.00    0.00   63.04
23:52:57       3    1.11    0.00   32.22    0.00    0.00    2.22    0.00    0.00    0.00   64.44

23:52:57     CPU    %usr   %nice    %sys %iowait    %irq   %soft  %steal  %guest  %gnice   %idle
23:52:58     all    1.83    0.00   33.94    0.00    0.00    8.09    0.00    0.00    0.00   56.14
23:52:58       0    1.00    0.00   72.00    0.00    0.00   27.00    0.00    0.00    0.00    0.00
23:52:58       1    1.00    0.00    0.00    0.00    0.00    0.00    0.00    0.00    0.00   99.00
23:52:58       2    1.11    0.00   31.11    0.00    0.00    2.22    0.00    0.00    0.00   65.56
23:52:58       3    4.30    0.00   32.26    0.00    0.00    2.15    0.00    0.00    0.00   61.29
