Linux 7.0.0-31-generic (ubuntu) 	09/10/26 	_aarch64_	(4 CPU)

23:49:37     CPU    %usr   %nice    %sys %iowait    %irq   %soft  %steal  %guest  %gnice   %idle
23:49:38     all    0.78    0.00   33.94    0.00    0.00    7.83    0.00    0.00    0.00   57.44
23:49:38       0    0.99    0.00   72.28    0.00    0.00   25.74    0.00    0.00    0.00    0.99
23:49:38       1    0.00    0.00    0.00    0.00    0.00    0.00    0.00    0.00    0.00  100.00
23:49:38       2    1.22    0.00   69.51    0.00    0.00    4.88    0.00    0.00    0.00   24.39
23:49:38       3    1.00    0.00    0.00    0.00    0.00    0.00    0.00    0.00    0.00   99.00

23:49:38     CPU    %usr   %nice    %sys %iowait    %irq   %soft  %steal  %guest  %gnice   %idle
23:49:39     all    1.04    0.00   34.11    0.00    0.00    8.33    0.00    0.00    0.00   56.51
23:49:39       0    1.01    0.00   72.73    0.00    0.00   26.26    0.00    0.00    0.00    0.00
23:49:39       1    1.00    0.00    0.00    0.00    0.00    0.00    0.00    0.00    0.00   99.00
23:49:39       2    2.33    0.00   68.60    0.00    0.00    6.98    0.00    0.00    0.00   22.09
23:49:39       3    0.00    0.00    0.00    0.00    0.00    0.00    0.00    0.00    0.00  100.00

23:49:39     CPU    %usr   %nice    %sys %iowait    %irq   %soft  %steal  %guest  %gnice   %idle
23:49:40     all    1.04    0.00   34.55    0.00    0.00    7.79    0.00    0.00    0.00   56.62
23:49:40       0    1.00    0.00   73.00    0.00    0.00   26.00    0.00    0.00    0.00    0.00
23:49:40       1    1.00    0.00    0.00    0.00    0.00    0.00    0.00    0.00    0.00   99.00
23:49:40       2    2.35    0.00   70.59    0.00    0.00    4.71    0.00    0.00    0.00   22.35
23:49:40       3    0.00    0.00    0.00    0.00    0.00    0.00    0.00    0.00    0.00  100.00

23:49:40     CPU    %usr   %nice    %sys %iowait    %irq   %soft  %steal  %guest  %gnice   %idle
23:49:41     all    0.78    0.00   34.20    0.00    0.00    7.83    0.00    0.00    0.00   57.18
23:49:41       0    1.98    0.00   72.28    0.00    0.00   25.74    0.00    0.00    0.00    0.00
23:49:41       1    0.00    0.00    1.00    0.00    0.00    0.00    0.00    0.00    0.00   99.00
23:49:41       2    1.22    0.00   69.51    0.00    0.00    4.88    0.00    0.00    0.00   24.39
23:49:41       3    0.00    0.00    0.00    0.00    0.00    0.00    0.00    0.00    0.00  100.00

23:49:41     CPU    %usr   %nice    %sys %iowait    %irq   %soft  %steal  %guest  %gnice   %idle
23:49:42     all    1.56    0.00   34.11    0.00    0.00    7.55    0.00    0.00    0.00   56.77
23:49:42       0    2.00    0.00   73.00    0.00    0.00   25.00    0.00    0.00    0.00    0.00
23:49:42       1    1.00    0.00    0.00    0.00    0.00    0.00    0.00    0.00    0.00   99.00
23:49:42       2    2.41    0.00   69.88    0.00    0.00    4.82    0.00    0.00    0.00   22.89
23:49:42       3    0.99    0.00    0.00    0.00    0.00    0.00    0.00    0.00    0.00   99.01

23:49:42     CPU    %usr   %nice    %sys %iowait    %irq   %soft  %steal  %guest  %gnice   %idle
23:49:43     all    1.04    0.00   34.38    0.00    0.00    7.81    0.00    0.00    0.00   56.77
23:49:43       0    2.00    0.00   72.00    0.00    0.00   26.00    0.00    0.00    0.00    0.00
23:49:43       1    0.00    0.00    0.00    0.00    0.00    0.00    0.00    0.00    0.00  100.00
23:49:43       2    2.35    0.00   70.59    0.00    0.00    4.71    0.00    0.00    0.00   22.35
23:49:43       3    0.00    0.00    0.00    0.00    0.00    0.00    0.00    0.00    0.00  100.00

23:49:43     CPU    %usr   %nice    %sys %iowait    %irq   %soft  %steal  %guest  %gnice   %idle
23:49:44     all    0.78    0.00   33.51    0.00    0.00    8.57    0.00    0.00    0.00   57.14
23:49:44       0    0.99    0.00   69.31    0.00    0.00   29.70    0.00    0.00    0.00    0.00
23:49:44       1    0.00    0.00    0.00    0.00    0.00    0.00    0.00    0.00    0.00  100.00
23:49:44       2    2.38    0.00   70.24    0.00    0.00    3.57    0.00    0.00    0.00   23.81
23:49:44       3    0.00    0.00    0.00    0.00    0.00    0.00    0.00    0.00    0.00  100.00

23:49:44     CPU    %usr   %nice    %sys %iowait    %irq   %soft  %steal  %guest  %gnice   %idle
23:49:45     all    1.05    0.00   33.60    0.00    0.00    8.14    0.00    0.00    0.00   57.22
23:49:45       0    2.02    0.00   69.70    0.00    0.00   28.28    0.00    0.00    0.00    0.00
23:49:45       1    0.00    0.00    0.00    0.00    0.00    0.00    0.00    0.00    0.00  100.00
23:49:45       2    2.41    0.00   71.08    0.00    0.00    3.61    0.00    0.00    0.00   22.89
23:49:45       3    0.00    0.00    0.00    0.00    0.00    0.00    0.00    0.00    0.00  100.00

23:49:45     CPU    %usr   %nice    %sys %iowait    %irq   %soft  %steal  %guest  %gnice   %idle
23:49:46     all    1.55    0.00   34.46    0.00    0.00    8.03    0.00    0.00    0.00   55.96
23:49:46       0    0.99    0.00   72.28    0.00    0.00   26.73    0.00    0.00    0.00    0.00
23:49:46       1    1.00    0.00    0.00    0.00    0.00    0.00    0.00    0.00    0.00   99.00
23:49:46       2    2.38    0.00   70.24    0.00    0.00    4.76    0.00    0.00    0.00   22.62
23:49:46       3    1.98    0.00    0.99    0.00    0.00    0.00    0.00    0.00    0.00   97.03

23:49:46     CPU    %usr   %nice    %sys %iowait    %irq   %soft  %steal  %guest  %gnice   %idle
23:49:47     all    1.30    0.00   34.20    0.00    0.00    7.77    0.00    0.00    0.00   56.74
23:49:47       0    1.98    0.00   71.29    0.00    0.00   26.73    0.00    0.00    0.00    0.00
23:49:47       1    0.00    0.00    0.00    0.00    0.00    0.00    0.00    0.00    0.00  100.00
23:49:47       2    2.35    0.00   70.59    0.00    0.00    3.53    0.00    0.00    0.00   23.53
23:49:47       3    1.00    0.00    0.00    0.00    0.00    0.00    0.00    0.00    0.00   99.00

23:49:47     CPU    %usr   %nice    %sys %iowait    %irq   %soft  %steal  %guest  %gnice   %idle
23:49:48     all    0.52    0.00   34.72    0.00    0.00    8.03    0.00    0.00    0.00   56.74
23:49:48       0    1.00    0.00   73.00    0.00    0.00   26.00    0.00    0.00    0.00    0.00
23:49:48       1    0.00    0.00    0.00    0.00    0.00    0.00    0.00    0.00    0.00  100.00
23:49:48       2    1.16    0.00   70.93    0.00    0.00    5.81    0.00    0.00    0.00   22.09
23:49:48       3    0.00    0.00    0.00    0.00    0.00    0.00    0.00    0.00    0.00  100.00

23:49:48     CPU    %usr   %nice    %sys %iowait    %irq   %soft  %steal  %guest  %gnice   %idle
23:49:49     all    0.78    0.00   34.64    0.00    0.00    7.81    0.00    0.00    0.00   56.77
23:49:49       0    1.00    0.00   74.00    0.00    0.00   25.00    0.00    0.00    0.00    0.00
23:49:49       1    0.00    0.00    0.00    0.00    0.00    0.00    0.00    0.00    0.00  100.00
23:49:49       2    2.35    0.00   69.41    0.00    0.00    5.88    0.00    0.00    0.00   22.35
23:49:49       3    0.00    0.00    0.00    0.00    0.00    0.00    0.00    0.00    0.00  100.00

23:49:49     CPU    %usr   %nice    %sys %iowait    %irq   %soft  %steal  %guest  %gnice   %idle
23:49:50     all    1.04    0.00   34.03    0.00    0.00    8.05    0.00    0.00    0.00   56.88
23:49:50       0    1.00    0.00   73.00    0.00    0.00   26.00    0.00    0.00    0.00    0.00
23:49:50       1    0.99    0.00    0.00    0.00    0.00    0.00    0.00    0.00    0.00   99.01
23:49:50       2    2.35    0.00   68.24    0.00    0.00    5.88    0.00    0.00    0.00   23.53
23:49:50       3    0.00    0.00    0.00    0.00    0.00    0.00    0.00    0.00    0.00  100.00

23:49:50     CPU    %usr   %nice    %sys %iowait    %irq   %soft  %steal  %guest  %gnice   %idle
23:49:51     all    2.84    0.00   34.88    0.00    0.00    7.75    0.00    0.00    0.00   54.52
23:49:51       0    1.98    0.00   72.28    0.00    0.00   25.74    0.00    0.00    0.00    0.00
23:49:51       1    1.01    0.00    1.01    0.00    0.00    0.00    0.00    0.00    0.00   97.98
23:49:51       2    2.33    0.00   70.93    0.00    0.00    4.65    0.00    0.00    0.00   22.09
23:49:51       3    5.94    0.00    0.00    0.00    0.00    0.00    0.00    0.00    0.00   94.06

23:49:51     CPU    %usr   %nice    %sys %iowait    %irq   %soft  %steal  %guest  %gnice   %idle
23:49:52     all    0.52    0.00   34.64    0.00    0.00    7.81    0.00    0.00    0.00   57.03
23:49:52       0    0.99    0.00   72.28    0.00    0.00   26.73    0.00    0.00    0.00    0.00
23:49:52       1    0.00    0.00    0.00    0.00    0.00    0.00    0.00    0.00    0.00  100.00
23:49:52       2    1.19    0.00   71.43    0.00    0.00    3.57    0.00    0.00    0.00   23.81
23:49:52       3    0.00    0.00    0.00    0.00    0.00    0.00    0.00    0.00    0.00  100.00

23:49:52     CPU    %usr   %nice    %sys %iowait    %irq   %soft  %steal  %guest  %gnice   %idle
23:49:53     all    0.52    0.00   34.88    0.00    0.00    8.01    0.00    0.00    0.00   56.59
23:49:53       0    1.00    0.00   72.00    0.00    0.00   27.00    0.00    0.00    0.00    0.00
23:49:53       1    0.00    0.00    0.00    0.00    0.00    0.00    0.00    0.00    0.00  100.00
23:49:53       2    1.15    0.00   72.41    0.00    0.00    4.60    0.00    0.00    0.00   21.84
23:49:53       3    0.00    0.00    0.00    0.00    0.00    0.00    0.00    0.00    0.00  100.00

23:49:53     CPU    %usr   %nice    %sys %iowait    %irq   %soft  %steal  %guest  %gnice   %idle
23:49:54     all    1.04    0.00   33.42    0.00    0.00    8.55    0.00    0.00    0.00   56.99
23:49:54       0    1.00    0.00   70.00    0.00    0.00   29.00    0.00    0.00    0.00    0.00
23:49:54       1    0.99    0.00    0.00    0.00    0.00    0.00    0.00    0.00    0.00   99.01
23:49:54       2    2.38    0.00   69.05    0.00    0.00    4.76    0.00    0.00    0.00   23.81
23:49:54       3    0.00    0.00    0.99    0.00    0.00    0.00    0.00    0.00    0.00   99.01

23:49:54     CPU    %usr   %nice    %sys %iowait    %irq   %soft  %steal  %guest  %gnice   %idle
23:49:55     all    1.04    0.00   32.90    0.00