Linux 7.0.0-31-generic (ubuntu) 	09/10/26 	_aarch64_	(4 CPU)

23:54:02     CPU    %usr   %nice    %sys %iowait    %irq   %soft  %steal  %guest  %gnice   %idle
23:54:03     all    0.78    0.00   34.64    0.00    0.00    7.81    0.00    0.00    0.00   56.77
23:54:03       0    1.01    0.00   73.74    0.00    0.00   25.25    0.00    0.00    0.00    0.00
23:54:03       1    0.00    0.00    0.00    0.00    0.00    0.00    0.00    0.00    0.00  100.00
23:54:03       2    2.33    0.00   69.77    0.00    0.00    5.81    0.00    0.00    0.00   22.09
23:54:03       3    0.00    0.00    0.00    0.00    0.00    0.00    0.00    0.00    0.00  100.00

23:54:03     CPU    %usr   %nice    %sys %iowait    %irq   %soft  %steal  %guest  %gnice   %idle
23:54:04     all    1.31    0.00   34.73    0.00    0.00    7.83    0.00    0.00    0.00   56.14
23:54:04       0    1.00    0.00   73.00    0.00    0.00   26.00    0.00    0.00    0.00    0.00
23:54:04       1    1.01    0.00    0.00    0.00    0.00    0.00    0.00    0.00    0.00   98.99
23:54:04       2    1.20    0.00   71.08    0.00    0.00    4.82    0.00    0.00    0.00   22.89
23:54:04       3    1.98    0.00    0.99    0.00    0.00    0.00    0.00    0.00    0.00   97.03

23:54:04     CPU    %usr   %nice    %sys %iowait    %irq   %soft  %steal  %guest  %gnice   %idle
23:54:05     all    1.04    0.00   35.49    0.00    0.00    6.99    0.00    0.00    0.00   56.48
23:54:05       0    1.00    0.00   77.00    0.00    0.00   22.00    0.00    0.00    0.00    0.00
23:54:05       1    1.00    0.00    0.00    0.00    0.00    0.00    0.00    0.00    0.00   99.00
23:54:05       2    2.30    0.00   68.97    0.00    0.00    5.75    0.00    0.00    0.00   22.99
23:54:05       3    0.00    0.00    0.00    0.00    0.00    0.00    0.00    0.00    0.00  100.00

23:54:05     CPU    %usr   %nice    %sys %iowait    %irq   %soft  %steal  %guest  %gnice   %idle
23:54:06     all    0.52    0.00   34.38    0.00    0.00    7.87    0.00    0.00    0.00   57.22
23:54:06       0    1.00    0.00   74.00    0.00    0.00   25.00    0.00    0.00    0.00    0.00
23:54:06       1    0.00    0.00    0.00    0.00    0.00    0.00    0.00    0.00    0.00  100.00
23:54:06       2    1.22    0.00   69.51    0.00    0.00    6.10    0.00    0.00    0.00   23.17
23:54:06       3    0.00    0.00    0.00    0.00    0.00    0.00    0.00    0.00    0.00  100.00

23:54:06     CPU    %usr   %nice    %sys %iowait    %irq   %soft  %steal  %guest  %gnice   %idle
23:54:07     all    1.04    0.00   33.33    0.00    0.00    8.85    0.00    0.00    0.00   56.77
23:54:07       0    1.00    0.00   70.00    0.00    0.00   29.00    0.00    0.00    0.00    0.00
23:54:07       1    0.00    0.00    0.00    0.00    0.00    0.00    0.00    0.00    0.00  100.00
23:54:07       2    2.38    0.00   69.05    0.00    0.00    5.95    0.00    0.00    0.00   22.62
23:54:07       3    1.00    0.00    0.00    0.00    0.00    0.00    0.00    0.00    0.00   99.00

23:54:07     CPU    %usr   %nice    %sys %iowait    %irq   %soft  %steal  %guest  %gnice   %idle
23:54:08     all    0.52    0.00   34.64    0.00    0.00    8.07    0.00    0.00    0.00   56.77
23:54:08       0    0.99    0.00   72.28    0.00    0.00   26.73    0.00    0.00    0.00    0.00
23:54:08       1    0.00    0.00    0.00    0.00    0.00    0.00    0.00    0.00    0.00  100.00
23:54:08       2    1.19    0.00   71.43    0.00    0.00    4.76    0.00    0.00    0.00   22.62
23:54:08       3    0.00    0.00    0.00    0.00    0.00    0.00    0.00    0.00    0.00  100.00

23:54:08     CPU    %usr   %nice    %sys %iowait    %irq   %soft  %steal  %guest  %gnice   %idle
23:54:09     all    0.52    0.00   34.12    0.00    0.00    8.14    0.00    0.00    0.00   57.22
23:54:09       0    1.01    0.00   71.72    0.00    0.00   27.27    0.00    0.00    0.00    0.00
23:54:09       1    0.00    0.00    0.00    0.00    0.00    0.00    0.00    0.00    0.00  100.00
23:54:09       2    1.20    0.00   71.08    0.00    0.00    4.82    0.00    0.00    0.00   22.89
23:54:09       3    0.00    0.00    0.00    0.00    0.00    0.00    0.00    0.00    0.00  100.00

23:54:09     CPU    %usr   %nice    %sys %iowait    %irq   %soft  %steal  %guest  %gnice   %idle
23:54:10     all    2.07    0.00   33.68    0.00    0.00    8.55    0.00    0.00    0.00   55.70
23:54:10       0    0.98    0.00   70.59    0.00    0.00   28.43    0.00    0.00    0.00    0.00
23:54:10       1    3.96    0.00    0.99    0.00    0.00    0.00    0.00    0.00    0.00   95.05
23:54:10       2    2.41    0.00   68.67    0.00    0.00    4.82    0.00    0.00    0.00   24.10
23:54:10       3    1.00    0.00    0.00    0.00    0.00    0.00    0.00    0.00    0.00   99.00

23:54:10     CPU    %usr   %nice    %sys %iowait    %irq   %soft  %steal  %guest  %gnice   %idle
23:54:11     all    2.10    0.00   34.12    0.00    0.00    7.87    0.00    0.00    0.00   55.91
23:54:11       0    2.00    0.00   72.00    0.00    0.00   26.00    0.00    0.00    0.00    0.00
23:54:11       1    3.00    0.00    0.00    0.00    0.00    0.00    0.00    0.00    0.00   97.00
23:54:11       2    1.25    0.00   71.25    0.00    0.00    5.00    0.00    0.00    0.00   22.50
23:54:11       3    1.98    0.00    0.99    0.00    0.00    0.00    0.00    0.00    0.00   97.03

23:54:11     CPU    %usr   %nice    %sys %iowait    %irq   %soft  %steal  %guest  %gnice   %idle
23:54:12     all    0.78    0.00   34.46    0.00    0.00    8.29    0.00    0.00    0.00   56.48
23:54:12       0    1.00    0.00   72.00    0.00    0.00   27.00    0.00    0.00    0.00    0.00
23:54:12       1    0.00    0.00    0.00    0.00    0.00    0.00    0.00    0.00    0.00  100.00
23:54:12       2    2.30    0.00   70.11    0.00    0.00    5.75    0.00    0.00    0.00   21.84
23:54:12       3    0.00    0.00    0.00    0.00    0.00    0.00    0.00    0.00    0.00  100.00

23:54:12     CPU    %usr   %nice    %sys %iowait    %irq   %soft  %steal  %guest  %gnice   %idle
23:54:13     all    1.04    0.00   34.46    0.00    0.00    7.51    0.00    0.00    0.00   56.99
23:54:13       0    2.00    0.00   73.00    0.00    0.00   25.00    0.00    0.00    0.00    0.00
23:54:13       1    0.00    0.00    0.00    0.00    0.00    0.00    0.00    0.00    0.00  100.00
23:54:13       2    2.35    0.00   70.59    0.00    0.00    4.71    0.00    0.00    0.00   22.35
23:54:13       3    0.00    0.00    0.00    0.00    0.00    0.00    0.00    0.00    0.00  100.00

23:54:13     CPU    %usr   %nice    %sys %iowait    %irq   %soft  %steal  %guest  %gnice   %idle
23:54:14     all    1.55    0.00   34.88    0.00    0.00    7.49    0.00    0.00    0.00   56.07
23:54:14       0    2.00    0.00   73.00    0.00    0.00   25.00    0.00    0.00    0.00    0.00
23:54:14       1    1.00    0.00    0.00    0.00    0.00    0.00    0.00    0.00    0.00   99.00
23:54:14       2    3.41    0.00   70.45    0.00    0.00    4.55    0.00    0.00    0.00   21.59
23:54:14       3    0.00    0.00    0.00    0.00    0.00    0.00    0.00    0.00    0.00  100.00

23:54:14     CPU    %usr   %nice    %sys %iowait    %irq   %soft  %steal  %guest  %gnice   %idle
23:54:15     all    0.52    0.00   34.72    0.00    0.00    8.03    0.00    0.00    0.00   56.74
23:54:15       0    0.99    0.00   73.27    0.00    0.00   25.74    0.00    0.00    0.00    0.00
23:54:15       1    0.00    0.00    0.00    0.00    0.00    0.00    0.00    0.00    0.00  100.00
23:54:15       2    1.18    0.00   70.59    0.00    0.00    5.88    0.00    0.00    0.00   22.35
23:54:15       3    0.00    0.00    0.00    0.00    0.00    0.00    0.00    0.00    0.00  100.00

23:54:15     CPU    %usr   %nice    %sys %iowait    %irq   %soft  %steal  %guest  %gnice   %idle
23:54:16     all    1.03    0.00   34.79    0.00    0.00    7.73    0.00    0.00    0.00   56.44
23:54:16       0    1.00    0.00   73.00    0.00    0.00   26.00    0.00    0.00    0.00    0.00
23:54:16       1    0.00    0.00    0.00    0.00    0.00    0.00    0.00    0.00    0.00  100.00
23:54:16       2    2.30    0.00   71.26    0.00    0.00    4.60    0.00    0.00    0.00   21.84
23:54:16       3    0.99    0.00    0.00    0.00    0.00    0.00    0.00    0.00    0.00   99.01

23:54:16     CPU    %usr   %nice    %sys %iowait    %irq   %soft  %steal  %guest  %gnice   %idle
23:54:17     all    1.04    0.00   34.72    0.00    0.00    7.77    0.00    0.00    0.00   56.48
23:54:17       0    1.98    0.00   72.28    0.00    0.00   25.74    0.00    0.00    0.00    0.00
23:54:17       1    1.00    0.00    0.00    0.00    0.00    0.00    0.00    0.00    0.00   99.00
23:54:17       2    1.18    0.00   71.76    0.00    0.00    4.71    0.00    0.00    0.00   22.35
23:54:17       3    0.00    0.00    0.00    0.00    0.00    0.00    0.00    0.00    0.00  100.00

23:54:17     CPU    %usr   %nice    %sys %iowait    %irq   %soft  %steal  %guest  %gnice   %idle
23:54:18     all    1.04    0.00   34.20    0.00    0.00    7.83    0.00    0.00    0.00   56.92
23:54:18       0    1.01    0.00   72.73    0.00    0.00   26.26    0.00    0.00    0.00    0.00
23:54:18       1    0.00    0.00    0.00    0.00    0.00    0.00    0.00    0.00    0.00  100.00
23:54:18       2    3.53    0.00   69.41    0.00    0.00    4.71    0.00    0.00    0.00   22.35
23:54:18       3    0.00    0.00    0.00    0.00    0.00    0.00    0.00    0.00    0.00  100.00

23:54:18     CPU    %usr   %nice    %sys %iowait    %irq   %soft  %steal  %guest  %gnice   %idle
23:54:19     all    0.52    0.00   34.03    0.00    0.00    8.57    0.00    0.00    0.00   56.88
23:54:19       0    1.00    0.00   71.00    0.00    0.00   28.00    0.00    0.00    0.00    0.00
23:54:19       1    0.00    0.00    0.00    0.00    0.00    0.00    0.00    0.00    0.00  100.00
23:54:19       2    1.18    0.00   70.59    0.00    0.00    5.88    0.00    0.00    0.00   22.35
23:54:19       3    0.00    0.00    0.00    0.00    0.00    0.00    0.00    0.00    0.00  100.00

23:54:19     CPU    %usr   %nice    %sys %iowait    %irq   %soft  %steal  %guest  %gnice   %idle
23:54:20     all    1.03    0.00   33.85    0.00    0.00    7.49    0.00    0.00    0.00   57.62
23:54:20       0    1.94    0.00   69.90    0.00    0.00   24.27    0.00    0.00    0.00    3.88
23:54:20       1    0.00    0.00    0.00    0.00    0.00    0.00    0.00    0.00    0.00  100.00
23:54:20       2    2.33    0.00   68.60    0.00    0.00    4.65    0.00    0.00    0.00   24.42
23:54:20       3    0.00    0.00    0.00    0.00    0.00    0.00    0.00    0.00    0.00  100.00
