Linux 7.0.0-31-generic (ubuntu) 	09/10/26 	_aarch64_	(4 CPU)

23:46:33     CPU    %usr   %nice    %sys %iowait    %irq   %soft  %steal  %guest  %gnice   %idle
23:46:34     all    1.04    0.00   35.42    0.00    0.00    7.29    0.00    0.00    0.00   56.25
23:46:34       0    1.01    0.00   74.75    0.00    0.00   24.24    0.00    0.00    0.00    0.00
23:46:34       1    0.00    0.00    0.00    0.00    0.00    0.00    0.00    0.00    0.00  100.00
23:46:34       2    2.30    0.00   71.26    0.00    0.00    4.60    0.00    0.00    0.00   21.84
23:46:34       3    1.01    0.00    0.00    0.00    0.00    0.00    0.00    0.00    0.00   98.99

23:46:34     CPU    %usr   %nice    %sys %iowait    %irq   %soft  %steal  %guest  %gnice   %idle
23:46:35     all    1.05    0.00   34.29    0.00    0.00    7.85    0.00    0.00    0.00   56.81
23:46:35       0    1.00    0.00   72.00    0.00    0.00   27.00    0.00    0.00    0.00    0.00
23:46:35       1    1.01    0.00    0.00    0.00    0.00    0.00    0.00    0.00    0.00   98.99
23:46:35       2    2.41    0.00   71.08    0.00    0.00    3.61    0.00    0.00    0.00   22.89
23:46:35       3    0.00    0.00    0.00    0.00    0.00    0.00    0.00    0.00    0.00  100.00

23:46:35     CPU    %usr   %nice    %sys %iowait    %irq   %soft  %steal  %guest  %gnice   %idle
23:46:36     all    0.78    0.00   34.11    0.00    0.00    7.81    0.00    0.00    0.00   57.29
23:46:36       0    1.98    0.00   72.28    0.00    0.00   25.74    0.00    0.00    0.00    0.00
23:46:36       1    0.00    0.00    0.00    0.00    0.00    0.00    0.00    0.00    0.00  100.00
23:46:36       2    1.20    0.00   69.88    0.00    0.00    4.82    0.00    0.00    0.00   24.10
23:46:36       3    0.00    0.00    0.00    0.00    0.00    0.00    0.00    0.00    0.00  100.00

23:46:36     CPU    %usr   %nice    %sys %iowait    %irq   %soft  %steal  %guest  %gnice   %idle
23:46:37     all    0.78    0.00   33.85    0.00    0.00    8.59    0.00    0.00    0.00   56.77
23:46:37       0    1.00    0.00   72.00    0.00    0.00   27.00    0.00    0.00    0.00    0.00
23:46:37       1    0.00    0.00    0.99    0.00    0.00    0.00    0.00    0.00    0.00   99.01
23:46:37       2    2.38    0.00   67.86    0.00    0.00    7.14    0.00    0.00    0.00   22.62
23:46:37       3    0.00    0.00    0.00    0.00    0.00    0.00    0.00    0.00    0.00  100.00

23:46:37     CPU    %usr   %nice    %sys %iowait    %irq   %soft  %steal  %guest  %gnice   %idle
23:46:38     all    1.04    0.00   34.90    0.00    0.00    7.29    0.00    0.00    0.00   56.77
23:46:38       0    1.00    0.00   74.00    0.00    0.00   25.00    0.00    0.00    0.00    0.00
23:46:38       1    1.00    0.00    0.00    0.00    0.00    0.00    0.00    0.00    0.00   99.00
23:46:38       2    2.38    0.00   71.43    0.00    0.00    3.57    0.00    0.00    0.00   22.62
23:46:38       3    0.00    0.00    0.00    0.00    0.00    0.00    0.00    0.00    0.00  100.00

23:46:38     CPU    %usr   %nice    %sys %iowait    %irq   %soft  %steal  %guest  %gnice   %idle
23:46:39     all    1.28    0.00   35.38    0.00    0.00    7.18    0.00    0.00    0.00   56.15
23:46:39       0    1.98    0.00   74.26    0.00    0.00   23.76    0.00    0.00    0.00    0.00
23:46:39       1    0.00    0.00    0.00    0.00    0.00    0.00    0.00    0.00    0.00  100.00
23:46:39       2    2.27    0.00   71.59    0.00    0.00    4.55    0.00    0.00    0.00   21.59
23:46:39       3    0.99    0.00    0.00    0.00    0.00    0.00    0.00    0.00    0.00   99.01

23:46:39     CPU    %usr   %nice    %sys %iowait    %irq   %soft  %steal  %guest  %gnice   %idle
23:46:40     all    0.78    0.00   35.32    0.00    0.00    7.79    0.00    0.00    0.00   56.10
23:46:40       0    2.00    0.00   72.00    0.00    0.00   26.00    0.00    0.00    0.00    0.00
23:46:40       1    0.00    0.00    0.00    0.00    0.00    0.00    0.00    0.00    0.00  100.00
23:46:40       2    1.15    0.00   73.56    0.00    0.00    4.60    0.00    0.00    0.00   20.69
23:46:40       3    0.00    0.00    0.00    0.00    0.00    0.00    0.00    0.00    0.00  100.00

23:46:40     CPU    %usr   %nice    %sys %iowait    %irq   %soft  %steal  %guest  %gnice   %idle
23:46:41     all    1.04    0.00   34.46    0.00    0.00    7.83    0.00    0.00    0.00   56.66
23:46:41       0    0.00    0.00   74.00    0.00    0.00   26.00    0.00    0.00    0.00    0.00
23:46:41       1    1.00    0.00    0.00    0.00    0.00    0.00    0.00    0.00    0.00   99.00
23:46:41       2    2.41    0.00   69.88    0.00    0.00    4.82    0.00    0.00    0.00   22.89
23:46:41       3    1.00    0.00    0.00    0.00    0.00    0.00    0.00    0.00    0.00   99.00

23:46:41     CPU    %usr   %nice    %sys %iowait    %irq   %soft  %steal  %guest  %gnice   %idle
23:46:42     all    1.05    0.00   34.55    0.00    0.00    7.85    0.00    0.00    0.00   56.54
23:46:42       0    2.97    0.00   72.28    0.00    0.00   24.75    0.00    0.00    0.00    0.00
23:46:42       1    0.00    0.00    0.00    0.00    0.00    0.00    0.00    0.00    0.00  100.00
23:46:42       2    1.20    0.00   69.88    0.00    0.00    6.02    0.00    0.00    0.00   22.89
23:46:42       3    0.00    0.00    1.01    0.00    0.00    0.00    0.00    0.00    0.00   98.99

23:46:42     CPU    %usr   %nice    %sys %iowait    %irq   %soft  %steal  %guest  %gnice   %idle
23:46:43     all    0.78    0.00   33.94    0.00    0.00    8.36    0.00    0.00    0.00   56.92
23:46:43       0    1.01    0.00   71.72    0.00    0.00   27.27    0.00    0.00    0.00    0.00
23:46:43       1    0.99    0.00    0.99    0.00    0.00    0.00    0.00    0.00    0.00   98.02
23:46:43       2    1.20    0.00   69.88    0.00    0.00    6.02    0.00    0.00    0.00   22.89
23:46:43       3    0.00    0.00    0.00    0.00    0.00    0.00    0.00    0.00    0.00  100.00

23:46:43     CPU    %usr   %nice    %sys %iowait    %irq   %soft  %steal  %guest  %gnice   %idle
23:46:44     all    1.03    0.00   35.40    0.00    0.00    7.24    0.00    0.00    0.00   56.33
23:46:44       0    1.00    0.00   75.00    0.00    0.00   24.00    0.00    0.00    0.00    0.00
23:46:44       1    0.00    0.00    0.00    0.00    0.00    0.00    0.00    0.00    0.00  100.00
23:46:44       2    3.41    0.00   70.45    0.00    0.00    4.55    0.00    0.00    0.00   21.59
23:46:44       3    0.00    0.00    0.00    0.00    0.00    0.00    0.00    0.00    0.00  100.00

23:46:44     CPU    %usr   %nice    %sys %iowait    %irq   %soft  %steal  %guest  %gnice   %idle
23:46:45     all    1.29    0.00   35.48    0.26    0.00    6.94    0.00    0.00    0.00   56.04
23:46:45       0    1.98    0.00   75.25    0.00    0.00   22.77    0.00    0.00    0.00    0.00
23:46:45       1    1.00    0.00    0.00    0.00    0.00    0.00    0.00    0.00    0.00   99.00
23:46:45       2    2.30    0.00   71.26    0.00    0.00    4.60    0.00    0.00    0.00   21.84
23:46:45       3    0.00    0.00    0.00    0.99    0.00    0.00    0.00    0.00    0.00   99.01

23:46:45     CPU    %usr   %nice    %sys %iowait    %irq   %soft  %steal  %guest  %gnice   %idle
23:46:46     all    1.30    0.00   34.46    0.00    0.00    7.77    0.00    0.00    0.00   56.48
23:46:46       0    1.98    0.00   72.28    0.00    0.00   25.74    0.00    0.00    0.00    0.00
23:46:46       1    0.00    0.00    0.00    0.00    0.00    0.00    0.00    0.00    0.00  100.00
23:46:46       2    2.38    0.00   71.43    0.00    0.00    4.76    0.00    0.00    0.00   21.43
23:46:46       3    0.99    0.00    0.00    0.00    0.00    0.00    0.00    0.00    0.00   99.01

23:46:46     CPU    %usr   %nice    %sys %iowait    %irq   %soft  %steal  %guest  %gnice   %idle
23:46:47     all    0.79    0.00   35.70    0.00    0.00    7.09    0.00    0.00    0.00   56.43
23:46:47       0    1.01    0.00   74.75    0.00    0.00   24.24    0.00    0.00    0.00    0.00
23:46:47       1    1.01    0.00    0.00    0.00    0.00    0.00    0.00    0.00    0.00   98.99
23:46:47       2    1.19    0.00   72.62    0.00    0.00    3.57    0.00    0.00    0.00   22.62
23:46:47       3    0.00    0.00    1.01    0.00    0.00    0.00    0.00    0.00    0.00   98.99

23:46:47     CPU    %usr   %nice    %sys %iowait    %irq   %soft  %steal  %guest  %gnice   %idle
23:46:48     all    1.30    0.00   34.81    0.00    0.00    7.27    0.00    0.00    0.00   56.62
23:46:48       0    2.02    0.00   73.74    0.00    0.00   24.24    0.00    0.00    0.00    0.00
23:46:48       1    1.00    0.00    0.00    0.00    0.00    0.00    0.00    0.00    0.00   99.00
23:46:48       2    2.33    0.00   70.93    0.00    0.00    4.65    0.00    0.00    0.00   22.09
23:46:48       3    0.00    0.00    0.00    0.00    0.00    0.00    0.00    0.00    0.00  100.00

23:46:48     CPU    %usr   %nice    %sys %iowait    %irq   %soft  %steal  %guest  %gnice   %idle
23:46:49     all    1.04    0.00   35.06    0.00    0.00    7.79    0.00    0.00    0.00   56.10
23:46:49       0    1.98    0.00   73.27    0.00    0.00   24.75    0.00    0.00    0.00    0.00
23:46:49       1    0.00    0.00    0.00    0.00    0.00    0.00    0.00    0.00    0.00  100.00
23:46:49       2    2.33    0.00   70.93    0.00    0.00    5.81    0.00    0.00    0.00   20.93
23:46:49       3    0.00    0.00    0.00    0.00    0.00    0.00    0.00    0.00    0.00  100.00

23:46:49     CPU    %usr   %nice    %sys %iowait    %irq   %soft  %steal  %guest  %gnice   %idle
23:46:50     all    1.04    0.00   33.94    0.00    0.00    8.09    0.00    0.00    0.00   56.92
23:46:50       0    1.01    0.00   71.72    0.00    0.00   27.27    0.00    0.00    0.00    0.00
23:46:50       1    0.00    0.00    0.00    0.00    0.00    0.00    0.00    0.00    0.00  100.00
23:46:50       2    2.38    0.00   70.24    0.00    0.00    4.76    0.00    0.00    0.00   22.62
23:46:50       3    0.99    0.00    0.00    0.00    0.00    0.00    0.00    0.00    0.00   99.01

23:46:50     CPU    %usr   %nice    %sys %iowait    %irq   %soft  %steal  %guest  %gnice   %idle
23:46:51     all    0.78    0.00   33.94    0.00    0.00    7.51    0.00    0.00    0.00   57.77
23:46:51       0    1.98    0.00   70.30    0.00    0.00   25.74    0.00    0.00    0.00    1.98
23:46:51       1    0.00    0.00    0.00    0.00    0.00    0.00    0.00    0.00    0.00  100.00
23:46:51       2    1.18    0.00   70.59    0.00    0.00    3.53    0.00    0.00    0.00   24.71
23:46:51       3    0.00    0.00    0.00    0.00    0.00    0.00    0.00    0.00    0.00  100.00
